,total_counts,area,time,D (um^2/s),alpha (1/s)
0,429.99753484180087,443016,0.0,0.013,0.0083
1,429.5677046968674,442569,0.5,0.013,0.0083
2,429.5679169282947,442879,1.0,0.013,0.0083
3,429.5676865532645,443081,1.5,0.013,0.0083
4,429.5676637449643,443164,2.0,0.013,0.0083
5,429.5677294933466,443137,2.5,0.013,0.0083
6,429.5676348074276,443010,3.0,0.013,0.0083
7,429.5677784997221,442793,3.5,0.013,0.0083
8,429.56777652045423,442485,4.0,0.013,0.0083
9,429.5678750083192,442104,4.5,0.013,0.0083
10,429.56775519291307,441650,5.0,0.013,0.0083
11,429.56777813947093,441132,5.5,0.013,0.0083
12,429.56761685035804,440557,6.0,0.013,0.0083
13,429.5677748833329,439928,6.5,0.013,0.0083
14,429.56761554002344,439253,7.0,0.013,0.0083
15,429.56780470991407,438538,7.5,0.013,0.0083
16,429.56776419491575,437783,8.0,0.013,0.0083
17,429.5677953466343,436992,8.5,0.013,0.0083
18,429.56779683020534,436160,9.0,0.013,0.0083
19,429.5676289733375,435288,9.5,0.013,0.0083
20,429.5675950369754,434388,10.0,0.013,0.0083
21,429.567702434531,433468,10.5,0.013,0.0083
22,429.56754632639746,432518,11.0,0.013,0.0083
23,429.56767840985844,431539,11.5,0.013,0.0083
24,429.56768026234096,430535,12.0,0.013,0.0083
25,429.56774355672167,429519,12.5,0.013,0.0083
26,429.56768142213497,428481,13.0,0.013,0.0083
27,429.56758238315047,427416,13.5,0.013,0.0083
28,429.56760902780536,426339,14.0,0.013,0.0083
29,429.5677453805127,425253,14.5,0.013,0.0083
30,429.56776450234537,424143,15.0,0.013,0.0083
31,429.56778546711115,423017,15.5,0.013,0.0083
32,429.5675598637492,421887,16.0,0.013,0.0083
33,429.5677743157442,420739,16.5,0.013,0.0083
34,429.56753895420536,419569,17.0,0.013,0.0083
35,429.56761619995365,418397,17.5,0.013,0.0083
36,429.5676275539187,417211,18.0,0.013,0.0083
37,429.56762828905886,416011,18.5,0.013,0.0083
38,429.5677649419842,414813,19.0,0.013,0.0083
39,429.56764386411066,413604,19.5,0.013,0.0083
40,429.56758551531095,412374,20.0,0.013,0.0083
41,429.56772837395107,411146,20.5,0.013,0.0083
42,429.56768316494856,409907,21.0,0.013,0.0083
43,429.567689696168,408664,21.5,0.013,0.0083
44,429.5677648830994,407426,22.0,0.013,0.0083
45,429.56773294955605,406181,22.5,0.013,0.0083
46,429.56773580627373,404930,23.0,0.013,0.0083
47,429.567663998909,403669,23.5,0.013,0.0083
48,429.5676125379692,402399,24.0,0.013,0.0083
49,429.567610488643,401135,24.5,0.013,0.0083
50,429.5676560551615,399870,25.0,0.013,0.0083
51,429.5676672513911,398604,25.5,0.013,0.0083
52,429.56761328449335,397348,26.0,0.013,0.0083
53,429.5675779465182,396068,26.5,0.013,0.0083
54,429.56755830365574,394790,27.0,0.013,0.0083
55,429.5675883682409,393515,27.5,0.013,0.0083
56,429.56754864051845,392236,28.0,0.013,0.0083
57,429.567644751681,390967,28.5,0.013,0.0083
58,429.5676107300537,389699,29.0,0.013,0.0083
59,429.5677133560594,388428,29.5,0.013,0.0083
60,429.56761900487203,387151,30.0,0.013,0.0083
61,429.5675459169966,385870,30.5,0.013,0.0083
62,429.5676149457682,384597,31.0,0.013,0.0083
63,429.5676957583698,383327,31.5,0.013,0.0083
64,429.5676971369946,382059,32.0,0.013,0.0083
65,429.5677085210236,380802,32.5,0.013,0.0083
66,429.5675910712293,379529,33.0,0.013,0.0083
67,429.5676505859652,378260,33.5,0.013,0.0083
68,429.5677375508845,376995,34.0,0.013,0.0083
69,429.56773628868,375730,34.5,0.013,0.0083
70,429.56754233867605,374474,35.0,0.013,0.0083
71,429.56763516959967,373222,35.5,0.013,0.0083
72,429.5677552767333,371973,36.0,0.013,0.0083
73,429.567668491537,370718,36.5,0.013,0.0083
74,429.56771404069997,369463,37.0,0.013,0.0083
75,429.56767179261004,368216,37.5,0.013,0.0083
76,429.5676232924051,366972,38.0,0.013,0.0083
77,429.56754353022484,365734,38.5,0.013,0.0083
78,429.56757182290767,364506,39.0,0.013,0.0083
79,429.56760146496975,363269,39.5,0.013,0.0083
80,429.56768932796786,362036,40.0,0.013,0.0083
81,429.99768285563135,443016,0.0,0.007,0.0083
82,429.5678712900782,440719,0.5,0.007,0.0083
83,429.5681514079262,439244,1.0,0.007,0.0083
84,429.56778059026396,437739,1.5,0.007,0.0083
85,429.56775131514866,436226,2.0,0.007,0.0083
86,429.5678470215525,434683,2.5,0.007,0.0083
87,429.5680537718087,433139,3.0,0.007,0.0083
88,429.5679326822345,431552,3.5,0.007,0.0083
89,429.5679921851122,429959,4.0,0.007,0.0083
90,429.56774489764854,428322,4.5,0.007,0.0083
91,429.56770411031107,426690,5.0,0.007,0.0083
92,429.5680654190633,425025,5.5,0.007,0.0083
93,429.56804160197214,423361,6.0,0.007,0.0083
94,429.5677524609924,421681,6.5,0.007,0.0083
95,429.5677435618925,419977,7.0,0.007,0.0083
96,429.56799122626165,418295,7.5,0.007,0.0083
97,429.56792376265463,416576,8.0,0.007,0.0083
98,429.56791303368385,414864,8.5,0.007,0.0083
99,429.5677694507861,413146,9.0,0.007,0.0083
100,429.56789472644886,411407,9.5,0.007,0.0083
101,429.56793007285916,409690,10.0,0.007,0.0083
102,429.56794112905015,407947,10.5,0.007,0.0083
103,429.56771869426046,406204,11.0,0.007,0.0083
104,429.5678220094067,404471,11.5,0.007,0.0083
105,429.5679931199344,402718,12.0,0.007,0.0083
106,429.56797873251895,400981,12.5,0.007,0.0083
107,429.56776632506427,399218,13.0,0.007,0.0083
108,429.5677378486821,397440,13.5,0.007,0.0083
109,429.5678891862125,395678,14.0,0.007,0.0083
110,429.56800404556634,393913,14.5,0.007,0.0083
111,429.56770221002085,392151,15.0,0.007,0.0083
112,429.56787868351927,390382,15.5,0.007,0.0083
113,429.5677712417507,388603,16.0,0.007,0.0083
114,429.5678369641303,386833,16.5,0.007,0.0083
115,429.5677162149586,385087,17.0,0.007,0.0083
116,429.56769383497317,383348,17.5,0.007,0.0083
117,429.567750433376,381593,18.0,0.007,0.0083
118,429.5678104779901,379839,18.5,0.007,0.0083
119,429.56793329538624,378085,19.0,0.007,0.0083
120,429.56777232917005,376354,19.5,0.007,0.0083
121,429.56791259330925,374641,20.0,0.007,0.0083
122,429.5678508199023,372907,20.5,0.007,0.0083
123,429.5677641625663,371179,21.0,0.007,0.0083
124,429.5679305314962,369456,21.5,0.007,0.0083
125,429.5678160192785,367741,22.0,0.007,0.0083
126,429.5677399351024,366055,22.5,0.007,0.0083
127,429.5677758817461,364356,23.0,0.007,0.0083
128,429.56784620388333,362650,23.5,0.007,0.0083
129,429.56776072389175,360961,24.0,0.007,0.0083
130,429.56777340354506,359275,24.5,0.007,0.0083
131,429.56778494135256,357612,25.0,0.007,0.0083
132,429.567924151554,355952,25.5,0.007,0.0083
133,429.5678046394013,354274,26.0,0.007,0.0083
134,429.56794505146337,352617,26.5,0.007,0.0083
135,429.5679556734665,350966,27.0,0.007,0.0083
136,429.56786959172996,349327,27.5,0.007,0.0083
137,429.5677118314991,347704,28.0,0.007,0.0083
138,429.5678172148396,346062,28.5,0.007,0.0083
139,429.56779028505576,344434,29.0,0.007,0.0083
140,429.56784051564205,342820,29.5,0.007,0.0083
141,429.5678030205958,341212,30.0,0.007,0.0083
142,429.56795516651385,339625,30.5,0.007,0.0083
143,429.5678373034468,338020,31.0,0.007,0.0083
144,429.5678844335949,336424,31.5,0.007,0.0083
145,429.5677746136642,334846,32.0,0.007,0.0083
146,429.5678994980944,333273,32.5,0.007,0.0083
147,429.56788330046936,331720,33.0,0.007,0.0083
148,429.5677061017422,330153,33.5,0.007,0.0083
149,429.56771930633414,328592,34.0,0.007,0.0083
150,429.56769400806104,327050,34.5,0.007,0.0083
151,429.5679097987072,325513,35.0,0.007,0.0083
152,429.5678927391583,323995,35.5,0.007,0.0083
153,429.5678334465875,322467,36.0,0.007,0.0083
154,429.56789649416544,320943,36.5,0.007,0.0083
155,429.5678527625048,319437,37.0,0.007,0.0083
156,429.5677764904298,317935,37.5,0.007,0.0083
157,429.5677225854864,316452,38.0,0.007,0.0083
158,429.5678893033072,314964,38.5,0.007,0.0083
159,429.56772680381357,313477,39.0,0.007,0.0083
160,429.567831569178,312008,39.5,0.007,0.0083
161,429.56776182667403,310542,40.0,0.007,0.0083
162,429.99778153201635,443016,0.0,0.003,0.0083
163,429.5678702284398,439476,0.5,0.003,0.0083
164,429.5679277774697,436776,1.0,0.003,0.0083
165,429.56819586357534,434093,1.5,0.003,0.0083
166,429.5681900514763,431428,2.0,0.003,0.0083
167,429.5680711625297,428779,2.5,0.003,0.0083
168,429.56779222460784,426134,3.0,0.003,0.0083
169,429.567871158878,423504,3.5,0.003,0.0083
170,429.56779288805404,420892,4.0,0.003,0.0083
171,429.5681439045583,418287,4.5,0.003,0.0083
172,429.5678592708825,415710,5.0,0.003,0.0083
173,429.568218691675,413140,5.5,0.003,0.0083
174,429.5679416736907,410585,6.0,0.003,0.0083
175,429.568079353006,408056,6.5,0.003,0.0083
176,429.567865097239,405526,7.0,0.003,0.0083
177,429.567857684408,403023,7.5,0.003,0.0083
178,429.5681811262729,400532,8.0,0.003,0.0083
179,429.5680821558606,398053,8.5,0.003,0.0083
180,429.5682038096131,395603,9.0,0.003,0.0083
181,429.5682117969866,393152,9.5,0.003,0.0083
182,429.5682036896262,390725,10.0,0.003,0.0083
183,429.56810612345214,388312,10.5,0.003,0.0083
184,429.5679170184271,385907,11.0,0.003,0.0083
185,429.567797664316,383528,11.5,0.003,0.0083
186,429.5680618028515,381150,12.0,0.003,0.0083
187,429.56782177897986,378791,12.5,0.003,0.0083
188,429.56809305755775,376450,13.0,0.003,0.0083
189,429.5679663825907,374114,13.5,0.003,0.0083
190,429.56786244240266,371801,14.0,0.003,0.0083
191,429.56813085242123,369494,14.5,0.003,0.0083
192,429.56811065335404,367202,15.0,0.003,0.0083
193,429.56808144665933,364929,15.5,0.003,0.0083
194,429.5678260679684,362663,16.0,0.003,0.0083
195,429.568134746157,360424,16.5,0.003,0.0083
196,429.5679438518276,358194,17.0,0.003,0.0083
197,429.5679984177243,355977,17.5,0.003,0.0083
198,429.5680087454307,353779,18.0,0.003,0.0083
199,429.5678412565974,351584,18.5,0.003,0.0083
200,429.568185157626,349409,19.0,0.003,0.0083
201,429.56815182223846,347244,19.5,0.003,0.0083
202,429.5681866622597,345089,20.0,0.003,0.0083
203,429.5678388545379,342954,20.5,0.003,0.0083
204,429.56791146512796,340828,21.0,0.003,0.0083
205,429.5680647692276,338725,21.5,0.003,0.0083
206,429.56781766807546,336634,22.0,0.003,0.0083
207,429.5681454759739,334552,22.5,0.003,0.0083
208,429.5680625763957,332487,23.0,0.003,0.0083
209,429.5677845583831,330426,23.5,0.003,0.0083
210,429.567784699354,328380,24.0,0.003,0.0083
211,429.5680422617747,326347,24.5,0.003,0.0083
212,429.56816705277583,324315,25.0,0.003,0.0083
213,429.56805313251135,322296,25.5,0.003,0.0083
214,429.5681878137382,320291,26.0,0.003,0.0083
215,429.5679569290589,318302,26.5,0.003,0.0083
216,429.56778434285764,316326,27.0,0.003,0.0083
217,429.56813035799144,314346,27.5,0.003,0.0083
218,429.56789501452505,312384,28.0,0.003,0.0083
219,429.56788024178366,310450,28.5,0.003,0.0083
220,429.5679166918336,308542,29.0,0.003,0.0083
221,429.56816123445617,306633,29.5,0.003,0.0083
222,429.5681450697647,304724,30.0,0.003,0.0083
223,429.56785370872706,302830,30.5,0.003,0.0083
224,429.5678870408534,300958,31.0,0.003,0.0083
225,429.5680763551109,299116,31.5,0.003,0.0083
226,429.56784853882976,297262,32.0,0.003,0.0083
227,429.5681366824154,295422,32.5,0.003,0.0083
228,429.5679648384548,293596,33.0,0.003,0.0083
229,429.567991063596,291789,33.5,0.003,0.0083
230,429.5680753858869,289997,34.0,0.003,0.0083
231,429.5678281800694,288208,34.5,0.003,0.0083
232,429.56817060150564,286433,35.0,0.003,0.0083
233,429.56781038995666,284671,35.5,0.003,0.0083
234,429.56783786646525,282928,36.0,0.003,0.0083
235,429.5678893362186,281188,36.5,0.003,0.0083
236,429.5680880160387,279462,37.0,0.003,0.0083
237,429.56778999849263,277747,37.5,0.003,0.0083
238,429.56788053236073,276047,38.0,0.003,0.0083
239,429.5680069968784,274362,38.5,0.003,0.0083
240,429.5678209841151,272680,39.0,0.003,0.0083
241,429.5678759751602,271012,39.5,0.003,0.0083
242,429.56809646322307,269356,40.0,0.003,0.0083
243,429.9971401428753,443016,0.0,0.029,0.0083
244,429.5675727669868,447445,0.5,0.029,0.0083
245,429.56738730184117,452154,1.0,0.029,0.0083
246,429.5672494856761,456320,1.5,0.029,0.0083
247,429.5672600857372,460003,2.0,0.029,0.0083
248,429.5672949572844,463321,2.5,0.029,0.0083
249,429.5673271292328,466315,3.0,0.029,0.0083
250,429.5672663764207,469023,3.5,0.029,0.0083
251,429.5672625871472,471477,4.0,0.029,0.0083
252,429.5673889377155,473712,4.5,0.029,0.0083
253,429.5671919399444,475740,5.0,0.029,0.0083
254,429.5673003473385,477591,5.5,0.029,0.0083
255,429.5671961584542,479291,6.0,0.029,0.0083
256,429.5673221359314,480815,6.5,0.029,0.0083
257,429.5673576688632,482200,7.0,0.029,0.0083
258,429.5672419541826,483433,7.5,0.029,0.0083
259,429.56735126098755,484518,8.0,0.029,0.0083
260,429.5672480886583,485481,8.5,0.029,0.0083
261,429.5672991666237,486313,9.0,0.029,0.0083
262,429.5671789060986,487038,9.5,0.029,0.0083
263,429.5672165043657,487655,10.0,0.029,0.0083
264,429.5672313587134,488164,10.5,0.029,0.0083
265,429.56716508863536,488593,11.0,0.029,0.0083
266,429.5673374860581,488923,11.5,0.029,0.0083
267,429.5672312416242,489197,12.0,0.029,0.0083
268,429.5672601956075,489403,12.5,0.029,0.0083
269,429.5671756956276,489542,13.0,0.029,0.0083
270,429.56727408434404,489614,13.5,0.029,0.0083
271,429.5671602063219,489611,14.0,0.029,0.0083
272,429.5672936999409,489571,14.5,0.029,0.0083
273,429.5672564569393,489487,15.0,0.029,0.0083
274,429.5673265575383,489346,15.5,0.029,0.0083
275,429.5672403590826,489148,16.0,0.029,0.0083
276,429.56728715571626,488897,16.5,0.029,0.0083
277,429.56719635684436,488623,17.0,0.029,0.0083
278,429.5673098964915,488325,17.5,0.029,0.0083
279,429.5673051409731,487987,18.0,0.029,0.0083
280,429.5672125342132,487610,18.5,0.029,0.0083
281,429.5672241458343,487196,19.0,0.029,0.0083
282,429.56730577709146,486765,19.5,0.029,0.0083
283,429.5671749627132,486317,20.0,0.029,0.0083
284,429.56715285520283,485844,20.5,0.029,0.0083
285,429.5671990132087,485346,21.0,0.029,0.0083
286,429.5672967783205,484823,21.5,0.029,0.0083
287,429.5672988514077,484286,22.0,0.029,0.0083
288,429.5672250367532,483738,22.5,0.029,0.0083
289,429.56730025625257,483173,23.0,0.029,0.0083
290,429.56726545343105,482590,23.5,0.029,0.0083
291,429.56727936631694,481990,24.0,0.029,0.0083
292,429.5671568751354,481379,24.5,0.029,0.0083
293,429.56719614908485,480762,25.0,0.029,0.0083
294,429.5672313031552,480133,25.5,0.029,0.0083
295,429.56723183600167,479492,26.0,0.029,0.0083
296,429.5671468467914,478839,26.5,0.029,0.0083
297,429.56719050295305,478180,27.0,0.029,0.0083
298,429.5672243635482,477518,27.5,0.029,0.0083
299,429.56714751011884,476848,28.0,0.029,0.0083
300,429.5672915908588,476172,28.5,0.029,0.0083
301,429.5672804909095,475488,29.0,0.029,0.0083
302,429.5672360136379,474797,29.5,0.029,0.0083
303,429.5673155227099,474100,30.0,0.029,0.0083
304,429.56730827015855,473396,30.5,0.029,0.0083
305,429.56722138658546,472688,31.0,0.029,0.0083
306,429.5672871834806,471979,31.5,0.029,0.0083
307,429.56727438759145,471265,32.0,0.029,0.0083
308,429.56716795195103,470546,32.5,0.029,0.0083
309,429.5672740081266,469824,33.0,0.029,0.0083
310,429.56721052375474,469097,33.5,0.029,0.0083
311,429.5672936086139,468367,34.0,0.029,0.0083
312,429.56730383162744,467633,34.5,0.029,0.0083
313,429.5672230592271,466897,35.0,0.029,0.0083
314,429.5671860367642,466161,35.5,0.029,0.0083
315,429.5671615727785,465423,36.0,0.029,0.0083
316,429.5672851200866,464684,36.5,0.029,0.0083
317,429.56718052110756,463942,37.0,0.029,0.0083
318,429.5671588241889,463199,37.5,0.029,0.0083
319,429.5671848297919,462455,38.0,0.029,0.0083
320,429.5672226476639,461710,38.5,0.029,0.0083
321,429.5671736809975,460964,39.0,0.029,0.0083
322,429.56715643503355,460218,39.5,0.029,0.0083
323,429.5672130994991,459472,40.0,0.029,0.0083
324,429.9974361664295,443016,0.0,0.017,0.0083
325,429.56763539757486,443813,0.5,0.017,0.0083
326,429.56784672164144,445260,1.0,0.017,0.0083
327,429.56748351100424,446520,1.5,0.017,0.0083
328,429.5676782809685,447583,2.0,0.017,0.0083
329,429.5675802636297,448473,2.5,0.017,0.0083
330,429.5674449852528,449188,3.0,0.017,0.0083
331,429.56769283102693,449773,3.5,0.017,0.0083
332,429.56776062772366,450217,4.0,0.017,0.0083
333,429.5675410376147,450550,4.5,0.017,0.0083
334,429.56745469609757,450803,5.0,0.017,0.0083
335,429.56766174794217,450963,5.5,0.017,0.0083
336,429.56771557202796,451032,6.0,0.017,0.0083
337,429.56763024170743,451025,6.5,0.017,0.0083
338,429.56767069802066,450935,7.0,0.017,0.0083
339,429.5676134370586,450794,7.5,0.017,0.0083
340,429.5674769346241,450584,8.0,0.017,0.0083
341,429.5675600694262,450319,8.5,0.017,0.0083
342,429.56763243879493,450001,9.0,0.017,0.0083
343,429.56766136828446,449629,9.5,0.017,0.0083
344,429.5674563958121,449214,10.0,0.017,0.0083
345,429.5675484330018,448752,10.5,0.017,0.0083
346,429.5675202340005,448258,11.0,0.017,0.0083
347,429.56750398811863,447727,11.5,0.017,0.0083
348,429.5676446377688,447159,12.0,0.017,0.0083
349,429.56752800042887,446553,12.5,0.017,0.0083
350,429.56753326146,445914,13.0,0.017,0.0083
351,429.5675234863189,445251,13.5,0.017,0.0083
352,429.5676057811085,444558,14.0,0.017,0.0083
353,429.5676266532868,443835,14.5,0.017,0.0083
354,429.5675007392412,443082,15.0,0.017,0.0083
355,429.5674466133844,442305,15.5,0.017,0.0083
356,429.5674413708053,441508,16.0,0.017,0.0083
357,429.56755447334723,440687,16.5,0.017,0.0083
358,429.56746770867966,439843,17.0,0.017,0.0083
359,429.5675072636676,438981,17.5,0.017,0.0083
360,429.5674437520499,438104,18.0,0.017,0.0083
361,429.56760770489535,437212,18.5,0.017,0.0083
362,429.5676362076979,436301,19.0,0.017,0.0083
363,429.56747023256884,435371,19.5,0.017,0.0083
364,429.56758063119895,434429,20.0,0.017,0.0083
365,429.56757617357084,433477,20.5,0.017,0.0083
366,429.5674965244326,432513,21.0,0.017,0.0083
367,429.5674932011253,431536,21.5,0.017,0.0083
368,429.56758279258736,430546,22.0,0.017,0.0083
369,429.5675143303883,429547,22.5,0.017,0.0083
370,429.5675200509645,428541,23.0,0.017,0.0083
371,429.5674568993727,427526,23.5,0.017,0.0083
372,429.5675216013079,426501,24.0,0.017,0.0083
373,429.567553259641,425468,24.5,0.017,0.0083
374,429.5674572707253,424430,25.0,0.017,0.0083
375,429.56763974558214,423387,25.5,0.017,0.0083
376,429.5675836058051,422335,26.0,0.017,0.0083
377,429.56748852825825,421276,26.5,0.017,0.0083
378,429.5675040884784,420216,27.0,0.017,0.0083
379,429.5674658209781,419150,27.5,0.017,0.0083
380,429.56762325352236,418077,28.0,0.017,0.0083
381,429.56758652865534,416997,28.5,0.017,0.0083
382,429.56758627064914,415916,29.0,0.017,0.0083
383,429.5676087649605,414833,29.5,0.017,0.0083
384,429.5675764094011,413745,30.0,0.017,0.0083
385,429.56760472238915,412655,30.5,0.017,0.0083
386,429.5675413778612,411566,31.0,0.017,0.0083
387,429.5675990677,410472,31.5,0.017,0.0083
388,429.56756309021006,409371,32.0,0.017,0.0083
389,429.56759752801975,408270,32.5,0.017,0.0083
390,429.567581143484,407170,33.0,0.017,0.0083
391,429.5674449635614,406069,33.5,0.017,0.0083
392,429.56759349856145,404968,34.0,0.017,0.0083
393,429.56746663209805,403869,34.5,0.017,0.0083
394,429.5674514140356,402774,35.0,0.017,0.0083
395,429.5675745792302,401672,35.5,0.017,0.0083
396,429.5675780355374,400566,36.0,0.017,0.0083
397,429.56747875997314,399462,36.5,0.017,0.0083
398,429.56746720088745,398360,37.0,0.017,0.0083
399,429.5674918804994,397258,37.5,0.017,0.0083
400,429.56751551041447,396160,38.0,0.017,0.0083
401,429.5674787474392,395066,38.5,0.017,0.0083
402,429.56748441461514,393975,39.0,0.017,0.0083
403,429.56747034528837,392878,39.5,0.017,0.0083
404,429.567463060802,391781,40.0,0.017,0.0083
405,429.99738682890137,443016,0.0,0.019,0.0083
406,429.5676780414622,444424,0.5,0.019,0.0083
407,429.5675119495611,446445,1.0,0.019,0.0083
408,429.56754746335434,448206,1.5,0.019,0.0083
409,429.5676336153296,449732,2.0,0.019,0.0083
410,429.5675104563161,451052,2.5,0.019,0.0083
411,429.56767529891636,452177,3.0,0.019,0.0083
412,429.56748230394163,453125,3.5,0.019,0.0083
413,429.5675358932992,453938,4.0,0.019,0.0083
414,429.56745681576257,454631,4.5,0.019,0.0083
415,429.56749561960726,455201,5.0,0.019,0.0083
416,429.56751338486225,455683,5.5,0.019,0.0083
417,429.5676402726801,456043,6.0,0.019,0.0083
418,429.5674334242505,456318,6.5,0.019,0.0083
419,429.5674282493979,456515,7.0,0.019,0.0083
420,429.56762414330404,456633,7.5,0.019,0.0083
421,429.5674768165948,456673,8.0,0.019,0.0083
422,429.56744681191697,456646,8.5,0.019,0.0083
423,429.5674130215263,456560,9.0,0.019,0.0083
424,429.5675188795639,456423,9.5,0.019,0.0083
425,429.56753030668654,456241,10.0,0.019,0.0083
426,429.56754407320784,456005,10.5,0.019,0.0083
427,429.5675711161199,455715,11.0,0.019,0.0083
428,429.5676134667063,455379,11.5,0.019,0.0083
429,429.5674648055045,455005,12.0,0.019,0.0083
430,429.56752660669787,454586,12.5,0.019,0.0083
431,429.5675219414092,454121,13.0,0.019,0.0083
432,429.5674421506571,453616,13.5,0.019,0.0083
433,429.56741117036233,453087,14.0,0.019,0.0083
434,429.56755821928596,452523,14.5,0.019,0.0083
435,429.5675610290733,451923,15.0,0.019,0.0083
436,429.56740344690445,451289,15.5,0.019,0.0083
437,429.5674371832403,450637,16.0,0.019,0.0083
438,429.5674634513996,449957,16.5,0.019,0.0083
439,429.56739492633363,449249,17.0,0.019,0.0083
440,429.5674980909694,448515,17.5,0.019,0.0083
441,429.56755345918884,447766,18.0,0.019,0.0083
442,429.5674347377152,446996,18.5,0.019,0.0083
443,429.56754288850533,446207,19.0,0.019,0.0083
444,429.5675319797465,445398,19.5,0.019,0.0083
445,429.56749836157474,444575,20.0,0.019,0.0083
446,429.5674479027026,443736,20.5,0.019,0.0083
447,429.5675833808866,442881,21.0,0.019,0.0083
448,429.56755940408846,442009,21.5,0.019,0.0083
449,429.5675334006272,441127,22.0,0.019,0.0083
450,429.5674226485264,440235,22.5,0.019,0.0083
451,429.56748086305237,439333,23.0,0.019,0.0083
452,429.56755309926535,438420,23.5,0.019,0.0083
453,429.5675372575261,437495,24.0,0.019,0.0083
454,429.5674766017479,436558,24.5,0.019,0.0083
455,429.5675817456757,435613,25.0,0.019,0.0083
456,429.5675375111627,434660,25.5,0.019,0.0083
457,429.56745762946997,433700,26.0,0.019,0.0083
458,429.56748558538885,432733,26.5,0.019,0.0083
459,429.56746639508015,431757,27.0,0.019,0.0083
460,429.56750515820556,430774,27.5,0.019,0.0083
461,429.5674473219456,429786,28.0,0.019,0.0083
462,429.56744308196755,428794,28.5,0.019,0.0083
463,429.567543982958,427798,29.0,0.019,0.0083
464,429.5675148865532,426796,29.5,0.019,0.0083
465,429.5674754125933,425788,30.0,0.019,0.0083
466,429.56754644438917,424777,30.5,0.019,0.0083
467,429.56753479916335,423763,31.0,0.019,0.0083
468,429.56755256839796,422746,31.5,0.019,0.0083
469,429.56757668984983,421725,32.0,0.019,0.0083
470,429.56740969835215,420702,32.5,0.019,0.0083
471,429.56742084201386,419680,33.0,0.019,0.0083
472,429.56742965164176,418658,33.5,0.019,0.0083
473,429.5675165721742,417631,34.0,0.019,0.0083
474,429.56746555656053,416599,34.5,0.019,0.0083
475,429.56752045578924,415568,35.0,0.019,0.0083
476,429.5675134098614,414537,35.5,0.019,0.0083
477,429.56755744496127,413506,36.0,0.019,0.0083
478,429.56754124114565,412474,36.5,0.019,0.0083
479,429.5674940576899,411444,37.0,0.019,0.0083
480,429.567501433408,410417,37.5,0.019,0.0083
481,429.56741909962034,409386,38.0,0.019,0.0083
482,429.5674447836144,408352,38.5,0.019,0.0083
483,429.56740547878854,407319,39.0,0.019,0.0083
484,429.5675319792043,406289,39.5,0.019,0.0083
485,429.5674830288067,405260,40.0,0.019,0.0083
486,429.99718947986224,443016,0.0,0.027,0.0083
487,429.567595494882,446853,0.5,0.027,0.0083
488,429.56750633278233,451036,1.0,0.027,0.0083
489,429.5675132780525,454734,1.5,0.027,0.0083
490,429.56736750746467,458013,2.0,0.027,0.0083
491,429.56728671133783,460935,2.5,0.027,0.0083
492,429.56745042819375,463572,3.0,0.027,0.0083
493,429.5673728475367,465966,3.5,0.027,0.0083
494,429.56736082929484,468114,4.0,0.027,0.0083
495,429.56745060702605,470051,4.5,0.027,0.0083
496,429.5674178504903,471809,5.0,0.027,0.0083
497,429.5673577825581,473405,5.5,0.027,0.0083
498,429.5673939842198,474852,6.0,0.027,0.0083
499,429.5673658532185,476169,6.5,0.027,0.0083
500,429.56739411961297,477336,7.0,0.027,0.0083
501,429.5673460891338,478395,7.5,0.027,0.0083
502,429.56731327697264,479322,8.0,0.027,0.0083
503,429.5672241984345,480111,8.5,0.027,0.0083
504,429.5673334197038,480822,9.0,0.027,0.0083
505,429.5673323789105,481414,9.5,0.027,0.0083
506,429.56734869404494,481904,10.0,0.027,0.0083
507,429.56722764592035,482318,10.5,0.027,0.0083
508,429.5673493218347,482635,11.0,0.027,0.0083
509,429.5672127192719,482879,11.5,0.027,0.0083
510,429.56728853540716,483051,12.0,0.027,0.0083
511,429.5672083126304,483145,12.5,0.027,0.0083
512,429.5672124419551,483187,13.0,0.027,0.0083
513,429.5673203445467,483167,13.5,0.027,0.0083
514,429.5673077382206,483082,14.0,0.027,0.0083
515,429.5673041949416,482969,14.5,0.027,0.0083
516,429.5672666462553,482813,15.0,0.027,0.0083
517,429.56734925466765,482611,15.5,0.027,0.0083
518,429.56728783775424,482361,16.0,0.027,0.0083
519,429.567295832287,482066,16.5,0.027,0.0083
520,429.56734819244366,481742,17.0,0.027,0.0083
521,429.56719696424733,481392,17.5,0.027,0.0083
522,429.56725208134975,481008,18.0,0.027,0.0083
523,429.56719888985657,480588,18.5,0.027,0.0083
524,429.5673291489863,480133,19.0,0.027,0.0083
525,429.5673555082513,479644,19.5,0.027,0.0083
526,429.56730719765284,479151,20.0,0.027,0.0083
527,429.5673762934113,478634,20.5,0.027,0.0083
528,429.56733754249365,478092,21.0,0.027,0.0083
529,429.5673087483133,477526,21.5,0.027,0.0083
530,429.56724019195906,476936,22.0,0.027,0.0083
531,429.56727898215735,476335,22.5,0.027,0.0083
532,429.5673674806847,475725,23.0,0.027,0.0083
533,429.5673647903196,475098,23.5,0.027,0.0083
534,429.56720660856934,474454,24.0,0.027,0.0083
535,429.5672284766729,473795,24.5,0.027,0.0083
536,429.5673594594858,473122,25.0,0.027,0.0083
537,429.56732958933344,472446,25.5,0.027,0.0083
538,429.56732748189387,471759,26.0,0.027,0.0083
539,429.5672785717281,471061,26.5,0.027,0.0083
540,429.56734297642225,470353,27.0,0.027,0.0083
541,429.56728633630877,469634,27.5,0.027,0.0083
542,429.56728141460604,468910,28.0,0.027,0.0083
543,429.56723644061236,468181,28.5,0.027,0.0083
544,429.56721422055216,467445,29.0,0.027,0.0083
545,429.5673623409807,466703,29.5,0.027,0.0083
546,429.5672798771278,465953,30.0,0.027,0.0083
547,429.56736562615606,465198,30.5,0.027,0.0083
548,429.5672837444215,464441,31.0,0.027,0.0083
549,429.5672949670557,463680,31.5,0.027,0.0083
550,429.5673649577925,462915,32.0,0.027,0.0083
551,429.5672600260098,462145,32.5,0.027,0.0083
552,429.5672688562344,461372,33.0,0.027,0.0083
553,429.56719924463476,460595,33.5,0.027,0.0083
554,429.5673330806424,459816,34.0,0.027,0.0083
555,429.56724847809835,459033,34.5,0.027,0.0083
556,429.56735299143213,458250,35.0,0.027,0.0083
557,429.5673159471104,457464,35.5,0.027,0.0083
558,429.5672807350922,456676,36.0,0.027,0.0083
559,429.5672199267603,455886,36.5,0.027,0.0083
560,429.5672703695711,455095,37.0,0.027,0.0083
561,429.5672111214594,454302,37.5,0.027,0.0083
562,429.56735963722844,453509,38.0,0.027,0.0083
563,429.5673448539343,452714,38.5,0.027,0.0083
564,429.56728260351264,451918,39.0,0.027,0.0083
565,429.56729890244395,451122,39.5,0.027,0.0083
566,429.56734862116366,450326,40.0,0.027,0.0083
567,429.99728815416546,443016,0.0,0.023,0.0083
568,429.5676444476901,445637,0.5,0.023,0.0083
569,429.56755651945286,448762,1.0,0.023,0.0083
570,429.5674432518261,451515,1.5,0.023,0.0083
571,429.56757323958595,453938,2.0,0.023,0.0083
572,429.56741840616513,456074,2.5,0.023,0.0083
573,429.5674730771388,457974,3.0,0.023,0.0083
574,429.5674161127635,459679,3.5,0.023,0.0083
575,429.5673889565981,461196,4.0,0.023,0.0083
576,429.5675608514572,462520,4.5,0.023,0.0083
577,429.567520199781,463722,5.0,0.023,0.0083
578,429.56751808434575,464764,5.5,0.023,0.0083
579,429.56744876601135,465685,6.0,0.023,0.0083
580,429.5674602566242,466496,6.5,0.023,0.0083
581,429.56742655282255,467193,7.0,0.023,0.0083
582,429.5673010946116,467815,7.5,0.023,0.0083
583,429.5674424360591,468347,8.0,0.023,0.0083
584,429.5673745676915,468772,8.5,0.023,0.0083
585,429.5673671771016,469138,9.0,0.023,0.0083
586,429.56740778883557,469416,9.5,0.023,0.0083
587,429.56733450950435,469602,10.0,0.023,0.0083
588,429.56744656443544,469727,10.5,0.023,0.0083
589,429.5673720334537,469794,11.0,0.023,0.0083
590,429.56731327539717,469785,11.5,0.023,0.0083
591,429.5673681288174,469710,12.0,0.023,0.0083
592,429.56745807415814,469597,12.5,0.023,0.0083
593,429.56739682836303,469428,13.0,0.023,0.0083
594,429.5673666430706,469200,13.5,0.023,0.0083
595,429.5674251256684,468936,14.0,0.023,0.0083
596,429.5673088461931,468626,14.5,0.023,0.0083
597,429.56745302445995,468271,15.0,0.023,0.0083
598,429.5674498353393,467880,15.5,0.023,0.0083
599,429.5673422328168,467457,16.0,0.023,0.0083
600,429.56736497214655,466998,16.5,0.023,0.0083
601,429.5674274257719,466508,17.0,0.023,0.0083
602,429.56741780674093,466001,17.5,0.023,0.0083
603,429.56746305891,465468,18.0,0.023,0.0083
604,429.5673319243151,464908,18.5,0.023,0.0083
605,429.5673805866771,464323,19.0,0.023,0.0083
606,429.56734565320994,463712,19.5,0.023,0.0083
607,429.56735782007644,463076,20.0,0.023,0.0083
608,429.56747551824907,462427,20.5,0.023,0.0083
609,429.56745793102556,461762,21.0,0.023,0.0083
610,429.56739744216486,461077,21.5,0.023,0.0083
611,429.56741720495006,460373,22.0,0.023,0.0083
612,429.56742431548656,459650,22.5,0.023,0.0083
613,429.56735741190306,458908,23.0,0.023,0.0083
614,429.56731470738634,458149,23.5,0.023,0.0083
615,429.5673676787743,457390,24.0,0.023,0.0083
616,429.56742914036334,456618,24.5,0.023,0.0083
617,429.5674252723899,455833,25.0,0.023,0.0083
618,429.5673178847708,455035,25.5,0.023,0.0083
619,429.56741545281733,454226,26.0,0.023,0.0083
620,429.56730754377327,453404,26.5,0.023,0.0083
621,429.5674075244356,452576,27.0,0.023,0.0083
622,429.5673888645978,451744,27.5,0.023,0.0083
623,429.5674676964434,450905,28.0,0.023,0.0083
624,429.5674210971933,450058,28.5,0.023,0.0083
625,429.56737181707985,449204,29.0,0.023,0.0083
626,429.5674417452904,448344,29.5,0.023,0.0083
627,429.56740883319446,447477,30.0,0.023,0.0083
628,429.5673484264175,446607,30.5,0.023,0.0083
629,429.5674043134329,445733,31.0,0.023,0.0083
630,429.5673483137638,444854,31.5,0.023,0.0083
631,429.5673986739576,443972,32.0,0.023,0.0083
632,429.56734307441974,443086,32.5,0.023,0.0083
633,429.5674687964565,442198,33.0,0.023,0.0083
634,429.5673803302124,441306,33.5,0.023,0.0083
635,429.5673243649342,440412,34.0,0.023,0.0083
636,429.5674174463971,439516,34.5,0.023,0.0083
637,429.56736791961913,438617,35.0,0.023,0.0083
638,429.56734840226045,437717,35.5,0.023,0.0083
639,429.56731978899586,436816,36.0,0.023,0.0083
640,429.56741689748145,435915,36.5,0.023,0.0083
641,429.5674619411745,435012,37.0,0.023,0.0083
642,429.5672953702151,434106,37.5,0.023,0.0083
643,429.5673483261034,433200,38.0,0.023,0.0083
644,429.56745208968255,432294,38.5,0.023,0.0083
645,429.5673155973294,431387,39.0,0.023,0.0083
646,429.5672931808281,430481,39.5,0.023,0.0083
647,429.5673175280263,429576,40.0,0.023,0.0083
648,429.997633517586,443016,0.0,0.009,0.0083
649,429.5679876180612,441346,0.5,0.009,0.0083
650,429.5676647825819,440460,1.0,0.009,0.0083
651,429.5678896194322,439535,1.5,0.009,0.0083
652,429.56783510215695,438578,2.0,0.009,0.0083
653,429.56796065838023,437565,2.5,0.009,0.0083
654,429.567653581056,436499,3.0,0.009,0.0083
655,429.56794265516714,435412,3.5,0.009,0.0083
656,429.5679316634626,434262,4.0,0.009,0.0083
657,429.5679601538419,433074,4.5,0.009,0.0083
658,429.5679078507976,431861,5.0,0.009,0.0083
659,429.56791144381407,430599,5.5,0.009,0.0083
660,429.5676883695244,429331,6.0,0.009,0.0083
661,429.56780257145357,428021,6.5,0.009,0.0083
662,429.5677758022744,426693,7.0,0.009,0.0083
663,429.5679606163417,425346,7.5,0.009,0.0083
664,429.56770550782807,423966,8.0,0.009,0.0083
665,429.5677788164991,422589,8.5,0.009,0.0083
666,429.5678320056551,421172,9.0,0.009,0.0083
667,429.56789645339256,419765,9.5,0.009,0.0083
668,429.5678240287574,418320,10.0,0.009,0.0083
669,429.5678507246892,416882,10.5,0.009,0.0083
670,429.56784974242885,415415,11.0,0.009,0.0083
671,429.567918102307,413940,11.5,0.009,0.0083
672,429.56780660054585,412440,12.0,0.009,0.0083
673,429.5679050045955,410946,12.5,0.009,0.0083
674,429.5678274595896,409436,13.0,0.009,0.0083
675,429.5678141077049,407926,13.5,0.009,0.0083
676,429.567848222135,406388,14.0,0.009,0.0083
677,429.56776806617904,404862,14.5,0.009,0.0083
678,429.5679035744045,403325,15.0,0.009,0.0083
679,429.5677427122817,401809,15.5,0.009,0.0083
680,429.5678032117317,400265,16.0,0.009,0.0083
681,429.56767367575884,398722,16.5,0.009,0.0083
682,429.56775447405573,397168,17.0,0.009,0.0083
683,429.56791698388594,395633,17.5,0.009,0.0083
684,429.56781766922774,394095,18.0,0.009,0.0083
685,429.56765177604456,392553,18.5,0.009,0.0083
686,429.56773228939755,390996,19.0,0.009,0.0083
687,429.5677628764306,389449,19.5,0.009,0.0083
688,429.5678353813307,387906,20.0,0.009,0.0083
689,429.56785024951523,386374,20.5,0.009,0.0083
690,429.5679030242811,384830,21.0,0.009,0.0083
691,429.5678256902296,383278,21.5,0.009,0.0083
692,429.5677781263543,381739,22.0,0.009,0.0083
693,429.56774850118154,380199,22.5,0.009,0.0083
694,429.56790190467785,378681,23.0,0.009,0.0083
695,429.5677049103384,377137,23.5,0.009,0.0083
696,429.5677606553927,375606,24.0,0.009,0.0083
697,429.56786946849763,374071,24.5,0.009,0.0083
698,429.5676594362309,372553,25.0,0.009,0.0083
699,429.5677465849601,371039,25.5,0.009,0.0083
700,429.5678974632833,369518,26.0,0.009,0.0083
701,429.5678637916608,367996,26.5,0.009,0.0083
702,429.5678479864843,366483,27.0,0.009,0.0083
703,429.56768437775577,364979,27.5,0.009,0.0083
704,429.5676675011581,363483,28.0,0.009,0.0083
705,429.56786994381747,361981,28.5,0.009,0.0083
706,429.5677559809502,360477,29.0,0.009,0.0083
707,429.5678140050918,358989,29.5,0.009,0.0083
708,429.5676835366908,357501,30.0,0.009,0.0083
709,429.5678760219541,356032,30.5,0.009,0.0083
710,429.56767206988866,354544,31.0,0.009,0.0083
711,429.5678116744235,353072,31.5,0.009,0.0083
712,429.56768641841114,351599,32.0,0.009,0.0083
713,429.56770263722234,350143,32.5,0.009,0.0083
714,429.56781130691394,348689,33.0,0.009,0.0083
715,429.56775438628154,347233,33.5,0.009,0.0083
716,429.56789657225573,345781,34.0,0.009,0.0083
717,429.56773804517525,344338,34.5,0.009,0.0083
718,429.5678520100538,342905,35.0,0.009,0.0083
719,429.5677799389877,341477,35.5,0.009,0.0083
720,429.5676757973842,340047,36.0,0.009,0.0083
721,429.56781986748746,338622,36.5,0.009,0.0083
722,429.5676616788701,337208,37.0,0.009,0.0083
723,429.5677341063882,335800,37.5,0.009,0.0083
724,429.5677562143585,334400,38.0,0.009,0.0083
725,429.5678093730189,332987,38.5,0.009,0.0083
726,429.56775142052027,331584,39.0,0.009,0.0083
727,429.5678054118744,330181,39.5,0.009,0.0083
728,429.56787499617076,328791,40.0,0.009,0.0083
729,429.99773219377636,443016,0.0,0.005,0.0083
730,429.5681210735482,440089,0.5,0.005,0.0083
731,429.5678787765111,438011,1.0,0.005,0.0083
732,429.5681766718728,435931,1.5,0.005,0.0083
733,429.5679859302139,433843,2.0,0.005,0.0083
734,429.56808068956224,431752,2.5,0.005,0.0083
735,429.5679975949844,429676,3.0,0.005,0.0083
736,429.5681664645603,427583,3.5,0.005,0.0083
737,429.5679097326152,425487,4.0,0.005,0.0083
738,429.5678375348952,423378,4.5,0.005,0.0083
739,429.5678969340603,421277,5.0,0.005,0.0083
740,429.5680576498401,419206,5.5,0.005,0.0083
741,429.56792618214126,417106,6.0,0.005,0.0083
742,429.56808242604046,415017,6.5,0.005,0.0083
743,429.5679011977439,412928,7.0,0.005,0.0083
744,429.56790813442683,410851,7.5,0.005,0.0083
745,429.5680331890206,408790,8.0,0.005,0.0083
746,429.5677684864289,406705,8.5,0.005,0.0083
747,429.56808330940305,404630,9.0,0.005,0.0083
748,429.56779675657367,402574,9.5,0.005,0.0083
749,429.5679555887544,400516,10.0,0.005,0.0083
750,429.56810287469364,398469,10.5,0.005,0.0083
751,429.56781942511617,396409,11.0,0.005,0.0083
752,429.5678618635301,394363,11.5,0.005,0.0083
753,429.56800987462174,392339,12.0,0.005,0.0083
754,429.56776131699496,390304,12.5,0.005,0.0083
755,429.5677628276427,388279,13.0,0.005,0.0083
756,429.56800738472776,386254,13.5,0.005,0.0083
757,429.5680283253312,384248,14.0,0.005,0.0083
758,429.56809597472386,382252,14.5,0.005,0.0083
759,429.56790408993214,380247,15.0,0.005,0.0083
760,429.5677489132275,378252,15.5,0.005,0.0083
761,429.5679124115892,376265,16.0,0.005,0.0083
762,429.56804185033315,374271,16.5,0.005,0.0083
763,429.5678866474224,372277,17.0,0.005,0.0083
764,429.56793076978215,370290,17.5,0.005,0.0083
765,429.56785506901775,368324,18.0,0.005,0.0083
766,429.5679099765804,366365,18.5,0.005,0.0083
767,429.567953729813,364394,19.0,0.005,0.0083
768,429.567867887539,362432,19.5,0.005,0.0083
769,429.5679978468657,360490,20.0,0.005,0.0083
770,429.5677662904786,358581,20.5,0.005,0.0083
771,429.56783307882404,356674,21.0,0.005,0.0083
772,429.5678399267743,354745,21.5,0.005,0.0083
773,429.5679389271102,352830,22.0,0.005,0.0083
774,429.5677801376628,350943,22.5,0.005,0.0083
775,429.56807744467574,349077,23.0,0.005,0.0083
776,429.5677644123929,347215,23.5,0.005,0.0083
777,429.5680703187703,345336,24.0,0.005,0.0083
778,429.56778173743334,343479,24.5,0.005,0.0083
779,429.5680081261644,341638,25.0,0.005,0.0083
780,429.56776069149976,339810,25.5,0.005,0.0083
781,429.56798902929745,338001,26.0,0.005,0.0083
782,429.5677707047904,336181,26.5,0.005,0.0083
783,429.5677940397811,334370,27.0,0.005,0.0083
784,429.56797944442417,332570,27.5,0.005,0.0083
785,429.5679832395336,330793,28.0,0.005,0.0083
786,429.5677979247074,329042,28.5,0.005,0.0083
787,429.5679881945002,327266,29.0,0.005,0.0083
788,429.567778667667,325498,29.5,0.005,0.0083
789,429.56792307574034,323755,30.0,0.005,0.0083
790,429.5677924016261,322028,30.5,0.005,0.0083
791,429.56790030754445,320315,31.0,0.005,0.0083
792,429.5679738685717,318591,31.5,0.005,0.0083
793,429.5679508498664,316883,32.0,0.005,0.0083
794,429.568050351701,315183,32.5,0.005,0.0083
795,429.56803210701565,313496,33.0,0.005,0.0083
796,429.5679516198159,311837,33.5,0.005,0.0083
797,429.56798203045616,310168,34.0,0.005,0.0083
798,429.5677855174508,308498,34.5,0.005,0.0083
799,429.5680543751264,306849,35.0,0.005,0.0083
800,429.56799973662424,305217,35.5,0.005,0.0083
801,429.56792233951694,303595,36.0,0.005,0.0083
802,429.56802943039605,301975,36.5,0.005,0.0083
803,429.5679831612309,300363,37.0,0.005,0.0083
804,429.56786994062315,298756,37.5,0.005,0.0083
805,429.5677957357225,297164,38.0,0.005,0.0083
806,429.5679247737662,295597,38.5,0.005,0.0083
807,429.56788040950295,294025,39.0,0.005,0.0083
808,429.568022343017,292453,39.5,0.005,0.0083
809,429.56778380974015,290900,40.0,0.005,0.0083
810,429.9975841796421,443016,0.0,0.011,0.0083
811,429.56768492750575,441962,0.5,0.011,0.0083
812,429.5678204399681,441679,1.0,0.011,0.0083
813,429.56793825570014,441325,1.5,0.011,0.0083
814,429.5679015708957,440894,2.0,0.011,0.0083
815,429.5679750062788,440385,2.5,0.011,0.0083
816,429.5679638216739,439801,3.0,0.011,0.0083
817,429.5678988292672,439146,3.5,0.011,0.0083
818,429.56765049640325,438429,4.0,0.011,0.0083
819,429.5677547951669,437666,4.5,0.011,0.0083
820,429.56787750904317,436847,5.0,0.011,0.0083
821,429.56791574965524,435974,5.5,0.011,0.0083
822,429.56767221835173,435050,6.0,0.011,0.0083
823,429.56762083107947,434100,6.5,0.011,0.0083
824,429.56781533617374,433114,7.0,0.011,0.0083
825,429.56781406187605,432085,7.5,0.011,0.0083
826,429.5677262427004,431024,8.0,0.011,0.0083
827,429.5676832698889,429944,8.5,0.011,0.0083
828,429.56775004529266,428828,9.0,0.011,0.0083
829,429.5676596488266,427684,9.5,0.011,0.0083
830,429.5676564496063,426529,10.0,0.011,0.0083
831,429.5678065843852,425341,10.5,0.011,0.0083
832,429.56777944126134,424134,11.0,0.011,0.0083
833,429.56781980975,422924,11.5,0.011,0.0083
834,429.56772890031493,421682,12.0,0.011,0.0083
835,429.56785135995216,420430,12.5,0.011,0.0083
836,429.56763466340885,419166,13.0,0.011,0.0083
837,429.56767864548533,417886,13.5,0.011,0.0083
838,429.5677150439506,416604,14.0,0.011,0.0083
839,429.567749655039,415297,14.5,0.011,0.0083
840,429.56770845539035,413987,15.0,0.011,0.0083
841,429.5677965847038,412676,15.5,0.011,0.0083
842,429.56760235531425,411343,16.0,0.011,0.0083
843,429.5676875363408,410012,16.5,0.011,0.0083
844,429.5676757574811,408665,17.0,0.011,0.0083
845,429.5678107794542,407326,17.5,0.011,0.0083
846,429.5677979204435,405973,18.0,0.011,0.0083
847,429.56762295037583,404609,18.5,0.011,0.0083
848,429.56781613903655,403251,19.0,0.011,0.0083
849,429.567751192728,401883,19.5,0.011,0.0083
850,429.5677377271728,400518,20.0,0.011,0.0083
851,429.56768709715146,399137,20.5,0.011,0.0083
852,429.567819257463,397765,21.0,0.011,0.0083
853,429.56776380188273,396389,21.5,0.011,0.0083
854,429.56773936756105,395008,22.0,0.011,0.0083
855,429.5677996771734,393626,22.5,0.011,0.0083
856,429.5677034954512,392239,23.0,0.011,0.0083
857,429.5677118450436,390863,23.5,0.011,0.0083
858,429.5676716179757,389467,24.0,0.011,0.0083
859,429.56769479644635,388073,24.5,0.011,0.0083
860,429.56766738135116,386668,25.0,0.011,0.0083
861,429.56779416216403,385271,25.5,0.011,0.0083
862,429.5677500500385,383868,26.0,0.011,0.0083
863,429.56769835412507,382472,26.5,0.011,0.0083
864,429.5678231149068,381079,27.0,0.011,0.0083
865,429.56780799338406,379691,27.5,0.011,0.0083
866,429.5676832484324,378291,28.0,0.011,0.0083
867,429.5676380514656,376884,28.5,0.011,0.0083
868,429.56762025625585,375486,29.0,0.011,0.0083
869,429.56775102455714,374087,29.5,0.011,0.0083
870,429.5677832290594,372701,30.0,0.011,0.0083
871,429.5676511970679,371315,30.5,0.011,0.0083
872,429.56759787619524,369946,31.0,0.011,0.0083
873,429.5676091598112,368582,31.5,0.011,0.0083
874,429.5676100069256,367203,32.0,0.011,0.0083
875,429.56767044817997,365818,32.5,0.011,0.0083
876,429.5676701265318,364441,33.0,0.011,0.0083
877,429.56771841762804,363069,33.5,0.011,0.0083
878,429.5678211361694,361705,34.0,0.011,0.0083
879,429.56775957121954,360351,34.5,0.011,0.0083
880,429.56765740410873,359004,35.0,0.011,0.0083
881,429.56773329896697,357674,35.5,0.011,0.0083
882,429.5677922340974,356319,36.0,0.011,0.0083
883,429.5677208136963,354970,36.5,0.011,0.0083
884,429.56781841711,353622,37.0,0.011,0.0083
885,429.56760959257537,352285,37.5,0.011,0.0083
886,429.5677338739208,350953,38.0,0.011,0.0083
887,429.5676405033682,349633,38.5,0.011,0.0083
888,429.56773823658756,348322,39.0,0.011,0.0083
889,429.56773335380154,347023,39.5,0.011,0.0083
890,429.5677170105862,345707,40.0,0.011,0.0083
891,429.9974855040629,443016,0.0,0.015,0.0083
892,429.5676587388341,443192,0.5,0.015,0.0083
893,429.5676489188557,444083,1.0,0.015,0.0083
894,429.5677932069661,444802,1.5,0.015,0.0083
895,429.56783417205065,445391,2.0,0.015,0.0083
896,429.5677734811544,445832,2.5,0.015,0.0083
897,429.56773903087526,446136,3.0,0.015,0.0083
898,429.56762448289174,446320,3.5,0.015,0.0083
899,429.567629778702,446404,4.0,0.015,0.0083
900,429.56762633708473,446393,4.5,0.015,0.0083
901,429.5677671214094,446292,5.0,0.015,0.0083
902,429.56778227892,446113,5.5,0.015,0.0083
903,429.56757772086854,445873,6.0,0.015,0.0083
904,429.5676175740547,445566,6.5,0.015,0.0083
905,429.56776492153404,445200,7.0,0.015,0.0083
906,429.5677538056061,444780,7.5,0.015,0.0083
907,429.56769020654036,444300,8.0,0.015,0.0083
908,429.5676953160591,443777,8.5,0.015,0.0083
909,429.56771625182506,443209,9.0,0.015,0.0083
910,429.56766934365345,442593,9.5,0.015,0.0083
911,429.5676791098095,441944,10.0,0.015,0.0083
912,429.5675839370613,441256,10.5,0.015,0.0083
913,429.5676440581775,440536,11.0,0.015,0.0083
914,429.567494364682,439789,11.5,0.015,0.0083
915,429.56773811269125,439013,12.0,0.015,0.0083
916,429.56761035420425,438207,12.5,0.015,0.0083
917,429.56752101772827,437375,13.0,0.015,0.0083
918,429.5675408457432,436516,13.5,0.015,0.0083
919,429.5675087719485,435636,14.0,0.015,0.0083
920,429.5674972617896,434737,14.5,0.015,0.0083
921,429.56758626271665,433817,15.0,0.015,0.0083
922,429.56753137752935,432874,15.5,0.015,0.0083
923,429.56771407117174,431910,16.0,0.015,0.0083
924,429.56756717570573,430931,16.5,0.015,0.0083
925,429.5676983225532,429940,17.0,0.015,0.0083
926,429.5675329158789,428931,17.5,0.015,0.0083
927,429.5675657233439,427904,18.0,0.015,0.0083
928,429.56761519242,426865,18.5,0.015,0.0083
929,429.5676100261015,425817,19.0,0.015,0.0083
930,429.56764664467335,424756,19.5,0.015,0.0083
931,429.56767597888677,423681,20.0,0.015,0.0083
932,429.5677066279678,422602,20.5,0.015,0.0083
933,429.56758092349895,421511,21.0,0.015,0.0083
934,429.567605298174,420408,21.5,0.015,0.0083
935,429.5675045746181,419295,22.0,0.015,0.0083
936,429.5676848958635,418182,22.5,0.015,0.0083
937,429.5676718569909,417063,23.0,0.015,0.0083
938,429.5676315695056,415932,23.5,0.015,0.0083
939,429.56768286118546,414795,24.0,0.015,0.0083
940,429.56760872159913,413655,24.5,0.015,0.0083
941,429.56754707826195,412507,25.0,0.015,0.0083
942,429.5675677788994,411357,25.5,0.015,0.0083
943,429.5674947461787,410209,26.0,0.015,0.0083
944,429.5675915283535,409050,26.5,0.015,0.0083
945,429.5674904432419,407884,27.0,0.015,0.0083
946,429.56756401026666,406721,27.5,0.015,0.0083
947,429.56761826784185,405556,28.0,0.015,0.0083
948,429.5675774079484,404387,28.5,0.015,0.0083
949,429.56767300710686,403220,29.0,0.015,0.0083
950,429.5675263425451,402046,29.5,0.015,0.0083
951,429.5675311054326,400868,30.0,0.015,0.0083
952,429.5676623457988,399694,30.5,0.015,0.0083
953,429.5675890264236,398521,31.0,0.015,0.0083
954,429.5675191206131,397346,31.5,0.015,0.0083
955,429.5676386244979,396169,32.0,0.015,0.0083
956,429.56768906300726,394992,32.5,0.015,0.0083
957,429.5676898650201,393812,33.0,0.015,0.0083
958,429.5676588883751,392636,33.5,0.015,0.0083
959,429.5676291645143,391464,34.0,0.015,0.0083
960,429.5675997603881,390288,34.5,0.015,0.0083
961,429.5675696208878,389108,35.0,0.015,0.0083
962,429.56756687308604,387930,35.5,0.015,0.0083
963,429.56757332151903,386750,36.0,0.015,0.0083
964,429.56762765506465,385574,36.5,0.015,0.0083
965,429.56768951117084,384402,37.0,0.015,0.0083
966,429.5675064082084,383229,37.5,0.015,0.0083
967,429.5675700018408,382063,38.0,0.015,0.0083
968,429.5675342198927,380898,38.5,0.015,0.0083
969,429.56752946059754,379725,39.0,0.015,0.0083
970,429.56750731249906,378556,39.5,0.015,0.0083
971,429.5676229510805,377392,40.0,0.015,0.0083
972,429.9978308702369,443016,0.0,0.001,0.0083
973,429.56786516100766,438854,0.5,0.001,0.0083
974,429.5683324243552,435535,1.0,0.001,0.0083
975,429.5680799853253,432238,1.5,0.001,0.0083
976,429.5680912157516,428989,2.0,0.001,0.0083
977,429.5680520921695,425759,2.5,0.001,0.0083
978,429.5681407245452,422548,3.0,0.001,0.0083
979,429.5678433726623,419355,3.5,0.001,0.0083
980,429.5683009233709,416206,4.0,0.001,0.0083
981,429.5680293153912,413082,4.5,0.001,0.0083
982,429.56822700895617,409978,5.0,0.001,0.0083
983,429.567947565467,406890,5.5,0.001,0.0083
984,429.56798351673314,403823,6.0,0.001,0.0083
985,429.56832925053436,400800,6.5,0.001,0.0083
986,429.5682770018026,397799,7.0,0.001,0.0083
987,429.56829028679283,394819,7.5,0.001,0.0083
988,429.56791228491403,391856,8.0,0.001,0.0083
989,429.5679760048229,388915,8.5,0.001,0.0083
990,429.567904550798,385997,9.0,0.001,0.0083
991,429.56825426602626,383117,9.5,0.001,0.0083
992,429.5681964843645,380256,10.0,0.001,0.0083
993,429.56815090154765,377414,10.5,0.001,0.0083
994,429.56810011667034,374593,11.0,0.001,0.0083
995,429.56832437313824,371790,11.5,0.001,0.0083
996,429.56819217712325,369008,12.0,0.001,0.0083
997,429.5683759891144,366251,12.5,0.001,0.0083
998,429.5678587183543,363524,13.0,0.001,0.0083
999,429.56803010516506,360818,13.5,0.001,0.0083
1000,429.5682664967843,358131,14.0,0.001,0.0083
1001,429.56795616426734,355464,14.5,0.001,0.0083
1002,429.56807537793145,352815,15.0,0.001,0.0083
1003,429.5683107580234,350188,15.5,0.001,0.0083
1004,429.56819456927724,347578,16.0,0.001,0.0083
1005,429.5681668685368,344989,16.5,0.001,0.0083
1006,429.5680350694069,342421,17.0,0.001,0.0083
1007,429.5680947196679,339879,17.5,0.001,0.0083
1008,429.5683039620039,337360,18.0,0.001,0.0083
1009,429.56796122491005,334857,18.5,0.001,0.0083
1010,429.56799277852036,332376,19.0,0.001,0.0083
1011,429.5682881172774,329912,19.5,0.001,0.0083
1012,429.56829090774977,327468,20.0,0.001,0.0083
1013,429.5682193491474,325042,20.5,0.001,0.0083
1014,429.56836343636246,322635,21.0,0.001,0.0083
1015,429.5680135121952,320247,21.5,0.001,0.0083
1016,429.5678609944713,317876,22.0,0.001,0.0083
1017,429.5681666787176,315527,22.5,0.001,0.0083
1018,429.56821098840857,313193,23.0,0.001,0.0083
1019,429.56794567754827,310879,23.5,0.001,0.0083
1020,429.5681908422024,308583,24.0,0.001,0.0083
1021,429.5682005378228,306305,24.5,0.001,0.0083
1022,429.5682684785321,304046,25.0,0.001,0.0083
1023,429.5681628120726,301803,25.5,0.001,0.0083
1024,429.56839578528,299581,26.0,0.001,0.0083
1025,429.5683951999668,297373,26.5,0.001,0.0083
1026,429.56831245859195,295185,27.0,0.001,0.0083
1027,429.56838285796215,293013,27.5,0.001,0.0083
1028,429.56789919003995,290858,28.0,0.001,0.0083
1029,429.5683073241412,288722,28.5,0.001,0.0083
1030,429.56830839144106,286601,29.0,0.001,0.0083
1031,429.56833141631444,284499,29.5,0.001,0.0083
1032,429.5679259338319,282410,30.0,0.001,0.0083
1033,429.5680793127508,280341,30.5,0.001,0.0083
1034,429.56817376087724,278286,31.0,0.001,0.0083
1035,429.56811021748723,276248,31.5,0.001,0.0083
1036,429.5681912878061,274226,32.0,0.001,0.0083
1037,429.56833052965555,272219,32.5,0.001,0.0083
1038,429.56835308110055,270229,33.0,0.001,0.0083
1039,429.56843833719387,268252,33.5,0.001,0.0083
1040,429.5680767168346,266292,34.0,0.001,0.0083
1041,429.56817219067943,264345,34.5,0.001,0.0083
1042,429.56803546149183,262414,35.0,0.001,0.0083
1043,429.56790434903263,260497,35.5,0.001,0.0083
1044,429.56839201461906,258596,36.0,0.001,0.0083
1045,429.5680421703718,256712,36.5,0.001,0.0083
1046,429.56804474912303,254845,37.0,0.001,0.0083
1047,429.56818789958004,252996,37.5,0.001,0.0083
1048,429.56805661729993,251157,38.0,0.001,0.0083
1049,429.56810291030536,249334,38.5,0.001,0.0083
1050,429.568058611436,247523,39.0,0.001,0.0083
1051,429.56785801447904,245725,39.5,0.001,0.0083
1052,429.56794548777833,243941,40.0,0.001,0.0083
1053,429.99723881695945,443016,0.0,0.025,0.0083
1054,429.56754018246363,446250,0.5,0.025,0.0083
1055,429.567354010498,449890,1.0,0.025,0.0083
1056,429.5673527579745,453141,1.5,0.025,0.0083
1057,429.567262246163,455996,2.0,0.025,0.0083
1058,429.56754589397224,458518,2.5,0.025,0.0083
1059,429.56737460635907,460802,3.0,0.025,0.0083
1060,429.5672855360141,462852,3.5,0.025,0.0083
1061,429.5673470664347,464684,4.0,0.025,0.0083
1062,429.56726678906807,466339,4.5,0.025,0.0083
1063,429.5673631464394,467811,5.0,0.025,0.0083
1064,429.5672526483183,469126,5.5,0.025,0.0083
1065,429.5673986678986,470321,6.0,0.025,0.0083
1066,429.5672458445899,471382,6.5,0.025,0.0083
1067,429.56741142763923,472339,7.0,0.025,0.0083
1068,429.56739180355135,473187,7.5,0.025,0.0083
1069,429.56742395311096,473915,8.0,0.025,0.0083
1070,429.5673493468175,474563,8.5,0.025,0.0083
1071,429.56725518597705,475089,9.0,0.025,0.0083
1072,429.5674484925509,475530,9.5,0.025,0.0083
1073,429.56731484744626,475895,10.0,0.025,0.0083
1074,429.5673137865017,476165,10.5,0.025,0.0083
1075,429.56743819040065,476365,11.0,0.025,0.0083
1076,429.5673459059786,476500,11.5,0.025,0.0083
1077,429.56744450270236,476558,12.0,0.025,0.0083
1078,429.56744137424226,476555,12.5,0.025,0.0083
1079,429.5672763598881,476504,13.0,0.025,0.0083
1080,429.5673453000007,476390,13.5,0.025,0.0083
1081,429.56740579361264,476222,14.0,0.025,0.0083
1082,429.56730799578014,476013,14.5,0.025,0.0083
1083,429.5674021660198,475757,15.0,0.025,0.0083
1084,429.56741655862817,475463,15.5,0.025,0.0083
1085,429.567299338624,475143,16.0,0.025,0.0083
1086,429.56740755435163,474788,16.5,0.025,0.0083
1087,429.56728669394664,474396,17.0,0.025,0.0083
1088,429.5673882843132,473970,17.5,0.025,0.0083
1089,429.5673949841877,473509,18.0,0.025,0.0083
1090,429.56738821049,473023,18.5,0.025,0.0083
1091,429.56731681274664,472520,19.0,0.025,0.0083
1092,429.56729857969816,471990,19.5,0.025,0.0083
1093,429.56727568783896,471433,20.0,0.025,0.0083
1094,429.56739977943863,470850,20.5,0.025,0.0083
1095,429.5674037349691,470240,21.0,0.025,0.0083
1096,429.56741675079195,469614,21.5,0.025,0.0083
1097,429.56724803040373,468980,22.0,0.025,0.0083
1098,429.567349776808,468329,22.5,0.025,0.0083
1099,429.5672819149162,467659,23.0,0.025,0.0083
1100,429.5673799666064,466972,23.5,0.025,0.0083
1101,429.56736008077905,466267,24.0,0.025,0.0083
1102,429.56727067105624,465551,24.5,0.025,0.0083
1103,429.56730531541103,464831,25.0,0.025,0.0083
1104,429.56734623174106,464099,25.5,0.025,0.0083
1105,429.56731529654155,463355,26.0,0.025,0.0083
1106,429.56736383224865,462600,26.5,0.025,0.0083
1107,429.5674139140088,461834,27.0,0.025,0.0083
1108,429.56730064731124,461060,27.5,0.025,0.0083
1109,429.5672789233204,460283,28.0,0.025,0.0083
1110,429.56739418530304,459499,28.5,0.025,0.0083
1111,429.5674208830782,458707,29.0,0.025,0.0083
1112,429.56732126378745,457907,29.5,0.025,0.0083
1113,429.5673454816797,457101,30.0,0.025,0.0083
1114,429.5672546399691,456290,30.5,0.025,0.0083
1115,429.5674183836125,455478,31.0,0.025,0.0083
1116,429.5673199053992,454660,31.5,0.025,0.0083
1117,429.567247989499,453838,32.0,0.025,0.0083
1118,429.5673602534136,453013,32.5,0.025,0.0083
1119,429.567414153088,452184,33.0,0.025,0.0083
1120,429.5672469365574,451351,33.5,0.025,0.0083
1121,429.5672678795908,450517,34.0,0.025,0.0083
1122,429.5672483440141,449680,34.5,0.025,0.0083
1123,429.56730906649017,448841,35.0,0.025,0.0083
1124,429.56734455609813,448000,35.5,0.025,0.0083
1125,429.567288888868,447157,36.0,0.025,0.0083
1126,429.5673044031963,446313,36.5,0.025,0.0083
1127,429.5673320726049,445468,37.0,0.025,0.0083
1128,429.56740026224264,444622,37.5,0.025,0.0083
1129,429.5673903512047,443774,38.0,0.025,0.0083
1130,429.5673586796297,442925,38.5,0.025,0.0083
1131,429.5672967012233,442075,39.0,0.025,0.0083
1132,429.56725081732475,441225,39.5,0.025,0.0083
1133,429.5673456159496,440376,40.0,0.025,0.0083
1134,429.9970908059987,443016,0.0,0.031,0.0083
1135,429.5674129562683,448042,0.5,0.031,0.0083
1136,429.56743894108166,453276,1.0,0.031,0.0083
1137,429.56743489175284,457885,1.5,0.031,0.0083
1138,429.5672733969485,461958,2.0,0.031,0.0083
1139,429.5671215846718,465665,2.5,0.031,0.0083
1140,429.56718013838514,469005,3.0,0.031,0.0083
1141,429.5673266639834,472034,3.5,0.031,0.0083
1142,429.56724708475775,474778,4.0,0.031,0.0083
1143,429.5670969166484,477283,4.5,0.031,0.0083
1144,429.5672208550494,479577,5.0,0.031,0.0083
1145,429.5673075343016,481694,5.5,0.031,0.0083
1146,429.56711910416936,483604,6.0,0.031,0.0083
1147,429.5671036964446,485345,6.5,0.031,0.0083
1148,429.56726300350635,486901,7.0,0.031,0.0083
1149,429.5671990301164,488290,7.5,0.031,0.0083
1150,429.56724237438505,489536,8.0,0.031,0.0083
1151,429.56726018506356,490616,8.5,0.031,0.0083
1152,429.56719840687566,491577,9.0,0.031,0.0083
1153,429.5671612060779,492404,9.5,0.031,0.0083
1154,429.56712328027976,493116,10.0,0.031,0.0083
1155,429.56716919309036,493722,10.5,0.031,0.0083
1156,429.5672831390718,494229,11.0,0.031,0.0083
1157,429.5671910625732,494669,11.5,0.031,0.0083
1158,429.5672884785853,495020,12.0,0.031,0.0083
1159,429.5671947464382,495290,12.5,0.031,0.0083
1160,429.56709928521053,495469,13.0,0.031,0.0083
1161,429.56717251495246,495605,13.5,0.031,0.0083
1162,429.5672593706403,495680,14.0,0.031,0.0083
1163,429.56723802517905,495684,14.5,0.031,0.0083
1164,429.56710854557275,495623,15.0,0.031,0.0083
1165,429.5671377044332,495503,15.5,0.031,0.0083
1166,429.56726033633305,495365,16.0,0.031,0.0083
1167,429.5671884423382,495179,16.5,0.031,0.0083
1168,429.56716720815734,494948,17.0,0.031,0.0083
1169,429.56721270829684,494672,17.5,0.031,0.0083
1170,429.5671136376463,494363,18.0,0.031,0.0083
1171,429.567141663208,494037,18.5,0.031,0.0083
1172,429.56716862844104,493679,19.0,0.031,0.0083
1173,429.5672706373333,493290,19.5,0.031,0.0083
1174,429.5672236426367,492869,20.0,0.031,0.0083
1175,429.5672458125191,492436,20.5,0.031,0.0083
1176,429.5671935074828,491985,21.0,0.031,0.0083
1177,429.56727839283906,491512,21.5,0.031,0.0083
1178,429.5671891534256,491016,22.0,0.031,0.0083
1179,429.56723587092625,490500,22.5,0.031,0.0083
1180,429.5671171676956,489978,23.0,0.031,0.0083
1181,429.5672567698354,489442,23.5,0.031,0.0083
1182,429.5672456391438,488890,24.0,0.031,0.0083
1183,429.5672511047361,488323,24.5,0.031,0.0083
1184,429.56720697716645,487746,25.0,0.031,0.0083
1185,429.56717179023076,487166,25.5,0.031,0.0083
1186,429.56722630188654,486577,26.0,0.031,0.0083
1187,429.56716794058775,485978,26.5,0.031,0.0083
1188,429.56715202615896,485370,27.0,0.031,0.0083
1189,429.56715153159837,484753,27.5,0.031,0.0083
1190,429.5671355118604,484127,28.0,0.031,0.0083
1191,429.5672555553615,483493,28.5,0.031,0.0083
1192,429.56723796156786,482853,29.0,0.031,0.0083
1193,429.5671519894682,482211,29.5,0.031,0.0083
1194,429.56712038253596,481563,30.0,0.031,0.0083
1195,429.5671079005314,480909,30.5,0.031,0.0083
1196,429.56726647614585,480250,31.0,0.031,0.0083
1197,429.56720595551155,479584,31.5,0.031,0.0083
1198,429.56724321330614,478913,32.0,0.031,0.0083
1199,429.56716948272106,478236,32.5,0.031,0.0083
1200,429.5671541863148,477557,33.0,0.031,0.0083
1201,429.56720695479027,476879,33.5,0.031,0.0083
1202,429.56712477391955,476197,34.0,0.031,0.0083
1203,429.56722796832133,475513,34.5,0.031,0.0083
1204,429.56712449007125,474825,35.0,0.031,0.0083
1205,429.567139776271,474135,35.5,0.031,0.0083
1206,429.5672430775676,473443,36.0,0.031,0.0083
1207,429.56721959608063,472748,36.5,0.031,0.0083
1208,429.56718488855125,472052,37.0,0.031,0.0083
1209,429.56726707398605,471357,37.5,0.031,0.0083
1210,429.5671960008619,470660,38.0,0.031,0.0083
1211,429.5671128112211,469962,38.5,0.031,0.0083
1212,429.5671670101654,469264,39.0,0.031,0.0083
1213,429.5671523030419,468565,39.5,0.031,0.0083
1214,429.5672169814237,467866,40.0,0.031,0.0083
1215,429.99733749147975,443016,0.0,0.021,0.0083
1216,429.56736709629376,445024,0.5,0.021,0.0083
1217,429.5673938036418,447595,1.0,0.021,0.0083
1218,429.5674010199005,449862,1.5,0.021,0.0083
1219,429.5675566700781,451853,2.0,0.021,0.0083
1220,429.5675037561358,453589,2.5,0.021,0.0083
1221,429.5674956045157,455102,3.0,0.021,0.0083
1222,429.5676247990287,456437,3.5,0.021,0.0083
1223,429.5674285034941,457608,4.0,0.021,0.0083
1224,429.5673550814707,458649,4.5,0.021,0.0083
1225,429.56741275276534,459518,5.0,0.021,0.0083
1226,429.56750542173506,460296,5.5,0.021,0.0083
1227,429.5674364932907,460934,6.0,0.021,0.0083
1228,429.56755558659205,461486,6.5,0.021,0.0083
1229,429.5674457383359,461937,7.0,0.021,0.0083
1230,429.56738186457875,462296,7.5,0.021,0.0083
1231,429.56754894016797,462587,8.0,0.021,0.0083
1232,429.5674010658827,462815,8.5,0.021,0.0083
1233,429.5674495008511,462963,9.0,0.021,0.0083
1234,429.5675511551113,463034,9.5,0.021,0.0083
1235,429.5674446496248,463059,10.0,0.021,0.0083
1236,429.5675140482553,463022,10.5,0.021,0.0083
1237,429.5675266623671,462914,11.0,0.021,0.0083
1238,429.56751637258463,462742,11.5,0.021,0.0083
1239,429.5674977527793,462535,12.0,0.021,0.0083
1240,429.5674194449961,462275,12.5,0.021,0.0083
1241,429.5673636606448,461962,13.0,0.021,0.0083
1242,429.567438811136,461609,13.5,0.021,0.0083
1243,429.56748025857314,461223,14.0,0.021,0.0083
1244,429.5674010766623,460794,14.5,0.021,0.0083
1245,429.5674284861842,460323,15.0,0.021,0.0083
1246,429.5675316834871,459826,15.5,0.021,0.0083
1247,429.567479349585,459297,16.0,0.021,0.0083
1248,429.5675247328383,458735,16.5,0.021,0.0083
1249,429.5674570067115,458141,17.0,0.021,0.0083
1250,429.5674712375135,457528,17.5,0.021,0.0083
1251,429.5673612723503,456888,18.0,0.021,0.0083
1252,429.56744808586024,456223,18.5,0.021,0.0083
1253,429.5673800191991,455538,19.0,0.021,0.0083
1254,429.5673657665024,454840,19.5,0.021,0.0083
1255,429.56747834124013,454124,20.0,0.021,0.0083
1256,429.5674326592371,453389,20.5,0.021,0.0083
1257,429.56753576370403,452637,21.0,0.021,0.0083
1258,429.56752175230025,451867,21.5,0.021,0.0083
1259,429.56752977899407,451080,22.0,0.021,0.0083
1260,429.56749458583545,450277,22.5,0.021,0.0083
1261,429.5674425571826,449467,23.0,0.021,0.0083
1262,429.5674187562981,448643,23.5,0.021,0.0083
1263,429.5675280733559,447806,24.0,0.021,0.0083
1264,429.56751307794553,446956,24.5,0.021,0.0083
1265,429.56738075179186,446094,25.0,0.021,0.0083
1266,429.56741138467527,445222,25.5,0.021,0.0083
1267,429.5673482464199,444339,26.0,0.021,0.0083
1268,429.5674139447315,443452,26.5,0.021,0.0083
1269,429.5674207795345,442558,27.0,0.021,0.0083
1270,429.5674130793603,441655,27.5,0.021,0.0083
1271,429.56750835385265,440745,28.0,0.021,0.0083
1272,429.56744327874054,439828,28.5,0.021,0.0083
1273,429.56734243528405,438905,29.0,0.021,0.0083
1274,429.56751366585024,437978,29.5,0.021,0.0083
1275,429.56744318181245,437045,30.0,0.021,0.0083
1276,429.5674280384522,436108,30.5,0.021,0.0083
1277,429.5674188955018,435166,31.0,0.021,0.0083
1278,429.5674156126776,434221,31.5,0.021,0.0083
1279,429.56736530130206,433273,32.0,0.021,0.0083
1280,429.56744144337875,432323,32.5,0.021,0.0083
1281,429.5674405415026,431370,33.0,0.021,0.0083
1282,429.5674221528316,430414,33.5,0.021,0.0083
1283,429.5673491821012,429454,34.0,0.021,0.0083
1284,429.56750047190235,428494,34.5,0.021,0.0083
1285,429.5674647844687,427532,35.0,0.021,0.0083
1286,429.5674297308716,426569,35.5,0.021,0.0083
1287,429.5674278666103,425605,36.0,0.021,0.0083
1288,429.5674328273575,424640,36.5,0.021,0.0083
1289,429.5674424580516,423676,37.0,0.021,0.0083
1290,429.56736076103925,422710,37.5,0.021,0.0083
1291,429.5673779997039,421743,38.0,0.021,0.0083
1292,429.56744965543015,420776,38.5,0.021,0.0083
1293,429.56739951391165,419808,39.0,0.021,0.0083
1294,429.5674832148237,418842,39.5,0.021,0.0083
1295,429.5674256099313,417877,40.0,0.021,0.0083
