,total_counts,area,time,D (um^2/s),alpha (1/s)
0,429.99740922163744,443016,0.0,0.005,0.0017
1,429.5678807627105,443817,1.0,0.005,0.0017
2,429.5675082520872,445381,2.0,0.005,0.0017
3,429.5674551453198,446909,3.0,0.005,0.0017
4,429.5674553812673,448353,4.0,0.005,0.0017
5,429.56754061520684,449716,5.0,0.005,0.0017
6,429.56771438079204,451035,6.0,0.005,0.0017
7,429.5675485417572,452263,7.0,0.005,0.0017
8,429.5676161915716,453461,8.0,0.005,0.0017
9,429.56748260361775,454563,9.0,0.005,0.0017
10,429.56773655016895,455644,10.0,0.005,0.0017
11,429.5674147760011,456640,11.0,0.005,0.0017
12,429.56760492066053,457617,12.0,0.005,0.0017
13,429.5674921576477,458529,13.0,0.005,0.0017
14,429.5676474914846,459423,14.0,0.005,0.0017
15,429.5675971243973,460276,15.0,0.005,0.0017
16,429.56770543281317,461076,16.0,0.005,0.0017
17,429.5676371868591,461860,17.0,0.005,0.0017
18,429.5674286530937,462602,18.0,0.005,0.0017
19,429.5675227764629,463307,19.0,0.005,0.0017
20,429.5675893308583,463981,20.0,0.005,0.0017
21,429.5676719348237,464623,21.0,0.005,0.0017
22,429.567575340805,465240,22.0,0.005,0.0017
23,429.5675656114078,465835,23.0,0.005,0.0017
24,429.56748068422036,466387,24.0,0.005,0.0017
25,429.56760030070546,466923,25.0,0.005,0.0017
26,429.56758262587135,467444,26.0,0.005,0.0017
27,429.5676063896464,467934,27.0,0.005,0.0017
28,429.5675371253429,468392,28.0,0.005,0.0017
29,429.56742782046786,468837,29.0,0.005,0.0017
30,429.5674572439863,469268,30.0,0.005,0.0017
31,429.567517936204,469671,31.0,0.005,0.0017
32,429.5675821787962,470052,32.0,0.005,0.0017
33,429.5675091252963,470422,33.0,0.005,0.0017
34,429.567556987059,470782,34.0,0.005,0.0017
35,429.5676031758701,471122,35.0,0.005,0.0017
36,429.5676412679198,471439,36.0,0.005,0.0017
37,429.56750865686513,471734,37.0,0.005,0.0017
38,429.5674531644726,472013,38.0,0.005,0.0017
39,429.5674595332182,472277,39.0,0.005,0.0017
40,429.56751248235685,472533,40.0,0.005,0.0017
41,429.5675337315784,472770,41.0,0.005,0.0017
42,429.5675569774145,472988,42.0,0.005,0.0017
43,429.56756242547954,473190,43.0,0.005,0.0017
44,429.56762880377875,473378,44.0,0.005,0.0017
45,429.56755199208294,473549,45.0,0.005,0.0017
46,429.56748338216005,473700,46.0,0.005,0.0017
47,429.56749324561355,473838,47.0,0.005,0.0017
48,429.56754902029905,473970,48.0,0.005,0.0017
49,429.56758130321447,474088,49.0,0.005,0.0017
50,429.5675416222805,474193,50.0,0.005,0.0017
51,429.5675975694149,474286,51.0,0.005,0.0017
52,429.56742909673443,474364,52.0,0.005,0.0017
53,429.5674352274098,474427,53.0,0.005,0.0017
54,429.56762020064104,474475,54.0,0.005,0.0017
55,429.5675620322628,474518,55.0,0.005,0.0017
56,429.5675532638173,474551,56.0,0.005,0.0017
57,429.5676134282812,474573,57.0,0.005,0.0017
58,429.56747285081246,474583,58.0,0.005,0.0017
59,429.56750677523985,474583,59.0,0.005,0.0017
60,429.56753892133435,474572,60.0,0.005,0.0017
61,429.5674439154922,474549,61.0,0.005,0.0017
62,429.56759398985605,474518,62.0,0.005,0.0017
63,429.56757160072476,474482,63.0,0.005,0.0017
64,429.56755391468346,474436,64.0,0.005,0.0017
65,429.5674980765024,474380,65.0,0.005,0.0017
66,429.56760488217367,474315,66.0,0.005,0.0017
67,429.56760570743717,474240,67.0,0.005,0.0017
68,429.56748358309386,474155,68.0,0.005,0.0017
69,429.56741827079884,474061,69.0,0.005,0.0017
70,429.5675790891038,473965,70.0,0.005,0.0017
71,429.567531437538,473862,71.0,0.005,0.0017
72,429.567569098315,473752,72.0,0.005,0.0017
73,429.5674991536061,473634,73.0,0.005,0.0017
74,429.567510444605,473509,74.0,0.005,0.0017
75,429.5674475215735,473376,75.0,0.005,0.0017
76,429.5674820420622,473236,76.0,0.005,0.0017
77,429.5675443968922,473090,77.0,0.005,0.0017
78,429.56753186617806,472942,78.0,0.005,0.0017
79,429.56753836015594,472788,79.0,0.005,0.0017
80,429.5675428216346,472628,80.0,0.005,0.0017
81,429.5675521533494,472462,81.0,0.005,0.0017
82,429.5675582690386,472290,82.0,0.005,0.0017
83,429.5675290004177,472112,83.0,0.005,0.0017
84,429.5675007980306,471928,84.0,0.005,0.0017
85,429.5674349921544,471738,85.0,0.005,0.0017
86,429.56753457361776,471543,86.0,0.005,0.0017
87,429.5675031566565,471343,87.0,0.005,0.0017
88,429.5674943712589,471142,88.0,0.005,0.0017
89,429.567604568437,470937,89.0,0.005,0.0017
90,429.5674792307451,470726,90.0,0.005,0.0017
91,429.5674779791694,470511,91.0,0.005,0.0017
92,429.567603546736,470292,92.0,0.005,0.0017
93,429.56747129302664,470067,93.0,0.005,0.0017
94,429.5674530449687,469838,94.0,0.005,0.0017
95,429.567558895301,469605,95.0,0.005,0.0017
96,429.56758159884436,469367,96.0,0.005,0.0017
97,429.56745643732154,469125,97.0,0.005,0.0017
98,429.5675855958031,468884,98.0,0.005,0.0017
99,429.56745705271163,468638,99.0,0.005,0.0017
100,429.56760138048685,468390,100.0,0.005,0.0017
101,429.99765591173633,443016,0.0,0.001,0.0017
102,429.56787505028956,441320,1.0,0.001,0.0017
103,429.56770315397813,440436,2.0,0.001,0.0017
104,429.5676593997724,439573,3.0,0.001,0.0017
105,429.5680405795722,438709,4.0,0.001,0.0017
106,429.5677970920938,437831,5.0,0.001,0.0017
107,429.5676718751015,436963,6.0,0.001,0.0017
108,429.5681180471691,436102,7.0,0.001,0.0017
109,429.56781833076764,435228,8.0,0.001,0.0017
110,429.5680835840856,434356,9.0,0.001,0.0017
111,429.56774598946765,433497,10.0,0.001,0.0017
112,429.56808081527043,432629,11.0,0.001,0.0017
113,429.56793664805554,431754,12.0,0.001,0.0017
114,429.5679373722232,430899,13.0,0.001,0.0017
115,429.56779820509894,430033,14.0,0.001,0.0017
116,429.5678310241733,429154,15.0,0.001,0.0017
117,429.5678983211845,428294,16.0,0.001,0.0017
118,429.56801162430503,427421,17.0,0.001,0.0017
119,429.56786283592015,426535,18.0,0.001,0.0017
120,429.5680643291682,425676,19.0,0.001,0.0017
121,429.56779663041476,424809,20.0,0.001,0.0017
122,429.56783136326493,423930,21.0,0.001,0.0017
123,429.56777116129564,423062,22.0,0.001,0.0017
124,429.56804843133153,422191,23.0,0.001,0.0017
125,429.56803632561196,421308,24.0,0.001,0.0017
126,429.5679658539686,420444,25.0,0.001,0.0017
127,429.56791107878223,419584,26.0,0.001,0.0017
128,429.56772509911707,418716,27.0,0.001,0.0017
129,429.56783072153183,417848,28.0,0.001,0.0017
130,429.5679501834794,416983,29.0,0.001,0.0017
131,429.5677859180194,416106,30.0,0.001,0.0017
132,429.56796614404783,415238,31.0,0.001,0.0017
133,429.5679502053767,414383,32.0,0.001,0.0017
134,429.56798473472753,413520,33.0,0.001,0.0017
135,429.56789843667315,412655,34.0,0.001,0.0017
136,429.56796640827747,411797,35.0,0.001,0.0017
137,429.56800062140167,410928,36.0,0.001,0.0017
138,429.56799013072924,410057,37.0,0.001,0.0017
139,429.5679311911393,409207,38.0,0.001,0.0017
140,429.56778293863465,408349,39.0,0.001,0.0017
141,429.5677403728171,407488,40.0,0.001,0.0017
142,429.56778252490494,406636,41.0,0.001,0.0017
143,429.56784596535266,405775,42.0,0.001,0.0017
144,429.5676723505893,404905,43.0,0.001,0.0017
145,429.56782574835995,404059,44.0,0.001,0.0017
146,429.5679353278061,403208,45.0,0.001,0.0017
147,429.56792151232844,402349,46.0,0.001,0.0017
148,429.56768012478216,401504,47.0,0.001,0.0017
149,429.5678956272381,400652,48.0,0.001,0.0017
150,429.56797294468726,399789,49.0,0.001,0.0017
151,429.5676765929108,398942,50.0,0.001,0.0017
152,429.5680192137403,398099,51.0,0.001,0.0017
153,429.5677296684569,397246,52.0,0.001,0.0017
154,429.5678177706337,396405,53.0,0.001,0.0017
155,429.5676600108699,395561,54.0,0.001,0.0017
156,429.5679718765626,394708,55.0,0.001,0.0017
157,429.5676893856261,393860,56.0,0.001,0.0017
158,429.56798939785165,393025,57.0,0.001,0.0017
159,429.56802812001314,392181,58.0,0.001,0.0017
160,429.56788858702146,391340,59.0,0.001,0.0017
161,429.5677030061829,390507,60.0,0.001,0.0017
162,429.5676651144407,389663,61.0,0.001,0.0017
163,429.5678190036062,388817,62.0,0.001,0.0017
164,429.56784916917724,387989,63.0,0.001,0.0017
165,429.56784933810246,387154,64.0,0.001,0.0017
166,429.56792615721986,386315,65.0,0.001,0.0017
167,429.56796484178017,385493,66.0,0.001,0.0017
168,429.56779642888193,384659,67.0,0.001,0.0017
169,429.56765839810504,383817,68.0,0.001,0.0017
170,429.5679800754395,382995,69.0,0.001,0.0017
171,429.56770376646574,382169,70.0,0.001,0.0017
172,429.5677509193074,381336,71.0,0.001,0.0017
173,429.56779090679953,380520,72.0,0.001,0.0017
174,429.56801350116547,379698,73.0,0.001,0.0017
175,429.567964535163,378866,74.0,0.001,0.0017
176,429.5678293406332,378044,75.0,0.001,0.0017
177,429.5677792485714,377229,76.0,0.001,0.0017
178,429.5676946499941,376406,77.0,0.001,0.0017
179,429.5679258102616,375590,78.0,0.001,0.0017
180,429.56777209806313,374779,79.0,0.001,0.0017
181,429.56784293041795,373955,80.0,0.001,0.0017
182,429.567871281666,373130,81.0,0.001,0.0017
183,429.56783425363886,372319,82.0,0.001,0.0017
184,429.56771485569993,371500,83.0,0.001,0.0017
185,429.5676958419779,370678,84.0,0.001,0.0017
186,429.56767066914097,369873,85.0,0.001,0.0017
187,429.56799585127646,369064,86.0,0.001,0.0017
188,429.5679837315411,368249,87.0,0.001,0.0017
189,429.56790196343127,367452,88.0,0.001,0.0017
190,429.5677262965977,366646,89.0,0.001,0.0017
191,429.56786910076295,365828,90.0,0.001,0.0017
192,429.5677372151267,365024,91.0,0.001,0.0017
193,429.5676944667371,364221,92.0,0.001,0.0017
194,429.5678942009113,363411,93.0,0.001,0.0017
195,429.5679691299304,362612,94.0,0.001,0.0017
196,429.56784789305965,361819,95.0,0.001,0.0017
197,429.56789836719946,361020,96.0,0.001,0.0017
198,429.56775442432405,360227,97.0,0.001,0.0017
199,429.56778161456464,359447,98.0,0.001,0.0017
200,429.567717193451,358653,99.0,0.001,0.0017
201,429.5677694124456,357853,100.0,0.001,0.0017
202,429.9974708939263,443016,0.0,0.004,0.0017
203,429.56788306742726,443186,1.0,0.004,0.0017
204,429.5678750963787,444169,2.0,0.004,0.0017
205,429.5679179907597,445093,3.0,0.004,0.0017
206,429.56773567544553,446002,4.0,0.004,0.0017
207,429.56785107003776,446849,5.0,0.004,0.0017
208,429.56750676129343,447644,6.0,0.004,0.0017
209,429.56758026517025,448412,7.0,0.004,0.0017
210,429.5677346625846,449130,8.0,0.004,0.0017
211,429.56763615583674,449803,9.0,0.004,0.0017
212,429.56750499334635,450455,10.0,0.004,0.0017
213,429.56768147695743,451056,11.0,0.004,0.0017
214,429.56759678680777,451609,12.0,0.004,0.0017
215,429.5677982803099,452152,13.0,0.004,0.0017
216,429.5676126513227,452651,14.0,0.004,0.0017
217,429.567591705896,453119,15.0,0.004,0.0017
218,429.5677486896778,453553,16.0,0.004,0.0017
219,429.5676746461674,453973,17.0,0.004,0.0017
220,429.5677408249402,454377,18.0,0.004,0.0017
221,429.56753455441464,454751,19.0,0.004,0.0017
222,429.56748348743366,455096,20.0,0.004,0.0017
223,429.567558281592,455416,21.0,0.004,0.0017
224,429.56768039161005,455727,22.0,0.004,0.0017
225,429.5674752298439,456020,23.0,0.004,0.0017
226,429.56764349390795,456288,24.0,0.004,0.0017
227,429.5676662121857,456529,25.0,0.004,0.0017
228,429.56771614594976,456744,26.0,0.004,0.0017
229,429.5675295037139,456948,27.0,0.004,0.0017
230,429.56759323838946,457146,28.0,0.004,0.0017
231,429.5677385426998,457326,29.0,0.004,0.0017
232,429.5676983308864,457484,30.0,0.004,0.0017
233,429.5674768914312,457620,31.0,0.004,0.0017
234,429.5676823418187,457747,32.0,0.004,0.0017
235,429.5676338300234,457860,33.0,0.004,0.0017
236,429.56766007991723,457958,34.0,0.004,0.0017
237,429.5674955575129,458041,35.0,0.004,0.0017
238,429.56758587722715,458111,36.0,0.004,0.0017
239,429.5676569269873,458175,37.0,0.004,0.0017
240,429.56750818419073,458226,38.0,0.004,0.0017
241,429.5675813088386,458264,39.0,0.004,0.0017
242,429.5676365727762,458288,40.0,0.004,0.0017
243,429.5677084147328,458298,41.0,0.004,0.0017
244,429.5676853233917,458304,42.0,0.004,0.0017
245,429.5675579887169,458300,43.0,0.004,0.0017
246,429.56749717440783,458286,44.0,0.004,0.0017
247,429.56765542589903,458263,45.0,0.004,0.0017
248,429.5675337106412,458229,46.0,0.004,0.0017
249,429.567598833254,458186,47.0,0.004,0.0017
250,429.56763650676754,458133,48.0,0.004,0.0017
251,429.5676813541853,458070,49.0,0.004,0.0017
252,429.56751280477505,457996,50.0,0.004,0.0017
253,429.5676644518538,457914,51.0,0.004,0.0017
254,429.56769862897977,457830,52.0,0.004,0.0017
255,429.5675690121423,457736,53.0,0.004,0.0017
256,429.56769402069295,457634,54.0,0.004,0.0017
257,429.5676283770707,457522,55.0,0.004,0.0017
258,429.56760762480855,457401,56.0,0.004,0.0017
259,429.5676016497994,457271,57.0,0.004,0.0017
260,429.5676603321456,457132,58.0,0.004,0.0017
261,429.5675050634855,456983,59.0,0.004,0.0017
262,429.5675984210305,456826,60.0,0.004,0.0017
263,429.56766048098984,456663,61.0,0.004,0.0017
264,429.56764757222396,456499,62.0,0.004,0.0017
265,429.5676719223876,456328,63.0,0.004,0.0017
266,429.5674742818103,456149,64.0,0.004,0.0017
267,429.56752084360585,455964,65.0,0.004,0.0017
268,429.5675720372146,455772,66.0,0.004,0.0017
269,429.56764183582385,455573,67.0,0.004,0.0017
270,429.5674735889978,455366,68.0,0.004,0.0017
271,429.56752872579585,455153,69.0,0.004,0.0017
272,429.56757438934886,454933,70.0,0.004,0.0017
273,429.5676641334243,454710,71.0,0.004,0.0017
274,429.5675805708799,454484,72.0,0.004,0.0017
275,429.5676125076319,454253,73.0,0.004,0.0017
276,429.56754705546996,454016,74.0,0.004,0.0017
277,429.5675633926837,453774,75.0,0.004,0.0017
278,429.5674774445218,453526,76.0,0.004,0.0017
279,429.56767694679814,453274,77.0,0.004,0.0017
280,429.5675514597374,453015,78.0,0.004,0.0017
281,429.56748812246525,452751,79.0,0.004,0.0017
282,429.56750936252365,452482,80.0,0.004,0.0017
283,429.5676691438534,452212,81.0,0.004,0.0017
284,429.56763229385734,451938,82.0,0.004,0.0017
285,429.56766057196256,451660,83.0,0.004,0.0017
286,429.56754997895575,451377,84.0,0.004,0.0017
287,429.56748882725134,451090,85.0,0.004,0.0017
288,429.5674953915789,450799,86.0,0.004,0.0017
289,429.5675283496005,450504,87.0,0.004,0.0017
290,429.56759161547734,450205,88.0,0.004,0.0017
291,429.5676265338455,449902,89.0,0.004,0.0017
292,429.5676624204057,449595,90.0,0.004,0.0017
293,429.56765294765233,449287,91.0,0.004,0.0017
294,429.56761679033406,448976,92.0,0.004,0.0017
295,429.5676335006927,448662,93.0,0.004,0.0017
296,429.5676738177673,448345,94.0,0.004,0.0017
297,429.56756054499783,448024,95.0,0.004,0.0017
298,429.5676493432996,447701,96.0,0.004,0.0017
299,429.5675626033671,447374,97.0,0.004,0.0017
300,429.5674842293415,447044,98.0,0.004,0.0017
301,429.5676203076078,446712,99.0,0.004,0.0017
302,429.56751509830076,446376,100.0,0.004,0.0017
303,429.9975017301306,443016,0.0,0.0035,0.0017
304,429.5676811383448,442867,1.0,0.0035,0.0017
305,429.5679224588939,443551,2.0,0.0035,0.0017
306,429.56767774460144,444196,3.0,0.0035,0.0017
307,429.5678674229015,444800,4.0,0.0035,0.0017
308,429.567663406432,445380,5.0,0.0035,0.0017
309,429.56759541970416,445932,6.0,0.0035,0.0017
310,429.5676711515796,446439,7.0,0.0035,0.0017
311,429.567611040218,446904,8.0,0.0035,0.0017
312,429.56751949827196,447352,9.0,0.0035,0.0017
313,429.56763436410904,447776,10.0,0.0035,0.0017
314,429.56764609632955,448161,11.0,0.0035,0.0017
315,429.5676411787352,448518,12.0,0.0035,0.0017
316,429.5676002844452,448839,13.0,0.0035,0.0017
317,429.5677024050571,449136,14.0,0.0035,0.0017
318,429.5678340002141,449422,15.0,0.0035,0.0017
319,429.5677241163865,449676,16.0,0.0035,0.0017
320,429.56777426327614,449904,17.0,0.0035,0.0017
321,429.5675083539358,450111,18.0,0.0035,0.0017
322,429.5677969780844,450294,19.0,0.0035,0.0017
323,429.5676696494939,450456,20.0,0.0035,0.0017
324,429.5677437643331,450605,21.0,0.0035,0.0017
325,429.567520663962,450737,22.0,0.0035,0.0017
326,429.567628357952,450857,23.0,0.0035,0.0017
327,429.5676398983946,450963,24.0,0.0035,0.0017
328,429.56757035485833,451052,25.0,0.0035,0.0017
329,429.5677718871785,451125,26.0,0.0035,0.0017
330,429.5677142846173,451180,27.0,0.0035,0.0017
331,429.56775274718535,451218,28.0,0.0035,0.0017
332,429.56768505354387,451248,29.0,0.0035,0.0017
333,429.56778904540874,451265,30.0,0.0035,0.0017
334,429.5676245142675,451267,31.0,0.0035,0.0017
335,429.56770684968023,451256,32.0,0.0035,0.0017
336,429.5676030712341,451230,33.0,0.0035,0.0017
337,429.56761378462124,451192,34.0,0.0035,0.0017
338,429.5677628102988,451151,35.0,0.0035,0.0017
339,429.5677505732169,451098,36.0,0.0035,0.0017
340,429.5675460437868,451032,37.0,0.0035,0.0017
341,429.5676695407507,450955,38.0,0.0035,0.0017
342,429.5676447774261,450865,39.0,0.0035,0.0017
343,429.56758972308285,450766,40.0,0.0035,0.0017
344,429.56772311286505,450662,41.0,0.0035,0.0017
345,429.56757042873016,450547,42.0,0.0035,0.0017
346,429.567633526739,450423,43.0,0.0035,0.0017
347,429.5676846616418,450289,44.0,0.0035,0.0017
348,429.56771624785176,450145,45.0,0.0035,0.0017
349,429.5675042417429,449994,46.0,0.0035,0.0017
350,429.56767993380953,449838,47.0,0.0035,0.0017
351,429.56764515677924,449673,48.0,0.0035,0.0017
352,429.5676840998754,449500,49.0,0.0035,0.0017
353,429.5675115620184,449318,50.0,0.0035,0.0017
354,429.56763047041267,449129,51.0,0.0035,0.0017
355,429.56751859497234,448936,52.0,0.0035,0.0017
356,429.56765179200613,448738,53.0,0.0035,0.0017
357,429.5676899188241,448533,54.0,0.0035,0.0017
358,429.5675858082082,448321,55.0,0.0035,0.0017
359,429.56763751583486,448103,56.0,0.0035,0.0017
360,429.5675688419653,447878,57.0,0.0035,0.0017
361,429.567620036092,447647,58.0,0.0035,0.0017
362,429.5675420086828,447409,59.0,0.0035,0.0017
363,429.5675801945512,447165,60.0,0.0035,0.0017
364,429.5677279591683,446915,61.0,0.0035,0.0017
365,429.5675081835472,446661,62.0,0.0035,0.0017
366,429.56760195828855,446403,63.0,0.0035,0.0017
367,429.5675879489672,446139,64.0,0.0035,0.0017
368,429.56767522195787,445870,65.0,0.0035,0.0017
369,429.56758996877113,445595,66.0,0.0035,0.0017
370,429.56754000487217,445315,67.0,0.0035,0.0017
371,429.5675450660237,445030,68.0,0.0035,0.0017
372,429.56755776087215,444740,69.0,0.0035,0.0017
373,429.5675638971901,444445,70.0,0.0035,0.0017
374,429.56756930540826,444145,71.0,0.0035,0.0017
375,429.56764534969983,443844,72.0,0.0035,0.0017
376,429.56769856554064,443539,73.0,0.0035,0.0017
377,429.567601214853,443229,74.0,0.0035,0.0017
378,429.56753717660814,442915,75.0,0.0035,0.0017
379,429.56754311628134,442597,76.0,0.0035,0.0017
380,429.5675983245182,442275,77.0,0.0035,0.0017
381,429.56751095914916,441948,78.0,0.0035,0.0017
382,429.56766044424137,441618,79.0,0.0035,0.0017
383,429.56766180214316,441283,80.0,0.0035,0.0017
384,429.56766903426234,440944,81.0,0.0035,0.0017
385,429.56767695234544,440603,82.0,0.0035,0.0017
386,429.567570871018,440258,83.0,0.0035,0.0017
387,429.5675949506582,439910,84.0,0.0035,0.0017
388,429.56758604360937,439559,85.0,0.0035,0.0017
389,429.56753539056484,439205,86.0,0.0035,0.0017
390,429.5676679933942,438849,87.0,0.0035,0.0017
391,429.567516899868,438489,88.0,0.0035,0.0017
392,429.56752781362883,438127,89.0,0.0035,0.0017
393,429.56771079857646,437763,90.0,0.0035,0.0017
394,429.56762172235534,437395,91.0,0.0035,0.0017
395,429.567519963866,437025,92.0,0.0035,0.0017
396,429.5675417866677,436653,93.0,0.0035,0.0017
397,429.56758111921437,436278,94.0,0.0035,0.0017
398,429.56757806416215,435900,95.0,0.0035,0.0017
399,429.56755049613963,435519,96.0,0.0035,0.0017
400,429.56769552053936,435136,97.0,0.0035,0.0017
401,429.5675298415796,434749,98.0,0.0035,0.0017
402,429.567504623288,434361,99.0,0.0035,0.0017
403,429.56763181402374,433972,100.0,0.0035,0.0017
404,429.99756340265753,443016,0.0,0.0025,0.0017
405,429.5676861779854,442254,1.0,0.0025,0.0017
406,429.5678080982613,442309,2.0,0.0025,0.0017
407,429.5677810956953,442352,3.0,0.0025,0.0017
408,429.5680151417557,442382,4.0,0.0025,0.0017
409,429.56797281419404,442397,5.0,0.0025,0.0017
410,429.56776455962887,442397,6.0,0.0025,0.0017
411,429.56777143067933,442382,7.0,0.0025,0.0017
412,429.5678194022925,442352,8.0,0.0025,0.0017
413,429.5679165045682,442306,9.0,0.0025,0.0017
414,429.5678470592764,442242,10.0,0.0025,0.0017
415,429.56773849749277,442162,11.0,0.0025,0.0017
416,429.5678334583469,442067,12.0,0.0025,0.0017
417,429.56792319547196,441955,13.0,0.0025,0.0017
418,429.5678393113316,441827,14.0,0.0025,0.0017
419,429.56777219187916,441686,15.0,0.0025,0.0017
420,429.56775063689855,441530,16.0,0.0025,0.0017
421,429.567790107372,441360,17.0,0.0025,0.0017
422,429.56766812571817,441179,18.0,0.0025,0.0017
423,429.5677691833716,440986,19.0,0.0025,0.0017
424,429.5677200715824,440780,20.0,0.0025,0.0017
425,429.5676928466002,440565,21.0,0.0025,0.0017
426,429.56767933072473,440339,22.0,0.0025,0.0017
427,429.56771090378163,440102,23.0,0.0025,0.0017
428,429.56785291859416,439857,24.0,0.0025,0.0017
429,429.5676908795601,439602,25.0,0.0025,0.0017
430,429.5677284927921,439338,26.0,0.0025,0.0017
431,429.56762128854194,439064,27.0,0.0025,0.0017
432,429.56772568333975,438781,28.0,0.0025,0.0017
433,429.56763124393905,438488,29.0,0.0025,0.0017
434,429.56765518103714,438187,30.0,0.0025,0.0017
435,429.5677747671029,437879,31.0,0.0025,0.0017
436,429.5677425070576,437562,32.0,0.0025,0.0017
437,429.56758538583654,437236,33.0,0.0025,0.0017
438,429.5677855556143,436903,34.0,0.0025,0.0017
439,429.5675854433557,436563,35.0,0.0025,0.0017
440,429.56763281616594,436219,36.0,0.0025,0.0017
441,429.5678379692704,435872,37.0,0.0025,0.0017
442,429.56777247712023,435518,38.0,0.0025,0.0017
443,429.5676735015098,435157,39.0,0.0025,0.0017
444,429.5677945397624,434790,40.0,0.0025,0.0017
445,429.56783988166393,434416,41.0,0.0025,0.0017
446,429.5677352493339,434035,42.0,0.0025,0.0017
447,429.5676550499086,433648,43.0,0.0025,0.0017
448,429.5675729232377,433255,44.0,0.0025,0.0017
449,429.56774847995683,432858,45.0,0.0025,0.0017
450,429.56760870003103,432458,46.0,0.0025,0.0017
451,429.5676068166355,432056,47.0,0.0025,0.0017
452,429.5678253959656,431651,48.0,0.0025,0.0017
453,429.56777620809953,431240,49.0,0.0025,0.0017
454,429.56761696258616,430823,50.0,0.0025,0.0017
455,429.56757005471866,430401,51.0,0.0025,0.0017
456,429.56782018527804,429975,52.0,0.0025,0.0017
457,429.56756619331577,429542,53.0,0.0025,0.0017
458,429.56756768783566,429107,54.0,0.0025,0.0017
459,429.56761921898567,428672,55.0,0.0025,0.0017
460,429.5676960179527,428235,56.0,0.0025,0.0017
461,429.5676248795952,427794,57.0,0.0025,0.0017
462,429.5676887732446,427349,58.0,0.0025,0.0017
463,429.56758735804976,426899,59.0,0.0025,0.0017
464,429.567601427802,426445,60.0,0.0025,0.0017
465,429.5676627013509,425987,61.0,0.0025,0.0017
466,429.5676408497538,425526,62.0,0.0025,0.0017
467,429.56760386465254,425064,63.0,0.0025,0.0017
468,429.56757036683933,424601,64.0,0.0025,0.0017
469,429.56773887908696,424136,65.0,0.0025,0.0017
470,429.56764370381734,423666,66.0,0.0025,0.0017
471,429.5675847125682,423192,67.0,0.0025,0.0017
472,429.5677826241097,422715,68.0,0.0025,0.0017
473,429.5678088129,422234,69.0,0.0025,0.0017
474,429.56766483285077,421753,70.0,0.0025,0.0017
475,429.56759600663946,421273,71.0,0.0025,0.0017
476,429.5677737238235,420792,72.0,0.0025,0.0017
477,429.5676516161615,420305,73.0,0.0025,0.0017
478,429.5676978277031,419815,74.0,0.0025,0.0017
479,429.5676718329137,419321,75.0,0.0025,0.0017
480,429.56768289160607,418824,76.0,0.0025,0.0017
481,429.56775786646955,418328,77.0,0.0025,0.0017
482,429.56781080724954,417833,78.0,0.0025,0.0017
483,429.56771169710845,417337,79.0,0.0025,0.0017
484,429.56760085707805,416839,80.0,0.0025,0.0017
485,429.5677094262539,416339,81.0,0.0025,0.0017
486,429.56759720408417,415834,82.0,0.0025,0.0017
487,429.56771197460694,415325,83.0,0.0025,0.0017
488,429.56774646096176,414817,84.0,0.0025,0.0017
489,429.56780210175305,414310,85.0,0.0025,0.0017
490,429.56776166702343,413802,86.0,0.0025,0.0017
491,429.5675811494052,413291,87.0,0.0025,0.0017
492,429.56780320587467,412779,88.0,0.0025,0.0017
493,429.56772761044107,412263,89.0,0.0025,0.0017
494,429.5676381699821,411747,90.0,0.0025,0.0017
495,429.5677205186457,411234,91.0,0.0025,0.0017
496,429.56764288529723,410720,92.0,0.0025,0.0017
497,429.5677410247882,410203,93.0,0.0025,0.0017
498,429.56775314385675,409683,94.0,0.0025,0.0017
499,429.56773490205217,409160,95.0,0.0025,0.0017
500,429.56769333247536,408635,96.0,0.0025,0.0017
501,429.5677047019559,408112,97.0,0.0025,0.0017
502,429.56756746880234,407590,98.0,0.0025,0.0017
503,429.5676192569521,407069,99.0,0.0025,0.0017
504,429.567748292918,406547,100.0,0.0025,0.0017
505,429.9975325663745,443016,0.0,0.003,0.0017
506,429.56800952951727,442561,1.0,0.003,0.0017
507,429.5676604276483,442922,2.0,0.003,0.0017
508,429.5678470154633,443277,3.0,0.003,0.0017
509,429.5675911938988,443605,4.0,0.003,0.0017
510,429.56755789991666,443907,5.0,0.003,0.0017
511,429.56781438976554,444181,6.0,0.003,0.0017
512,429.5679036880369,444427,7.0,0.003,0.0017
513,429.56770025119636,444647,8.0,0.003,0.0017
514,429.5676670962525,444851,9.0,0.003,0.0017
515,429.5677517853307,445038,10.0,0.003,0.0017
516,429.5676216994293,445199,11.0,0.003,0.0017
517,429.5677716063897,445334,12.0,0.003,0.0017
518,429.56771888239683,445451,13.0,0.003,0.0017
519,429.56756046499277,445544,14.0,0.003,0.0017
520,429.56760735033066,445613,15.0,0.003,0.0017
521,429.5675661485941,445666,16.0,0.003,0.0017
522,429.5675590689904,445701,17.0,0.003,0.0017
523,429.56767199448205,445716,18.0,0.003,0.0017
524,429.56779253333394,445716,19.0,0.003,0.0017
525,429.56772006059475,445702,20.0,0.003,0.0017
526,429.5677183122348,445672,21.0,0.003,0.0017
527,429.56758493784776,445627,22.0,0.003,0.0017
528,429.56779511056135,445572,23.0,0.003,0.0017
529,429.56755288418236,445501,24.0,0.003,0.0017
530,429.56778761888444,445418,25.0,0.003,0.0017
531,429.56758877881526,445326,26.0,0.003,0.0017
532,429.56754165342517,445223,27.0,0.003,0.0017
533,429.5676762746594,445109,28.0,0.003,0.0017
534,429.5677692975804,444983,29.0,0.003,0.0017
535,429.56781815839946,444845,30.0,0.003,0.0017
536,429.5675531751605,444694,31.0,0.003,0.0017
537,429.5678130145175,444538,32.0,0.003,0.0017
538,429.5678110611797,444372,33.0,0.003,0.0017
539,429.5676093717954,444195,34.0,0.003,0.0017
540,429.56753908774186,444008,35.0,0.003,0.0017
541,429.5675454679308,443811,36.0,0.003,0.0017
542,429.56759850606176,443604,37.0,0.003,0.0017
543,429.5677572376805,443390,38.0,0.003,0.0017
544,429.56780600844104,443171,39.0,0.003,0.0017
545,429.56757243586475,442943,40.0,0.003,0.0017
546,429.5675988143003,442708,41.0,0.003,0.0017
547,429.5676194297467,442465,42.0,0.003,0.0017
548,429.5675901132307,442214,43.0,0.003,0.0017
549,429.56776267320674,441956,44.0,0.003,0.0017
550,429.56770666581093,441694,45.0,0.003,0.0017
551,429.56755769305266,441425,46.0,0.003,0.0017
552,429.56755800523854,441150,47.0,0.003,0.0017
553,429.5677767029541,440869,48.0,0.003,0.0017
554,429.5676236464736,440580,49.0,0.003,0.0017
555,429.56764433000393,440285,50.0,0.003,0.0017
556,429.56766146339925,439985,51.0,0.003,0.0017
557,429.56767497507985,439680,52.0,0.003,0.0017
558,429.5676319490849,439369,53.0,0.003,0.0017
559,429.5677649343231,439053,54.0,0.003,0.0017
560,429.567589055404,438730,55.0,0.003,0.0017
561,429.5675615861062,438402,56.0,0.003,0.0017
562,429.56776713257807,438070,57.0,0.003,0.0017
563,429.5675936013091,437734,58.0,0.003,0.0017
564,429.56757715883396,437395,59.0,0.003,0.0017
565,429.5677552774433,437053,60.0,0.003,0.0017
566,429.5676570200298,436706,61.0,0.003,0.0017
567,429.56757357781356,436355,62.0,0.003,0.0017
568,429.5675423994615,436000,63.0,0.003,0.0017
569,429.5676497973111,435641,64.0,0.003,0.0017
570,429.567611299445,435277,65.0,0.003,0.0017
571,429.56772257440645,434909,66.0,0.003,0.0017
572,429.56762794970047,434536,67.0,0.003,0.0017
573,429.56775890362496,434160,68.0,0.003,0.0017
574,429.5677106033898,433779,69.0,0.003,0.0017
575,429.5676943661604,433395,70.0,0.003,0.0017
576,429.56774611748585,433009,71.0,0.003,0.0017
577,429.56764914151717,432620,72.0,0.003,0.0017
578,429.5676656198433,432229,73.0,0.003,0.0017
579,429.5676421013462,431835,74.0,0.003,0.0017
580,429.56766561755643,431438,75.0,0.003,0.0017
581,429.5675496972522,431037,76.0,0.003,0.0017
582,429.56756022480846,430633,77.0,0.003,0.0017
583,429.5675554418507,430225,78.0,0.003,0.0017
584,429.56765747395684,429814,79.0,0.003,0.0017
585,429.567579195926,429399,80.0,0.003,0.0017
586,429.5676193394626,428983,81.0,0.003,0.0017
587,429.56773443050355,428566,82.0,0.003,0.0017
588,429.56773264364307,428147,83.0,0.003,0.0017
589,429.567691321736,427726,84.0,0.003,0.0017
590,429.56770834000173,427303,85.0,0.003,0.0017
591,429.56764045830226,426877,86.0,0.003,0.0017
592,429.5675912097829,426448,87.0,0.003,0.0017
593,429.56773418789254,426016,88.0,0.003,0.0017
594,429.5676509360051,425580,89.0,0.003,0.0017
595,429.56770167700824,425143,90.0,0.003,0.0017
596,429.5676769935216,424705,91.0,0.003,0.0017
597,429.5676233887676,424266,92.0,0.003,0.0017
598,429.5675814078448,423826,93.0,0.003,0.0017
599,429.56766775877713,423385,94.0,0.003,0.0017
600,429.5675487045076,422941,95.0,0.003,0.0017
601,429.56772263102226,422496,96.0,0.003,0.0017
602,429.5675942533755,422047,97.0,0.003,0.0017
603,429.567629087609,421595,98.0,0.003,0.0017
604,429.56761378391104,421142,99.0,0.003,0.0017
605,429.56765934003056,420689,100.0,0.003,0.0017
606,429.99762507534007,443016,0.0,0.0015,0.0017
607,429.567880202112,441634,1.0,0.0015,0.0017
608,429.56797608958914,441071,2.0,0.0015,0.0017
609,429.56779272465286,440500,3.0,0.0015,0.0017
610,429.5677639299776,439930,4.0,0.0015,0.0017
611,429.5676611975943,439371,5.0,0.0015,0.0017
612,429.5676694724607,438801,6.0,0.0015,0.0017
613,429.56793912292466,438223,7.0,0.0015,0.0017
614,429.5678587705397,437637,8.0,0.0015,0.0017
615,429.5680176524601,437045,9.0,0.0015,0.0017
616,429.5678292317094,436465,10.0,0.0015,0.0017
617,429.56766949040775,435879,11.0,0.0015,0.0017
618,429.5679878702373,435282,12.0,0.0015,0.0017
619,429.5678646598805,434674,13.0,0.0015,0.0017
620,429.5676737811036,434067,14.0,0.0015,0.0017
621,429.56779192171507,433469,15.0,0.0015,0.0017
622,429.5677199776138,432860,16.0,0.0015,0.0017
623,429.56766456730514,432243,17.0,0.0015,0.0017
624,429.5677261102959,431616,18.0,0.0015,0.0017
625,429.56775845964444,430989,19.0,0.0015,0.0017
626,429.56765946632146,430364,20.0,0.0015,0.0017
627,429.56777775013404,429730,21.0,0.0015,0.0017
628,429.5678466469017,429087,22.0,0.0015,0.0017
629,429.5677185714768,428438,23.0,0.0015,0.0017
630,429.56794842812945,427805,24.0,0.0015,0.0017
631,429.5679280191549,427158,25.0,0.0015,0.0017
632,429.5678588069453,426502,26.0,0.0015,0.0017
633,429.56777988682364,425838,27.0,0.0015,0.0017
634,429.5678116124751,425182,28.0,0.0015,0.0017
635,429.56795533870746,424533,29.0,0.0015,0.0017
636,429.56771422319935,423878,30.0,0.0015,0.0017
637,429.5678326223987,423211,31.0,0.0015,0.0017
638,429.5676733503541,422536,32.0,0.0015,0.0017
639,429.56771272728787,421874,33.0,0.0015,0.0017
640,429.5678700796351,421207,34.0,0.0015,0.0017
641,429.56772836179596,420533,35.0,0.0015,0.0017
642,429.5679357717694,419856,36.0,0.0015,0.0017
643,429.5676443500263,419191,37.0,0.0015,0.0017
644,429.5678477293585,418517,38.0,0.0015,0.0017
645,429.56788747721885,417835,39.0,0.0015,0.0017
646,429.5678785228139,417146,40.0,0.0015,0.0017
647,429.56795321400045,416468,41.0,0.0015,0.0017
648,429.56765429046044,415793,42.0,0.0015,0.0017
649,429.567660868703,415114,43.0,0.0015,0.0017
650,429.5677585223335,414422,44.0,0.0015,0.0017
651,429.56782075376054,413733,45.0,0.0015,0.0017
652,429.5678399276232,413051,46.0,0.0015,0.0017
653,429.5677958186965,412363,47.0,0.0015,0.0017
654,429.56775065706734,411669,48.0,0.0015,0.0017
655,429.5676788289111,410979,49.0,0.0015,0.0017
656,429.567647552873,410297,50.0,0.0015,0.0017
657,429.56782180911654,409605,51.0,0.0015,0.0017
658,429.5679169106335,408906,52.0,0.0015,0.0017
659,429.5677424815261,408207,53.0,0.0015,0.0017
660,429.567708127395,407520,54.0,0.0015,0.0017
661,429.5679238282261,406830,55.0,0.0015,0.0017
662,429.5677244019477,406134,56.0,0.0015,0.0017
663,429.5676924800942,405431,57.0,0.0015,0.0017
664,429.56791322727855,404740,58.0,0.0015,0.0017
665,429.56772409361946,404044,59.0,0.0015,0.0017
666,429.56784099630084,403343,60.0,0.0015,0.0017
667,429.56773626758957,402641,61.0,0.0015,0.0017
668,429.56771627172003,401952,62.0,0.0015,0.0017
669,429.56786848571767,401256,63.0,0.0015,0.0017
670,429.5679259811642,400549,64.0,0.0015,0.0017
671,429.5676747831555,399839,65.0,0.0015,0.0017
672,429.567815608453,399141,66.0,0.0015,0.0017
673,429.56773189206285,398439,67.0,0.0015,0.0017
674,429.5677264146361,397731,68.0,0.0015,0.0017
675,429.5677351262035,397023,69.0,0.0015,0.0017
676,429.56789649086744,396327,70.0,0.0015,0.0017
677,429.5677953333642,395628,71.0,0.0015,0.0017
678,429.5678528276398,394925,72.0,0.0015,0.0017
679,429.5678346341366,394217,73.0,0.0015,0.0017
680,429.5677066867965,393515,74.0,0.0015,0.0017
681,429.5676567915884,392810,75.0,0.0015,0.0017
682,429.56783988979294,392100,76.0,0.0015,0.0017
683,429.5677223723653,391391,77.0,0.0015,0.0017
684,429.5677684903484,390693,78.0,0.0015,0.0017
685,429.56767142036426,389992,79.0,0.0015,0.0017
686,429.5676335713666,389287,80.0,0.0015,0.0017
687,429.5678262547847,388587,81.0,0.0015,0.0017
688,429.5677819181517,387897,82.0,0.0015,0.0017
689,429.5677855073646,387198,83.0,0.0015,0.0017
690,429.56764020442137,386488,84.0,0.0015,0.0017
691,429.56787115867974,385783,85.0,0.0015,0.0017
692,429.5676853452831,385085,86.0,0.0015,0.0017
693,429.5676330942587,384384,87.0,0.0015,0.0017
694,429.5677561698255,383679,88.0,0.0015,0.0017
695,429.56776010856765,382980,89.0,0.0015,0.0017
696,429.56774082451125,382289,90.0,0.0015,0.0017
697,429.56788105898244,381596,91.0,0.0015,0.0017
698,429.5677478086362,380899,92.0,0.0015,0.0017
699,429.5676583012595,380203,93.0,0.0015,0.0017
700,429.5676961597834,379509,94.0,0.0015,0.0017
701,429.5677695383517,378811,95.0,0.0015,0.0017
702,429.5676967722523,378108,96.0,0.0015,0.0017
703,429.567698508014,377413,97.0,0.0015,0.0017
704,429.5678226706403,376724,98.0,0.0015,0.0017
705,429.56772210213774,376031,99.0,0.0015,0.0017
706,429.5676524077771,375335,100.0,0.0015,0.0017
707,429.9974400577619,443016,0.0,0.0045,0.0017
708,429.5675335682969,443502,1.0,0.0045,0.0017
709,429.5677941965256,444777,2.0,0.0045,0.0017
710,429.5678308468545,446011,3.0,0.0045,0.0017
711,429.5676090261196,447177,4.0,0.0045,0.0017
712,429.5674632001898,448295,5.0,0.0045,0.0017
713,429.5676636125849,449347,6.0,0.0045,0.0017
714,429.56769775947953,450357,7.0,0.0045,0.0017
715,429.56769968331173,451311,8.0,0.0045,0.0017
716,429.5677514734142,452211,9.0,0.0045,0.0017
717,429.5676451386577,453073,10.0,0.0045,0.0017
718,429.5677024371709,453879,11.0,0.0045,0.0017
719,429.5677469980737,454647,12.0,0.0045,0.0017
720,429.5676471718549,455380,13.0,0.0045,0.0017
721,429.5675144087463,456062,14.0,0.0045,0.0017
722,429.56767830317193,456726,15.0,0.0045,0.0017
723,429.5676902392683,457367,16.0,0.0045,0.0017
724,429.5674946380486,457965,17.0,0.0045,0.0017
725,429.567634678925,458534,18.0,0.0045,0.0017
726,429.56770761199147,459083,19.0,0.0045,0.0017
727,429.56752863535695,459604,20.0,0.0045,0.0017
728,429.56756932793826,460090,21.0,0.0045,0.0017
729,429.56768366726016,460555,22.0,0.0045,0.0017
730,429.567446292263,460989,23.0,0.0045,0.0017
731,429.5675924881439,461410,24.0,0.0045,0.0017
732,429.56770910678955,461802,25.0,0.0045,0.0017
733,429.56760121428437,462173,26.0,0.0045,0.0017
734,429.56762106568254,462524,27.0,0.0045,0.0017
735,429.56768740021806,462859,28.0,0.0045,0.0017
736,429.56767788266706,463172,29.0,0.0045,0.0017
737,429.5675940975675,463462,30.0,0.0045,0.0017
738,429.56755982732795,463735,31.0,0.0045,0.0017
739,429.56766074002405,463998,32.0,0.0045,0.0017
740,429.56765439140094,464245,33.0,0.0045,0.0017
741,429.5675359086134,464471,34.0,0.0045,0.0017
742,429.56752289392136,464677,35.0,0.0045,0.0017
743,429.5676766450633,464869,36.0,0.0045,0.0017
744,429.5676695730467,465057,37.0,0.0045,0.0017
745,429.56767164602917,465235,38.0,0.0045,0.0017
746,429.5676747983259,465398,39.0,0.0045,0.0017
747,429.56767303841343,465545,40.0,0.0045,0.0017
748,429.5676442145064,465676,41.0,0.0045,0.0017
749,429.5675310290695,465791,42.0,0.0045,0.0017
750,429.5675171158283,465892,43.0,0.0045,0.0017
751,429.5676024916094,465980,44.0,0.0045,0.0017
752,429.56756650676334,466064,45.0,0.0045,0.0017
753,429.56746855485153,466139,46.0,0.0045,0.0017
754,429.56755040583465,466201,47.0,0.0045,0.0017
755,429.56761212109575,466249,48.0,0.0045,0.0017
756,429.5676208595611,466283,49.0,0.0045,0.0017
757,429.5675919918337,466303,50.0,0.0045,0.0017
758,429.5674452927453,466309,51.0,0.0045,0.0017
759,429.5675330019474,466303,52.0,0.0045,0.0017
760,429.5675213719327,466287,53.0,0.0045,0.0017
761,429.56757784474394,466271,54.0,0.0045,0.0017
762,429.5675351839926,466245,55.0,0.0045,0.0017
763,429.56765406278987,466210,56.0,0.0045,0.0017
764,429.5675739885644,466164,57.0,0.0045,0.0017
765,429.56745611849595,466107,58.0,0.0045,0.0017
766,429.56753657608203,466040,59.0,0.0045,0.0017
767,429.567607188985,465962,60.0,0.0045,0.0017
768,429.56761973903537,465873,61.0,0.0045,0.0017
769,429.5676466688814,465781,62.0,0.0045,0.0017
770,429.56759514697615,465683,63.0,0.0045,0.0017
771,429.56764666537873,465577,64.0,0.0045,0.0017
772,429.5675698026396,465462,65.0,0.0045,0.0017
773,429.56754080027537,465339,66.0,0.0045,0.0017
774,429.56758305906493,465208,67.0,0.0045,0.0017
775,429.56745835862984,465068,68.0,0.0045,0.0017
776,429.5675973104681,464921,69.0,0.0045,0.0017
777,429.56749213398547,464766,70.0,0.0045,0.0017
778,429.5676238702552,464611,71.0,0.0045,0.0017
779,429.56746779825966,464448,72.0,0.0045,0.0017
780,429.56761735314313,464280,73.0,0.0045,0.0017
781,429.56748172079887,464104,74.0,0.0045,0.0017
782,429.56746109333517,463922,75.0,0.0045,0.0017
783,429.5675571789784,463734,76.0,0.0045,0.0017
784,429.56754871840445,463539,77.0,0.0045,0.0017
785,429.5674754034478,463337,78.0,0.0045,0.0017
786,429.56751908378516,463133,79.0,0.0045,0.0017
787,429.5674844176993,462925,80.0,0.0045,0.0017
788,429.5674975237833,462712,81.0,0.0045,0.0017
789,429.56757619668855,462494,82.0,0.0045,0.0017
790,429.56749017517154,462270,83.0,0.0045,0.0017
791,429.5674699329788,462041,84.0,0.0045,0.0017
792,429.5674699346818,461807,85.0,0.0045,0.0017
793,429.56752837671405,461568,86.0,0.0045,0.0017
794,429.5674846797961,461324,87.0,0.0045,0.0017
795,429.5675916749676,461080,88.0,0.0045,0.0017
796,429.56751411214975,460831,89.0,0.0045,0.0017
797,429.5674795888117,460578,90.0,0.0045,0.0017
798,429.56763313355594,460322,91.0,0.0045,0.0017
799,429.56761249629005,460061,92.0,0.0045,0.0017
800,429.56759539778994,459796,93.0,0.0045,0.0017
801,429.5675869081166,459527,94.0,0.0045,0.0017
802,429.5675568036942,459254,95.0,0.0045,0.0017
803,429.5675300607675,458977,96.0,0.0045,0.0017
804,429.56758430295054,458697,97.0,0.0045,0.0017
805,429.5675622659943,458416,98.0,0.0045,0.0017
806,429.5675919986244,458132,99.0,0.0045,0.0017
807,429.56747025395015,457844,100.0,0.0045,0.0017
808,429.9973475495101,443016,0.0,0.006,0.0017
809,429.56766210605065,444437,1.0,0.006,0.0017
810,429.5674384116893,446612,2.0,0.006,0.0017
811,429.5673562777306,448690,3.0,0.006,0.0017
812,429.56767956452694,450659,4.0,0.006,0.0017
813,429.5676435108274,452531,5.0,0.006,0.0017
814,429.5676359279281,454325,6.0,0.006,0.0017
815,429.56745273581134,456026,7.0,0.006,0.0017
816,429.56768207511766,457634,8.0,0.006,0.0017
817,429.56762427650705,459162,9.0,0.006,0.0017
818,429.56757321628197,460635,10.0,0.006,0.0017
819,429.56761357688623,462036,11.0,0.006,0.0017
820,429.5676594468628,463397,12.0,0.006,0.0017
821,429.5675382284798,464693,13.0,0.006,0.0017
822,429.5674492129733,465933,14.0,0.006,0.0017
823,429.5674749874033,467139,15.0,0.006,0.0017
824,429.56736522344534,468269,16.0,0.006,0.0017
825,429.5675365987682,469376,17.0,0.006,0.0017
826,429.56745438165785,470428,18.0,0.006,0.0017
827,429.5673690229898,471448,19.0,0.006,0.0017
828,429.5674900722051,472416,20.0,0.006,0.0017
829,429.5673769951054,473365,21.0,0.006,0.0017
830,429.5675278293038,474264,22.0,0.006,0.0017
831,429.5674938932636,475133,23.0,0.006,0.0017
832,429.56753191793155,475975,24.0,0.006,0.0017
833,429.56736777360567,476772,25.0,0.006,0.0017
834,429.5674284563129,477555,26.0,0.006,0.0017
835,429.5674638093156,478306,27.0,0.006,0.0017
836,429.56740261183165,479034,28.0,0.006,0.0017
837,429.5673764347627,479735,29.0,0.006,0.0017
838,429.5674039639383,480397,30.0,0.006,0.0017
839,429.5674104572946,481038,31.0,0.006,0.0017
840,429.567482181649,481651,32.0,0.006,0.0017
841,429.567541997004,482240,33.0,0.006,0.0017
842,429.5674626716059,482810,34.0,0.006,0.0017
843,429.5674885414301,483350,35.0,0.006,0.0017
844,429.56740264616457,483855,36.0,0.006,0.0017
845,429.5674038479701,484337,37.0,0.006,0.0017
846,429.56744386894894,484798,38.0,0.006,0.0017
847,429.567453243252,485242,39.0,0.006,0.0017
848,429.5674368041839,485662,40.0,0.006,0.0017
849,429.56751558758134,486065,41.0,0.006,0.0017
850,429.5674856117662,486441,42.0,0.006,0.0017
851,429.56737703306885,486788,43.0,0.006,0.0017
852,429.5674795408642,487115,44.0,0.006,0.0017
853,429.5675103108016,487438,45.0,0.006,0.0017
854,429.5673630790202,487739,46.0,0.006,0.0017
855,429.5675380426578,488018,47.0,0.006,0.0017
856,429.5674794966449,488275,48.0,0.006,0.0017
857,429.5675036361203,488515,49.0,0.006,0.0017
858,429.5675110032024,488738,50.0,0.006,0.0017
859,429.5674045231991,488951,51.0,0.006,0.0017
860,429.56748684157856,489146,52.0,0.006,0.0017
861,429.56750058230483,489324,53.0,0.006,0.0017
862,429.5674894132646,489487,54.0,0.006,0.0017
863,429.56737679193765,489635,55.0,0.006,0.0017
864,429.56739728194356,489766,56.0,0.006,0.0017
865,429.56739814217457,489893,57.0,0.006,0.0017
866,429.567442379817,490007,58.0,0.006,0.0017
867,429.5675357751079,490109,59.0,0.006,0.0017
868,429.5674902643147,490199,60.0,0.006,0.0017
869,429.5674466943008,490278,61.0,0.006,0.0017
870,429.56754377472515,490345,62.0,0.006,0.0017
871,429.5674233496551,490397,63.0,0.006,0.0017
872,429.5674329170296,490436,64.0,0.006,0.0017
873,429.56741599770027,490462,65.0,0.006,0.0017
874,429.56744266647155,490476,66.0,0.006,0.0017
875,429.5674400041027,490491,67.0,0.006,0.0017
876,429.56744697294505,490497,68.0,0.006,0.0017
877,429.5675346224397,490494,69.0,0.006,0.0017
878,429.5673584668075,490479,70.0,0.006,0.0017
879,429.56754252997666,490455,71.0,0.006,0.0017
880,429.5674894808059,490419,72.0,0.006,0.0017
881,429.56747892098383,490373,73.0,0.006,0.0017
882,429.5674714552942,490317,74.0,0.006,0.0017
883,429.5674157672366,490251,75.0,0.006,0.0017
884,429.56749097071594,490176,76.0,0.006,0.0017
885,429.56740800002166,490104,77.0,0.006,0.0017
886,429.56745340195823,490026,78.0,0.006,0.0017
887,429.56754021819364,489941,79.0,0.006,0.0017
888,429.5675393589497,489848,80.0,0.006,0.0017
889,429.56752525883826,489747,81.0,0.006,0.0017
890,429.5674432840524,489638,82.0,0.006,0.0017
891,429.56748906487843,489522,83.0,0.006,0.0017
892,429.5674194048589,489398,84.0,0.006,0.0017
893,429.56742947201354,489267,85.0,0.006,0.0017
894,429.5674668910179,489129,86.0,0.006,0.0017
895,429.567388085159,488993,87.0,0.006,0.0017
896,429.5674922280188,488853,88.0,0.006,0.0017
897,429.5674807718662,488707,89.0,0.006,0.0017
898,429.5675165727104,488556,90.0,0.006,0.0017
899,429.5674193486904,488399,91.0,0.006,0.0017
900,429.56738062048976,488237,92.0,0.006,0.0017
901,429.56738998644397,488070,93.0,0.006,0.0017
902,429.56744515846265,487898,94.0,0.006,0.0017
903,429.5673868139098,487720,95.0,0.006,0.0017
904,429.5673927104019,487537,96.0,0.006,0.0017
905,429.56746628428624,487356,97.0,0.006,0.0017
906,429.567525012713,487171,98.0,0.006,0.0017
907,429.5674083307598,486981,99.0,0.006,0.0017
908,429.567466467792,486788,100.0,0.006,0.0017
909,429.9976867481472,443016,0.0,0.0005,0.0017
910,429.5681746909654,441004,1.0,0.0005,0.0017
911,429.5678403744734,439816,2.0,0.0005,0.0017
912,429.56769932628134,438643,3.0,0.0005,0.0017
913,429.5680668560449,437453,4.0,0.0005,0.0017
914,429.5677694883235,436293,5.0,0.0005,0.0017
915,429.5680396175339,435111,6.0,0.0005,0.0017
916,429.5678773184156,433955,7.0,0.0005,0.0017
917,429.5680958077264,432787,8.0,0.0005,0.0017
918,429.56790189136535,431628,9.0,0.0005,0.0017
919,429.56808654817655,430476,10.0,0.0005,0.0017
920,429.5678020590373,429312,11.0,0.0005,0.0017
921,429.56774878019866,428174,12.0,0.0005,0.0017
922,429.5678506200798,427014,13.0,0.0005,0.0017
923,429.56815860930095,425885,14.0,0.0005,0.0017
924,429.5681306042149,424739,15.0,0.0005,0.0017
925,429.56769842690426,423606,16.0,0.0005,0.0017
926,429.5679586645666,422471,17.0,0.0005,0.0017
927,429.5677423904042,421327,18.0,0.0005,0.0017
928,429.5680786602945,420206,19.0,0.0005,0.0017
929,429.56772146664923,419062,20.0,0.0005,0.0017
930,429.5679230323154,417953,21.0,0.0005,0.0017
931,429.56812333666284,416828,22.0,0.0005,0.0017
932,429.56778002028193,415711,23.0,0.0005,0.0017
933,429.567767536404,414594,24.0,0.0005,0.0017
934,429.56786806221663,413471,25.0,0.0005,0.0017
935,429.5681521415997,412372,26.0,0.0005,0.0017
936,429.56778069295007,411252,27.0,0.0005,0.0017
937,429.5678901271692,410166,28.0,0.0005,0.0017
938,429.5679743145804,409065,29.0,0.0005,0.0017
939,429.56788137179524,407965,30.0,0.0005,0.0017
940,429.5678790240664,406872,31.0,0.0005,0.0017
941,429.56797327026675,405769,32.0,0.0005,0.0017
942,429.568035288383,404694,33.0,0.0005,0.0017
943,429.5678354325817,403600,34.0,0.0005,0.0017
944,429.5681063917566,402533,35.0,0.0005,0.0017
945,429.5678292608933,401450,36.0,0.0005,0.0017
946,429.5680697722885,400368,37.0,0.0005,0.0017
947,429.5679143358153,399300,38.0,0.0005,0.0017
948,429.5679402979875,398216,39.0,0.0005,0.0017
949,429.5677518535636,397164,40.0,0.0005,0.0017
950,429.56812293990083,396098,41.0,0.0005,0.0017
951,429.56780403046696,395041,42.0,0.0005,0.0017
952,429.5680641957914,393983,43.0,0.0005,0.0017
953,429.5679200319324,392915,44.0,0.0005,0.0017
954,429.56773833071566,391873,45.0,0.0005,0.0017
955,429.56777874995885,390814,46.0,0.0005,0.0017
956,429.56813400907697,389779,47.0,0.0005,0.0017
957,429.56772666968874,388739,48.0,0.0005,0.0017
958,429.56772309349896,387689,49.0,0.0005,0.0017
959,429.5680060361128,386658,50.0,0.0005,0.0017
960,429.5677644404295,385608,51.0,0.0005,0.0017
961,429.56804240183243,384588,52.0,0.0005,0.0017
962,429.5679135820666,383557,53.0,0.0005,0.0017
963,429.56793761923245,382532,54.0,0.0005,0.0017
964,429.5677958384643,381515,55.0,0.0005,0.0017
965,429.56808365441555,380479,56.0,0.0005,0.0017
966,429.56782890648975,379471,57.0,0.0005,0.0017
967,429.5676996005651,378450,58.0,0.0005,0.0017
968,429.56798180483776,377439,59.0,0.0005,0.0017
969,429.5678195916103,376437,60.0,0.0005,0.0017
970,429.56779339076627,375421,61.0,0.0005,0.0017
971,429.56804967461704,374427,62.0,0.0005,0.0017
972,429.5680431117845,373418,63.0,0.0005,0.0017
973,429.56801317449697,372419,64.0,0.0005,0.0017
974,429.5680282982624,371428,65.0,0.0005,0.0017
975,429.5680066012553,370425,66.0,0.0005,0.0017
976,429.56807674299404,369451,67.0,0.0005,0.0017
977,429.56770647039275,368456,68.0,0.0005,0.0017
978,429.5680161711778,367470,69.0,0.0005,0.0017
979,429.56799603521137,366491,70.0,0.0005,0.0017
980,429.5677996593784,365499,71.0,0.0005,0.0017
981,429.5680951019833,364536,72.0,0.0005,0.0017
982,429.5678824125121,363560,73.0,0.0005,0.0017
983,429.56802637748945,362590,74.0,0.0005,0.0017
984,429.5677811516574,361624,75.0,0.0005,0.0017
985,429.5680777593153,360645,76.0,0.0005,0.0017
986,429.5679748771087,359692,77.0,0.0005,0.0017
987,429.5680969355102,358729,78.0,0.0005,0.0017
988,429.56792603872464,357770,79.0,0.0005,0.0017
989,429.5679578647734,356826,80.0,0.0005,0.0017
990,429.56810525564566,355860,81.0,0.0005,0.0017
991,429.5678182268792,354917,82.0,0.0005,0.0017
992,429.5680463060522,353968,83.0,0.0005,0.0017
993,429.56797501202044,353017,84.0,0.0005,0.0017
994,429.5678049342608,352085,85.0,0.0005,0.0017
995,429.5678256332874,351140,86.0,0.0005,0.0017
996,429.5677452176615,350209,87.0,0.0005,0.0017
997,429.5679723575286,349275,88.0,0.0005,0.0017
998,429.56775943021916,348332,89.0,0.0005,0.0017
999,429.5681245055605,347414,90.0,0.0005,0.0017
1000,429.5677499080381,346482,91.0,0.0005,0.0017
1001,429.56771188867435,345561,92.0,0.0005,0.0017
1002,429.56794067367247,344648,93.0,0.0005,0.0017
1003,429.5678636089864,343716,94.0,0.0005,0.0017
1004,429.5677269152724,342808,95.0,0.0005,0.0017
1005,429.5677666504335,341892,96.0,0.0005,0.0017
1006,429.5678083417568,340976,97.0,0.0005,0.0017
1007,429.5679190482471,340078,98.0,0.0005,0.0017
1008,429.56773571887095,339167,99.0,0.0005,0.0017
1009,429.56805052158336,338268,100.0,0.0005,0.0017
1010,429.99759423897996,443016,0.0,0.002,0.0017
1011,429.56764064985185,441945,1.0,0.002,0.0017
1012,429.567901215724,441695,2.0,0.002,0.0017
1013,429.5676230832979,441437,3.0,0.002,0.0017
1014,429.567820719082,441172,4.0,0.002,0.0017
1015,429.5676053086523,440898,5.0,0.002,0.0017
1016,429.56780429886254,440615,6.0,0.002,0.0017
1017,429.56771214918507,440321,7.0,0.002,0.0017
1018,429.5679510882072,440016,8.0,0.002,0.0017
1019,429.5676153275301,439700,9.0,0.002,0.0017
1020,429.56788967179733,439382,10.0,0.002,0.0017
1021,429.5680065465798,439056,11.0,0.002,0.0017
1022,429.56794553490727,438720,12.0,0.002,0.0017
1023,429.5678131504349,438374,13.0,0.002,0.0017
1024,429.56762215323255,438016,14.0,0.002,0.0017
1025,429.5677968607337,437649,15.0,0.002,0.0017
1026,429.56777202351986,437272,16.0,0.002,0.0017
1027,429.56781972241185,436884,17.0,0.002,0.0017
1028,429.5677677175994,436486,18.0,0.002,0.0017
1029,429.5679256931784,436084,19.0,0.002,0.0017
1030,429.56772683551634,435679,20.0,0.002,0.0017
1031,429.5676289328945,435266,21.0,0.002,0.0017
1032,429.5676570616538,434844,22.0,0.002,0.0017
1033,429.5677117436959,434413,23.0,0.002,0.0017
1034,429.567606549674,433973,24.0,0.002,0.0017
1035,429.5676083504129,433525,25.0,0.002,0.0017
1036,429.56779545188294,433069,26.0,0.002,0.0017
1037,429.5676217858485,432611,27.0,0.002,0.0017
1038,429.5675979027095,432152,28.0,0.002,0.0017
1039,429.5678803089782,431687,29.0,0.002,0.0017
1040,429.56781548025987,431214,30.0,0.002,0.0017
1041,429.5676410555011,430734,31.0,0.002,0.0017
1042,429.5678206844358,430249,32.0,0.002,0.0017
1043,429.5676734026571,429753,33.0,0.002,0.0017
1044,429.5678919304251,429261,34.0,0.002,0.0017
1045,429.5678645930924,428767,35.0,0.002,0.0017
1046,429.56780281731125,428267,36.0,0.002,0.0017
1047,429.5677416959648,427761,37.0,0.002,0.0017
1048,429.5678228711573,427250,38.0,0.002,0.0017
1049,429.56762122187644,426730,39.0,0.002,0.0017
1050,429.56782461975695,426211,40.0,0.002,0.0017
1051,429.5677115852134,425693,41.0,0.002,0.0017
1052,429.5677764297704,425171,42.0,0.002,0.0017
1053,429.56763222055696,424643,43.0,0.002,0.0017
1054,429.56786993371225,424111,44.0,0.002,0.0017
1055,429.56762053945727,423572,45.0,0.002,0.0017
1056,429.56766242311005,423033,46.0,0.002,0.0017
1057,429.5679085870588,422497,47.0,0.002,0.0017
1058,429.567841722824,421956,48.0,0.002,0.0017
1059,429.5678364744539,421410,49.0,0.002,0.0017
1060,429.56776165034853,420859,50.0,0.002,0.0017
1061,429.56781749994764,420305,51.0,0.002,0.0017
1062,429.5678537620623,419753,52.0,0.002,0.0017
1063,429.5676272605297,419200,53.0,0.002,0.0017
1064,429.5678118454287,418644,54.0,0.002,0.0017
1065,429.5676878862605,418082,55.0,0.002,0.0017
1066,429.5677272462843,417516,56.0,0.002,0.0017
1067,429.56762272290024,416950,57.0,0.002,0.0017
1068,429.56763967610584,416388,58.0,0.002,0.0017
1069,429.5676901306606,415821,59.0,0.002,0.0017
1070,429.5678495703574,415249,60.0,0.002,0.0017
1071,429.5677888622279,414671,61.0,0.002,0.0017
1072,429.5678753503648,414090,62.0,0.002,0.0017
1073,429.5676595996794,413513,63.0,0.002,0.0017
1074,429.5676238487738,412938,64.0,0.002,0.0017
1075,429.56775203341385,412360,65.0,0.002,0.0017
1076,429.56760583776196,411777,66.0,0.002,0.0017
1077,429.5676006554844,411191,67.0,0.002,0.0017
1078,429.56787759843223,410608,68.0,0.002,0.0017
1079,429.56769255877435,410023,69.0,0.002,0.0017
1080,429.56775327377,409436,70.0,0.002,0.0017
1081,429.5676250641633,408844,71.0,0.002,0.0017
1082,429.5678142310101,408249,72.0,0.002,0.0017
1083,429.5678386786073,407656,73.0,0.002,0.0017
1084,429.5678444324337,407068,74.0,0.002,0.0017
1085,429.5677868082499,406479,75.0,0.002,0.0017
1086,429.5677227090748,405887,76.0,0.002,0.0017
1087,429.56763635153715,405292,77.0,0.002,0.0017
1088,429.56777536819084,404697,78.0,0.002,0.0017
1089,429.5678574714561,404102,79.0,0.002,0.0017
1090,429.56783499641176,403506,80.0,0.002,0.0017
1091,429.56774885209575,402906,81.0,0.002,0.0017
1092,429.5678379342381,402303,82.0,0.002,0.0017
1093,429.567604896113,401700,83.0,0.002,0.0017
1094,429.5677238134553,401104,84.0,0.002,0.0017
1095,429.56764359650396,400508,85.0,0.002,0.0017
1096,429.5677104652526,399910,86.0,0.002,0.0017
1097,429.56766272969975,399309,87.0,0.002,0.0017
1098,429.56761706515067,398707,88.0,0.002,0.0017
1099,429.56769775467683,398106,89.0,0.002,0.0017
1100,429.56772310375953,397505,90.0,0.002,0.0017
1101,429.5678444113315,396901,91.0,0.002,0.0017
1102,429.5677718837823,396293,92.0,0.002,0.0017
1103,429.567777517566,395687,93.0,0.002,0.0017
1104,429.56766204381637,395086,94.0,0.002,0.0017
1105,429.5678482513146,394487,95.0,0.002,0.0017
1106,429.5678317873953,393885,96.0,0.002,0.0017
1107,429.56766108025346,393280,97.0,0.002,0.0017
1108,429.5676539709424,392676,98.0,0.002,0.0017
1109,429.5678232685786,392073,99.0,0.002,0.0017
1110,429.5677048001212,391469,100.0,0.002,0.0017
1111,429.99737838555336,443016,0.0,0.0055,0.0017
1112,429.5676062970729,444128,1.0,0.0055,0.0017
1113,429.5675445091281,446002,2.0,0.0055,0.0017
1114,429.5677594815204,447790,3.0,0.0055,0.0017
1115,429.56755844379023,449510,4.0,0.0055,0.0017
1116,429.5675182524611,451141,5.0,0.0055,0.0017
1117,429.5674645788436,452684,6.0,0.0055,0.0017
1118,429.5676073736265,454164,7.0,0.0055,0.0017
1119,429.5676736905235,455561,8.0,0.0055,0.0017
1120,429.5675569660338,456885,9.0,0.0055,0.0017
1121,429.5674504250023,458159,10.0,0.0055,0.0017
1122,429.5675711447868,459358,11.0,0.0055,0.0017
1123,429.5676181408244,460528,12.0,0.0055,0.0017
1124,429.5674945532254,461639,13.0,0.0055,0.0017
1125,429.5675781184725,462717,14.0,0.0055,0.0017
1126,429.56747581367824,463728,15.0,0.0055,0.0017
1127,429.56742662198167,464726,16.0,0.0055,0.0017
1128,429.5676528709851,465659,17.0,0.0055,0.0017
1129,429.5675894370843,466558,18.0,0.0055,0.0017
1130,429.5674809927569,467421,19.0,0.0055,0.0017
1131,429.5676217553584,468254,20.0,0.0055,0.0017
1132,429.56742989433536,469048,21.0,0.0055,0.0017
1133,429.56754584477835,469801,22.0,0.0055,0.0017
1134,429.5675668962293,470544,23.0,0.0055,0.0017
1135,429.56751681090486,471245,24.0,0.0055,0.0017
1136,429.56751855508014,471909,25.0,0.0055,0.0017
1137,429.56741558025277,472566,26.0,0.0055,0.0017
1138,429.56747554289467,473186,27.0,0.0055,0.0017
1139,429.56747807225264,473773,28.0,0.0055,0.0017
1140,429.56750733525587,474355,29.0,0.0055,0.0017
1141,429.56743582767484,474911,30.0,0.0055,0.0017
1142,429.56738670105966,475439,31.0,0.0055,0.0017
1143,429.5674235913661,475953,32.0,0.0055,0.0017
1144,429.5675969224252,476442,33.0,0.0055,0.0017
1145,429.5675887220024,476899,34.0,0.0055,0.0017
1146,429.5674438249388,477332,35.0,0.0055,0.0017
1147,429.56741056685047,477764,36.0,0.0055,0.0017
1148,429.5674109618872,478170,37.0,0.0055,0.0017
1149,429.567547051752,478550,38.0,0.0055,0.0017
1150,429.5674920464422,478909,39.0,0.0055,0.0017
1151,429.5674930855474,479251,40.0,0.0055,0.0017
1152,429.5675111158406,479567,41.0,0.0055,0.0017
1153,429.5674508439214,479861,42.0,0.0055,0.0017
1154,429.56743705939624,480148,43.0,0.0055,0.0017
1155,429.5675497612088,480421,44.0,0.0055,0.0017
1156,429.567559474806,480677,45.0,0.0055,0.0017
1157,429.56758691350973,480911,46.0,0.0055,0.0017
1158,429.5675181618765,481123,47.0,0.0055,0.0017
1159,429.56752741307713,481316,48.0,0.0055,0.0017
1160,429.56749772707366,481500,49.0,0.0055,0.0017
1161,429.56738236987144,481677,50.0,0.0055,0.0017
1162,429.567436924012,481838,51.0,0.0055,0.0017
1163,429.56742017152465,481981,52.0,0.0055,0.0017
1164,429.56738400945375,482107,53.0,0.0055,0.0017
1165,429.5674612562989,482218,54.0,0.0055,0.0017
1166,429.56742291648317,482314,55.0,0.0055,0.0017
1167,429.56746022434135,482406,56.0,0.0055,0.0017
1168,429.5675179868059,482488,57.0,0.0055,0.0017
1169,429.56739814017754,482555,58.0,0.0055,0.0017
1170,429.5674969415951,482609,59.0,0.0055,0.0017
1171,429.56749850083656,482649,60.0,0.0055,0.0017
1172,429.5674644601513,482676,61.0,0.0055,0.0017
1173,429.56757891956244,482692,62.0,0.0055,0.0017
1174,429.5674762291412,482704,63.0,0.0055,0.0017
1175,429.5674730354792,482707,64.0,0.0055,0.0017
1176,429.56744778726437,482700,65.0,0.0055,0.0017
1177,429.56746597984625,482682,66.0,0.0055,0.0017
1178,429.567513821,482653,67.0,0.0055,0.0017
1179,429.567569971253,482613,68.0,0.0055,0.0017
1180,429.5674336900452,482564,69.0,0.0055,0.0017
1181,429.56744284200056,482513,70.0,0.0055,0.0017
1182,429.5674236521571,482454,71.0,0.0055,0.0017
1183,429.5675284823431,482388,72.0,0.0055,0.0017
1184,429.5675623517908,482314,73.0,0.0055,0.0017
1185,429.56752690588127,482232,74.0,0.0055,0.0017
1186,429.56742397630734,482142,75.0,0.0055,0.0017
1187,429.5674483841745,482045,76.0,0.0055,0.0017
1188,429.5675041361082,481940,77.0,0.0055,0.0017
1189,429.5674209255928,481826,78.0,0.0055,0.0017
1190,429.56745877828945,481707,79.0,0.0055,0.0017
1191,429.5674960662253,481586,80.0,0.0055,0.0017
1192,429.567440138666,481458,81.0,0.0055,0.0017
1193,429.56749784900853,481324,82.0,0.0055,0.0017
1194,429.5674263439246,481183,83.0,0.0055,0.0017
1195,429.5674404433469,481036,84.0,0.0055,0.0017
1196,429.5674947903091,480883,85.0,0.0055,0.0017
1197,429.56743360196333,480723,86.0,0.0055,0.0017
1198,429.5674043473724,480557,87.0,0.0055,0.0017
1199,429.56743612026264,480385,88.0,0.0055,0.0017
1200,429.5674249802969,480209,89.0,0.0055,0.0017
1201,429.5674243341454,480033,90.0,0.0055,0.0017
1202,429.5673973021524,479852,91.0,0.0055,0.0017
1203,429.5674911078809,479667,92.0,0.0055,0.0017
1204,429.5675651998307,479477,93.0,0.0055,0.0017
1205,429.56756407888685,479282,94.0,0.0055,0.0017
1206,429.5675392170855,479082,95.0,0.0055,0.0017
1207,429.5674499792848,478877,96.0,0.0055,0.0017
1208,429.5674990916388,478668,97.0,0.0055,0.0017
1209,429.56750840064336,478454,98.0,0.0055,0.0017
1210,429.5674860994042,478237,99.0,0.0055,0.0017
1211,429.5675201590949,478020,100.0,0.0055,0.0017
