,Unnamed: 0,total_counts,area,time,D (um^2/s),alpha (1/s)
0,0.0,429.9974656049971,443016,0.0,0.0045,0.002
1,1.0,429.5676940275947,443233,1.0,0.0045,0.002
2,2.0,429.56780688320976,444252,2.0,0.0045,0.002
3,3.0,429.5678485708428,445202,3.0,0.0045,0.002
4,4.0,429.5678649949673,446124,4.0,0.0045,0.002
5,5.0,429.56755840770705,446965,5.0,0.0045,0.002
6,6.0,429.56779850142607,447757,6.0,0.0045,0.002
7,7.0,429.5678243966779,448507,7.0,0.0045,0.002
8,8.0,429.56766918668905,449188,8.0,0.0045,0.002
9,9.0,429.56763603386435,449834,9.0,0.0045,0.002
10,10.0,429.567722869129,450433,10.0,0.0045,0.002
11,11.0,429.5675354716282,450975,11.0,0.0045,0.002
12,12.0,429.5677239979629,451476,12.0,0.0045,0.002
13,13.0,429.567539320514,451948,13.0,0.0045,0.002
14,14.0,429.5675764864865,452383,14.0,0.0045,0.002
15,15.0,429.567511955255,452772,15.0,0.0045,0.002
16,16.0,429.5675748611048,453131,16.0,0.0045,0.002
17,17.0,429.56776822876895,453465,17.0,0.0045,0.002
18,18.0,429.56756492262207,453781,18.0,0.0045,0.002
19,19.0,429.56757638812104,454068,19.0,0.0045,0.002
20,20.0,429.5675313378672,454324,20.0,0.0045,0.002
21,21.0,429.5676745844477,454550,21.0,0.0045,0.002
22,22.0,429.567662710139,454757,22.0,0.0045,0.002
23,23.0,429.5677074496842,454951,23.0,0.0045,0.002
24,24.0,429.5674955060427,455118,24.0,0.0045,0.002
25,25.0,429.56761482091616,455258,25.0,0.0045,0.002
26,26.0,429.5676841655533,455372,26.0,0.0045,0.002
27,27.0,429.5675445801649,455474,27.0,0.0045,0.002
28,28.0,429.56756066018744,455555,28.0,0.0045,0.002
29,29.0,429.56770267263977,455616,29.0,0.0045,0.002
30,30.0,429.56757813493465,455656,30.0,0.0045,0.002
31,31.0,429.5676912265423,455687,31.0,0.0045,0.002
32,32.0,429.5676809035446,455704,32.0,0.0045,0.002
33,33.0,429.5674916522668,455702,33.0,0.0045,0.002
34,34.0,429.56769319773935,455683,34.0,0.0045,0.002
35,35.0,429.5674878271518,455647,35.0,0.0045,0.002
36,36.0,429.56769481754407,455602,36.0,0.0045,0.002
37,37.0,429.5676823497883,455541,37.0,0.0045,0.002
38,38.0,429.5674749779628,455464,38.0,0.0045,0.002
39,39.0,429.5675587732418,455373,39.0,0.0045,0.002
40,40.0,429.5676682113403,455277,40.0,0.0045,0.002
41,41.0,429.567580450508,455169,41.0,0.0045,0.002
42,42.0,429.5675680563832,455050,42.0,0.0045,0.002
43,43.0,429.5676473453238,454920,43.0,0.0045,0.002
44,44.0,429.5676185196819,454778,44.0,0.0045,0.002
45,45.0,429.5676922441887,454625,45.0,0.0045,0.002
46,46.0,429.56767948407617,454460,46.0,0.0045,0.002
47,47.0,429.56759323936666,454283,47.0,0.0045,0.002
48,48.0,429.5675790747853,454096,48.0,0.0045,0.002
49,49.0,429.56758772182127,453905,49.0,0.0045,0.002
50,50.0,429.5675923767749,453704,50.0,0.0045,0.002
51,51.0,429.56760444001344,453493,51.0,0.0045,0.002
52,52.0,429.5676374887414,453272,52.0,0.0045,0.002
53,53.0,429.5676686611934,453041,53.0,0.0045,0.002
54,54.0,429.5674924582764,452799,54.0,0.0045,0.002
55,55.0,429.5675425822697,452548,55.0,0.0045,0.002
56,56.0,429.567554090239,452287,56.0,0.0045,0.002
57,57.0,429.56766445527046,452020,57.0,0.0045,0.002
58,58.0,429.5675064796643,451749,58.0,0.0045,0.002
59,59.0,429.56752070922226,451471,59.0,0.0045,0.002
60,60.0,429.56750268600143,451185,60.0,0.0045,0.002
61,61.0,429.5676461268829,450892,61.0,0.0045,0.002
62,62.0,429.567487059968,450590,62.0,0.0045,0.002
63,63.0,429.5676818611048,450282,63.0,0.0045,0.002
64,64.0,429.5675596590556,449965,64.0,0.0045,0.002
65,65.0,429.5675224169282,449641,65.0,0.0045,0.002
66,66.0,429.5676368497747,449314,66.0,0.0045,0.002
67,67.0,429.5674844965598,448982,67.0,0.0045,0.002
68,68.0,429.56753916683033,448645,68.0,0.0045,0.002
69,69.0,429.56759675470346,448302,69.0,0.0045,0.002
70,70.0,429.5676430526517,447953,70.0,0.0045,0.002
71,71.0,429.5676584598702,447598,71.0,0.0045,0.002
72,72.0,429.56766731069416,447237,72.0,0.0045,0.002
73,73.0,429.56762350155975,446870,73.0,0.0045,0.002
74,74.0,429.56753594009314,446497,74.0,0.0045,0.002
75,75.0,429.5675469810677,446122,75.0,0.0045,0.002
76,76.0,429.5675902113669,445743,76.0,0.0045,0.002
77,77.0,429.5675981553509,445359,77.0,0.0045,0.002
78,78.0,429.5675361315836,444970,78.0,0.0045,0.002
79,79.0,429.5675291535458,444577,79.0,0.0045,0.002
80,80.0,429.5675458129997,444180,80.0,0.0045,0.002
81,81.0,429.5675478020013,443779,81.0,0.0045,0.002
82,82.0,429.5675484399543,443374,82.0,0.0045,0.002
83,83.0,429.56753091080606,442965,83.0,0.0045,0.002
84,84.0,429.56759801354457,442555,84.0,0.0045,0.002
85,85.0,429.56754282937584,442141,85.0,0.0045,0.002
86,86.0,429.56758729997745,441724,86.0,0.0045,0.002
87,87.0,429.5675161823158,441303,87.0,0.0045,0.002
88,88.0,429.567570722097,440879,88.0,0.0045,0.002
89,89.0,429.5675143077653,440451,89.0,0.0045,0.002
90,90.0,429.5675742609381,440020,90.0,0.0045,0.002
91,91.0,429.5675348272315,439585,91.0,0.0045,0.002
92,92.0,429.56751708104906,439147,92.0,0.0045,0.002
93,93.0,429.5676024710704,438708,93.0,0.0045,0.002
94,94.0,429.56753327784173,438266,94.0,0.0045,0.002
95,95.0,429.5675094921486,437822,95.0,0.0045,0.002
96,96.0,429.56754852506174,437376,96.0,0.0045,0.002
97,97.0,429.56762340393175,436928,97.0,0.0045,0.002
98,98.0,429.5675395620206,436477,98.0,0.0045,0.002
99,99.0,429.5675254759336,436024,99.0,0.0045,0.002
100,100.0,429.56757285246624,435569,100.0,0.0045,0.002
101,101.0,429.9977122954203,443016,0.0,0.0005,0.002
102,102.0,429.56778180335874,440735,1.0,0.0005,0.002
103,103.0,429.5680415015913,439296,2.0,0.0005,0.002
104,104.0,429.56814588827257,437845,3.0,0.0005,0.002
105,105.0,429.5681771148036,436420,4.0,0.0005,0.002
106,106.0,429.5679715977376,434972,5.0,0.0005,0.002
107,107.0,429.5678232311273,433562,6.0,0.0005,0.002
108,108.0,429.5681668295663,432127,7.0,0.0005,0.002
109,109.0,429.56812152739377,430724,8.0,0.0005,0.002
110,110.0,429.56782824649827,429303,9.0,0.0005,0.002
111,111.0,429.5678213544732,427907,10.0,0.0005,0.002
112,112.0,429.5682092628345,426500,11.0,0.0005,0.002
113,113.0,429.56798039277106,425109,12.0,0.0005,0.002
114,114.0,429.56793044682166,423717,13.0,0.0005,0.002
115,115.0,429.5679423957907,422331,14.0,0.0005,0.002
116,116.0,429.567743887917,420951,15.0,0.0005,0.002
117,117.0,429.56781787014086,419574,16.0,0.0005,0.002
118,118.0,429.56774738916386,418206,17.0,0.0005,0.002
119,119.0,429.56807780209147,416834,18.0,0.0005,0.002
120,120.0,429.5679030359594,415481,19.0,0.0005,0.002
121,121.0,429.5681300130467,414115,20.0,0.0005,0.002
122,122.0,429.5677364656363,412772,21.0,0.0005,0.002
123,123.0,429.56782376390345,411414,22.0,0.0005,0.002
124,124.0,429.56815879313154,410085,23.0,0.0005,0.002
125,125.0,429.5679865968558,408732,24.0,0.0005,0.002
126,126.0,429.5679087642102,407414,25.0,0.0005,0.002
127,127.0,429.5682005233036,406072,26.0,0.0005,0.002
128,128.0,429.56802888413114,404762,27.0,0.0005,0.002
129,129.0,429.56780704511,403428,28.0,0.0005,0.002
130,130.0,429.5680767461428,402129,29.0,0.0005,0.002
131,131.0,429.5681443104581,400799,30.0,0.0005,0.002
132,132.0,429.5680846556373,399500,31.0,0.0005,0.002
133,133.0,429.56774778420584,398179,32.0,0.0005,0.002
134,134.0,429.5681308974336,396890,33.0,0.0005,0.002
135,135.0,429.5678516664519,395582,34.0,0.0005,0.002
136,136.0,429.5677855731162,394304,35.0,0.0005,0.002
137,137.0,429.5678563125933,393003,36.0,0.0005,0.002
138,138.0,429.56811196274106,391727,37.0,0.0005,0.002
139,139.0,429.5677588463725,390436,38.0,0.0005,0.002
140,140.0,429.567945271946,389172,39.0,0.0005,0.002
141,141.0,429.56803785890486,387896,40.0,0.0005,0.002
142,142.0,429.5679448719541,386645,41.0,0.0005,0.002
143,143.0,429.5680435150145,385371,42.0,0.0005,0.002
144,144.0,429.56780468846534,384120,43.0,0.0005,0.002
145,145.0,429.5681555825845,382858,44.0,0.0005,0.002
146,146.0,429.5677909455014,381619,45.0,0.0005,0.002
147,147.0,429.5677874228117,380369,46.0,0.0005,0.002
148,148.0,429.5678639290315,379142,47.0,0.0005,0.002
149,149.0,429.56776274174194,377893,48.0,0.0005,0.002
150,150.0,429.5679942813282,376670,49.0,0.0005,0.002
151,151.0,429.56803731191343,375432,50.0,0.0005,0.002
152,152.0,429.5678998775873,374221,51.0,0.0005,0.002
153,153.0,429.5679862323691,372995,52.0,0.0005,0.002
154,154.0,429.5679683710926,371793,53.0,0.0005,0.002
155,155.0,429.5677340217773,370567,54.0,0.0005,0.002
156,156.0,429.5680796831603,369372,55.0,0.0005,0.002
157,157.0,429.56806440772954,368157,56.0,0.0005,0.002
158,158.0,429.5681095497816,366974,57.0,0.0005,0.002
159,159.0,429.5679300624069,365771,58.0,0.0005,0.002
160,160.0,429.5677766775314,364593,59.0,0.0005,0.002
161,161.0,429.5678226741809,363392,60.0,0.0005,0.002
162,162.0,429.56799755886374,362222,61.0,0.0005,0.002
163,163.0,429.5678487545944,361033,62.0,0.0005,0.002
164,164.0,429.5678522052284,359873,63.0,0.0005,0.002
165,165.0,429.56808780034,358700,64.0,0.0005,0.002
166,166.0,429.5677702861803,357539,65.0,0.0005,0.002
167,167.0,429.5678105219973,356369,66.0,0.0005,0.002
168,168.0,429.56777004298,355216,67.0,0.0005,0.002
169,169.0,429.5679633217168,354060,68.0,0.0005,0.002
170,170.0,429.56807625716334,352916,69.0,0.0005,0.002
171,171.0,429.5677359056511,351772,70.0,0.0005,0.002
172,172.0,429.5679082292823,350627,71.0,0.0005,0.002
173,173.0,429.5680592865259,349490,72.0,0.0005,0.002
174,174.0,429.5679240446386,348351,73.0,0.0005,0.002
175,175.0,429.5680474925231,347228,74.0,0.0005,0.002
176,176.0,429.56788395944216,346097,75.0,0.0005,0.002
177,177.0,429.56797773968657,344985,76.0,0.0005,0.002
178,178.0,429.5678623284306,343853,77.0,0.0005,0.002
179,179.0,429.5677359729059,342748,78.0,0.0005,0.002
180,180.0,429.568165035777,341626,79.0,0.0005,0.002
181,181.0,429.5678085810854,340532,80.0,0.0005,0.002
182,182.0,429.5680163173319,339423,81.0,0.0005,0.002
183,183.0,429.5681706221686,338333,82.0,0.0005,0.002
184,184.0,429.5679998199672,337229,83.0,0.0005,0.002
185,185.0,429.5680984642371,336141,84.0,0.0005,0.002
186,186.0,429.56782384247833,335051,85.0,0.0005,0.002
187,187.0,429.56803333479473,333969,86.0,0.0005,0.002
188,188.0,429.5678650443932,332895,87.0,0.0005,0.002
189,189.0,429.56805181766657,331811,88.0,0.0005,0.002
190,190.0,429.5680455856065,330743,89.0,0.0005,0.002
191,191.0,429.5679972892222,329663,90.0,0.0005,0.002
192,192.0,429.56776506932016,328608,91.0,0.0005,0.002
193,193.0,429.5681524334134,327538,92.0,0.0005,0.002
194,194.0,429.56775349279616,326493,93.0,0.0005,0.002
195,195.0,429.5681110958351,325429,94.0,0.0005,0.002
196,196.0,429.5680408946867,324383,95.0,0.0005,0.002
197,197.0,429.5678744021665,323332,96.0,0.0005,0.002
198,198.0,429.5679510653063,322290,97.0,0.0005,0.002
199,199.0,429.56791795533616,321255,98.0,0.0005,0.002
200,200.0,429.56783085724544,320214,99.0,0.0005,0.002
201,201.0,429.5680551039581,319187,100.0,0.0005,0.002
202,202.0,429.9974039327776,443016,0.0,0.0055,0.002
203,203.0,429.5676107027778,443862,1.0,0.0055,0.002
204,204.0,429.5675299340615,445462,2.0,0.0055,0.002
205,205.0,429.56745240806526,447002,3.0,0.0055,0.002
206,206.0,429.56771104453696,448451,4.0,0.0055,0.002
207,207.0,429.5674422080993,449798,5.0,0.0055,0.002
208,208.0,429.56757084583126,451098,6.0,0.0055,0.002
209,209.0,429.56761534040226,452295,7.0,0.0055,0.002
210,210.0,429.5675764592344,453438,8.0,0.0055,0.002
211,211.0,429.5677015978313,454494,9.0,0.0055,0.002
212,212.0,429.5676086610865,455501,10.0,0.0055,0.002
213,213.0,429.5674693519711,456436,11.0,0.0055,0.002
214,214.0,429.5674253816763,457335,12.0,0.0055,0.002
215,215.0,429.56769060883744,458185,13.0,0.0055,0.002
216,216.0,429.5674890021619,458992,14.0,0.0055,0.002
217,217.0,429.5676538466173,459751,15.0,0.0055,0.002
218,218.0,429.5675646609671,460465,16.0,0.0055,0.002
219,219.0,429.5674154634789,461153,17.0,0.0055,0.002
220,220.0,429.5674804022367,461788,18.0,0.0055,0.002
221,221.0,429.56752578586946,462376,19.0,0.0055,0.002
222,222.0,429.5675265524415,462954,20.0,0.0055,0.002
223,223.0,429.5674314104256,463490,21.0,0.0055,0.002
224,224.0,429.567448484558,463979,22.0,0.0055,0.002
225,225.0,429.5675998022256,464454,23.0,0.0055,0.002
226,226.0,429.5676389409442,464906,24.0,0.0055,0.002
227,227.0,429.5676611295344,465319,25.0,0.0055,0.002
228,228.0,429.5674238621542,465700,26.0,0.0055,0.002
229,229.0,429.5675027333992,466067,27.0,0.0055,0.002
230,230.0,429.56751823696663,466412,28.0,0.0055,0.002
231,231.0,429.5674164824319,466724,29.0,0.0055,0.002
232,232.0,429.5675517788966,467023,30.0,0.0055,0.002
233,233.0,429.5674937020661,467301,31.0,0.0055,0.002
234,234.0,429.56750082103304,467564,32.0,0.0055,0.002
235,235.0,429.56748109344346,467806,33.0,0.0055,0.002
236,236.0,429.56755858854046,468023,34.0,0.0055,0.002
237,237.0,429.56745538654474,468214,35.0,0.0055,0.002
238,238.0,429.56745946751425,468383,36.0,0.0055,0.002
239,239.0,429.5674313054476,468547,37.0,0.0055,0.002
240,240.0,429.5676231752152,468696,38.0,0.0055,0.002
241,241.0,429.56753697187736,468823,39.0,0.0055,0.002
242,242.0,429.567441228638,468928,40.0,0.0055,0.002
243,243.0,429.5675307216641,469012,41.0,0.0055,0.002
244,244.0,429.5674517199964,469074,42.0,0.0055,0.002
245,245.0,429.5675078632482,469119,43.0,0.0055,0.002
246,246.0,429.56748086727646,469162,44.0,0.0055,0.002
247,247.0,429.5675324440518,469191,45.0,0.0055,0.002
248,248.0,429.5674689703495,469204,46.0,0.0055,0.002
249,249.0,429.56747369639663,469200,47.0,0.0055,0.002
250,250.0,429.56755486208914,469179,48.0,0.0055,0.002
251,251.0,429.56745852421454,469140,49.0,0.0055,0.002
252,252.0,429.5674277405085,469087,50.0,0.0055,0.002
253,253.0,429.56741782873866,469030,51.0,0.0055,0.002
254,254.0,429.56756612934345,468961,52.0,0.0055,0.002
255,255.0,429.56744041825175,468878,53.0,0.0055,0.002
256,256.0,429.5674362592677,468783,54.0,0.0055,0.002
257,257.0,429.56759364919,468676,55.0,0.0055,0.002
258,258.0,429.5674916812069,468555,56.0,0.0055,0.002
259,259.0,429.56742891314457,468424,57.0,0.0055,0.002
260,260.0,429.56757115234075,468290,58.0,0.0055,0.002
261,261.0,429.5674462063567,468144,59.0,0.0055,0.002
262,262.0,429.5674768461973,467988,60.0,0.0055,0.002
263,263.0,429.56742981728894,467821,61.0,0.0055,0.002
264,264.0,429.5675071048067,467644,62.0,0.0055,0.002
265,265.0,429.56750981153,467456,63.0,0.0055,0.002
266,266.0,429.5674869954154,467260,64.0,0.0055,0.002
267,267.0,429.5675333479645,467060,65.0,0.0055,0.002
268,268.0,429.567459757692,466851,66.0,0.0055,0.002
269,269.0,429.5674501835574,466634,67.0,0.0055,0.002
270,270.0,429.5675185109585,466409,68.0,0.0055,0.002
271,271.0,429.56744466077777,466175,69.0,0.0055,0.002
272,272.0,429.56742811718743,465933,70.0,0.0055,0.002
273,273.0,429.56747917948826,465686,71.0,0.0055,0.002
274,274.0,429.5674676988937,465436,72.0,0.0055,0.002
275,275.0,429.567531299004,465180,73.0,0.0055,0.002
276,276.0,429.5674482219135,464917,74.0,0.0055,0.002
277,277.0,429.56742661434,464648,75.0,0.0055,0.002
278,278.0,429.5674474013455,464373,76.0,0.0055,0.002
279,279.0,429.5674961363927,464092,77.0,0.0055,0.002
280,280.0,429.5675990897502,463805,78.0,0.0055,0.002
281,281.0,429.5675229396667,463511,79.0,0.0055,0.002
282,282.0,429.5674770238849,463211,80.0,0.0055,0.002
283,283.0,429.5675557344516,462908,81.0,0.0055,0.002
284,284.0,429.5674451893124,462602,82.0,0.0055,0.002
285,285.0,429.5675288377382,462292,83.0,0.0055,0.002
286,286.0,429.5675869497271,461977,84.0,0.0055,0.002
287,287.0,429.5674397371754,461656,85.0,0.0055,0.002
288,288.0,429.5674389038098,461331,86.0,0.0055,0.002
289,289.0,429.5674259818205,461001,87.0,0.0055,0.002
290,290.0,429.5675494548163,460667,88.0,0.0055,0.002
291,291.0,429.56742766547586,460327,89.0,0.0055,0.002
292,292.0,429.5674357695311,459983,90.0,0.0055,0.002
293,293.0,429.56753782098,459637,91.0,0.0055,0.002
294,294.0,429.5674633413349,459289,92.0,0.0055,0.002
295,295.0,429.5674932312136,458938,93.0,0.0055,0.002
296,296.0,429.5674632520788,458583,94.0,0.0055,0.002
297,297.0,429.5675379269628,458225,95.0,0.0055,0.002
298,298.0,429.5675440648574,457863,96.0,0.0055,0.002
299,299.0,429.56743499902586,457497,97.0,0.0055,0.002
300,300.0,429.5674443951097,457128,98.0,0.0055,0.002
301,301.0,429.56752726820537,456756,99.0,0.0055,0.002
302,302.0,429.5675089343925,456380,100.0,0.0055,0.002
303,303.0,429.9976814590104,443016,0.0,0.001,0.002
304,304.0,429.5681239657615,441054,1.0,0.001,0.002
305,305.0,429.5677000594731,439911,2.0,0.001,0.002
306,306.0,429.567755255838,438789,3.0,0.001,0.002
307,307.0,429.5678562037171,437645,4.0,0.001,0.002
308,308.0,429.567890263778,436531,5.0,0.001,0.002
309,309.0,429.5679910918394,435399,6.0,0.001,0.002
310,310.0,429.5677454870896,434271,7.0,0.001,0.002
311,311.0,429.56780737230264,433156,8.0,0.001,0.002
312,312.0,429.5677224433202,432017,9.0,0.001,0.002
313,313.0,429.5679157972097,430912,10.0,0.001,0.002
314,314.0,429.5678886006047,429790,11.0,0.001,0.002
315,315.0,429.5678077569387,428677,12.0,0.001,0.002
316,316.0,429.5678718759597,427565,13.0,0.001,0.002
317,317.0,429.5678951857392,426445,14.0,0.001,0.002
318,318.0,429.5677757807482,425348,15.0,0.001,0.002
319,319.0,429.56780748995413,424228,16.0,0.001,0.002
320,320.0,429.5677041528568,423131,17.0,0.001,0.002
321,321.0,429.5680532439628,422029,18.0,0.001,0.002
322,322.0,429.56787998063027,420918,19.0,0.001,0.002
323,323.0,429.56782114228423,419827,20.0,0.001,0.002
324,324.0,429.5680065655273,418717,21.0,0.001,0.002
325,325.0,429.5680090200623,417622,22.0,0.001,0.002
326,326.0,429.5679784427187,416512,23.0,0.001,0.002
327,327.0,429.56789376429214,415405,24.0,0.001,0.002
328,328.0,429.5678950351795,414309,25.0,0.001,0.002
329,329.0,429.5677443868624,413198,26.0,0.001,0.002
330,330.0,429.567693179568,412119,27.0,0.001,0.002
331,331.0,429.5678399196344,411012,28.0,0.001,0.002
332,332.0,429.5679203587215,409914,29.0,0.001,0.002
333,333.0,429.5678680159048,408819,30.0,0.001,0.002
334,334.0,429.56807049335015,407718,31.0,0.001,0.002
335,335.0,429.5678935287902,406643,32.0,0.001,0.002
336,336.0,429.5678419461929,405555,33.0,0.001,0.002
337,337.0,429.56779975090893,404483,34.0,0.001,0.002
338,338.0,429.5679261910128,403394,35.0,0.001,0.002
339,339.0,429.5679390396636,402303,36.0,0.001,0.002
340,340.0,429.5678971135488,401231,37.0,0.001,0.002
341,341.0,429.5677497315002,400144,38.0,0.001,0.002
342,342.0,429.5678932105756,399087,39.0,0.001,0.002
343,343.0,429.5677739482679,398024,40.0,0.001,0.002
344,344.0,429.56780550811726,396946,41.0,0.001,0.002
345,345.0,429.5676947891728,395880,42.0,0.001,0.002
346,346.0,429.56796435065235,394801,43.0,0.001,0.002
347,347.0,429.5677228480797,393749,44.0,0.001,0.002
348,348.0,429.5678828005403,392688,45.0,0.001,0.002
349,349.0,429.5678557351022,391638,46.0,0.001,0.002
350,350.0,429.5677008028477,390588,47.0,0.001,0.002
351,351.0,429.5677816397938,389519,48.0,0.001,0.002
352,352.0,429.5679984729907,388476,49.0,0.001,0.002
353,353.0,429.5680034151096,387420,50.0,0.001,0.002
354,354.0,429.5679542396449,386377,51.0,0.001,0.002
355,355.0,429.5676877559097,385341,52.0,0.001,0.002
356,356.0,429.56770446005817,384296,53.0,0.001,0.002
357,357.0,429.5679421900816,383263,54.0,0.001,0.002
358,358.0,429.5677122374941,382215,55.0,0.001,0.002
359,359.0,429.56772496342614,381181,56.0,0.001,0.002
360,360.0,429.5678798255035,380152,57.0,0.001,0.002
361,361.0,429.56777520215473,379116,58.0,0.001,0.002
362,362.0,429.56787216769334,378106,59.0,0.001,0.002
363,363.0,429.5679910135105,377073,60.0,0.001,0.002
364,364.0,429.56794240070593,376049,61.0,0.001,0.002
365,365.0,429.56774350781205,375028,62.0,0.001,0.002
366,366.0,429.5679900772621,374001,63.0,0.001,0.002
367,367.0,429.5679781142835,372997,64.0,0.001,0.002
368,368.0,429.5676906105587,371982,65.0,0.001,0.002
369,369.0,429.5678074949382,370977,66.0,0.001,0.002
370,370.0,429.56785292848366,369968,67.0,0.001,0.002
371,371.0,429.56783927355247,368950,68.0,0.001,0.002
372,372.0,429.56796580792064,367955,69.0,0.001,0.002
373,373.0,429.5678548661633,366949,70.0,0.001,0.002
374,374.0,429.5678938883244,365955,71.0,0.001,0.002
375,375.0,429.56773161575944,364969,72.0,0.001,0.002
376,376.0,429.5680229006822,363963,73.0,0.001,0.002
377,377.0,429.5680412778137,362978,74.0,0.001,0.002
378,378.0,429.5679220681762,361983,75.0,0.001,0.002
379,379.0,429.5677031331226,360995,76.0,0.001,0.002
380,380.0,429.5679654103848,360019,77.0,0.001,0.002
381,381.0,429.56790959077944,359033,78.0,0.001,0.002
382,382.0,429.5677970695815,358063,79.0,0.001,0.002
383,383.0,429.5680206145457,357082,80.0,0.001,0.002
384,384.0,429.5679312875748,356102,81.0,0.001,0.002
385,385.0,429.5677937439708,355136,82.0,0.001,0.002
386,386.0,429.5680120907053,354160,83.0,0.001,0.002
387,387.0,429.56784881547605,353203,84.0,0.001,0.002
388,388.0,429.56769555166227,352243,85.0,0.001,0.002
389,389.0,429.5680170797819,351273,86.0,0.001,0.002
390,390.0,429.56779245157406,350319,87.0,0.001,0.002
391,391.0,429.5678355931093,349355,88.0,0.001,0.002
392,392.0,429.5678691033251,348404,89.0,0.001,0.002
393,393.0,429.56800975246176,347458,90.0,0.001,0.002
394,394.0,429.5678372202843,346505,91.0,0.001,0.002
395,395.0,429.5679522285784,345566,92.0,0.001,0.002
396,396.0,429.5677591097815,344616,93.0,0.001,0.002
397,397.0,429.5678713039588,343671,94.0,0.001,0.002
398,398.0,429.5677405729168,342737,95.0,0.001,0.002
399,399.0,429.5678593063314,341794,96.0,0.001,0.002
400,400.0,429.56802581600937,340870,97.0,0.001,0.002
401,401.0,429.5679252497177,339941,98.0,0.001,0.002
402,402.0,429.5678513970324,339003,99.0,0.001,0.002
403,403.0,429.5677114071604,338082,100.0,0.001,0.002
404,404.0,242.1066513308698,249656,0.0,0.006,0.002
405,405.0,241.86483006109256,250341,1.0,0.006,0.002
406,406.0,241.86472308905252,251433,2.0,0.006,0.002
407,407.0,241.8648132979935,252499,3.0,0.006,0.002
408,408.0,241.86461757283348,253481,4.0,0.006,0.002
409,409.0,241.86483552199695,254420,5.0,0.006,0.002
410,410.0,241.86455527521144,255296,6.0,0.006,0.002
411,411.0,241.8647116479897,256129,7.0,0.006,0.002
412,412.0,241.8648409963964,256903,8.0,0.006,0.002
413,413.0,241.86473633064097,257641,9.0,0.006,0.002
414,414.0,241.86482448424567,258326,10.0,0.006,0.002
415,415.0,241.86461894856947,258994,11.0,0.006,0.002
416,416.0,241.86469045535932,259621,12.0,0.006,0.002
417,417.0,241.86454912587388,260218,13.0,0.006,0.002
418,418.0,241.8646666431588,260789,14.0,0.006,0.002
419,419.0,241.86469202290095,261324,15.0,0.006,0.002
420,420.0,241.86481215669423,261838,16.0,0.006,0.002
421,421.0,241.8645613023444,262320,17.0,0.006,0.002
422,422.0,241.864639977539,262778,18.0,0.006,0.002
423,423.0,241.8647875030809,263215,19.0,0.006,0.002
424,424.0,241.86478969908327,263631,20.0,0.006,0.002
425,425.0,241.86462053579112,264025,21.0,0.006,0.002
426,426.0,241.86476252348405,264394,22.0,0.006,0.002
427,427.0,241.86464946510432,264749,23.0,0.006,0.002
428,428.0,241.8645967378529,265090,24.0,0.006,0.002
429,429.0,241.8646011841522,265407,25.0,0.006,0.002
430,430.0,241.86468820177893,265702,26.0,0.006,0.002
431,431.0,241.86462156641124,265992,27.0,0.006,0.002
432,432.0,241.8646018890897,266272,28.0,0.006,0.002
433,433.0,241.8647670488048,266533,29.0,0.006,0.002
434,434.0,241.86472326579084,266774,30.0,0.006,0.002
435,435.0,241.8647617358391,267000,31.0,0.006,0.002
436,436.0,241.8646102431467,267214,32.0,0.006,0.002
437,437.0,241.8645564670853,267418,33.0,0.006,0.002
438,438.0,241.86454931393945,267609,34.0,0.006,0.002
439,439.0,241.86472884982027,267784,35.0,0.006,0.002
440,440.0,241.86473351633515,267943,36.0,0.006,0.002
441,441.0,241.86466186154647,268089,37.0,0.006,0.002
442,442.0,241.86457267094124,268223,38.0,0.006,0.002
443,443.0,241.864667554368,268346,39.0,0.006,0.002
444,444.0,241.86465262070095,268462,40.0,0.006,0.002
445,445.0,241.86456420910577,268564,41.0,0.006,0.002
446,446.0,241.8646808749029,268654,42.0,0.006,0.002
447,447.0,241.86458064627973,268731,43.0,0.006,0.002
448,448.0,241.8647141736738,268798,44.0,0.006,0.002
449,449.0,241.8645778771678,268853,45.0,0.006,0.002
450,450.0,241.86471705788892,268908,46.0,0.006,0.002
451,451.0,241.8645617046947,268951,47.0,0.006,0.002
452,452.0,241.8647473948023,268985,48.0,0.006,0.002
453,453.0,241.86468995334727,269007,49.0,0.006,0.002
454,454.0,241.86474317438976,269019,50.0,0.006,0.002
455,455.0,241.86462400927573,269020,51.0,0.006,0.002
456,456.0,241.86454652342587,269017,52.0,0.006,0.002
457,457.0,241.86470844387307,269009,53.0,0.006,0.002
458,458.0,241.86457792615832,268992,54.0,0.006,0.002
459,459.0,241.86473822381484,268969,55.0,0.006,0.002
460,460.0,241.86462125702965,268937,56.0,0.006,0.002
461,461.0,241.86465436775256,268898,57.0,0.006,0.002
462,462.0,241.8647243828301,268854,58.0,0.006,0.002
463,463.0,241.86455276835213,268804,59.0,0.006,0.002
464,464.0,241.86471669264316,268749,60.0,0.006,0.002
465,465.0,241.86463563609937,268686,61.0,0.006,0.002
466,466.0,241.86468544757875,268617,62.0,0.006,0.002
467,467.0,241.8646718121671,268541,63.0,0.006,0.002
468,468.0,241.86466031237848,268460,64.0,0.006,0.002
469,469.0,241.8645841008,268377,65.0,0.006,0.002
470,470.0,241.864631638493,268290,66.0,0.006,0.002
471,471.0,241.86466350769084,268198,67.0,0.006,0.002
472,472.0,241.8646211823524,268101,68.0,0.006,0.002
473,473.0,241.8647312263207,268000,69.0,0.006,0.002
474,474.0,241.8645951878845,267893,70.0,0.006,0.002
475,475.0,241.8645928042559,267782,71.0,0.006,0.002
476,476.0,241.8645450659057,267666,72.0,0.006,0.002
477,477.0,241.86463368967927,267546,73.0,0.006,0.002
478,478.0,241.8646069198614,267422,74.0,0.006,0.002
479,479.0,241.864730704515,267298,75.0,0.006,0.002
480,480.0,241.8646035097888,267169,76.0,0.006,0.002
481,481.0,241.8646495059639,267037,77.0,0.006,0.002
482,482.0,241.86464034882408,266901,78.0,0.006,0.002
483,483.0,241.86459364514633,266761,79.0,0.006,0.002
484,484.0,241.8647028521433,266618,80.0,0.006,0.002
485,485.0,241.86456035827229,266470,81.0,0.006,0.002
486,486.0,241.86458376761024,266319,82.0,0.006,0.002
487,487.0,241.8647180840943,266165,83.0,0.006,0.002
488,488.0,241.86458336617008,266007,84.0,0.006,0.002
489,489.0,241.86457132829304,265850,85.0,0.006,0.002
490,490.0,241.86469958107793,265691,86.0,0.006,0.002
491,491.0,241.86461386032667,265528,87.0,0.006,0.002
492,492.0,241.8646623647653,265363,88.0,0.006,0.002
493,493.0,241.8646642835265,265195,89.0,0.006,0.002
494,494.0,241.8646283083481,265024,90.0,0.006,0.002
495,495.0,241.8647018899047,264851,91.0,0.006,0.002
496,496.0,241.8645621047794,264674,92.0,0.006,0.002
497,497.0,241.8647067973363,264496,93.0,0.006,0.002
498,498.0,241.86463557812797,264315,94.0,0.006,0.002
499,499.0,241.86472397146656,264135,95.0,0.006,0.002
500,500.0,241.8646072765857,263952,96.0,0.006,0.002
501,501.0,241.8646965485933,263768,97.0,0.006,0.002
502,502.0,241.8645728772881,263581,98.0,0.006,0.002
503,503.0,241.8646417914977,263393,99.0,0.006,0.002
504,504.0,241.86468304077133,263203,100.0,0.006,0.002
505,505.0,429.9976506226091,443016,0.0,0.0015,0.002
506,506.0,429.5677830569995,441369,1.0,0.0015,0.002
507,507.0,429.5678264928571,440535,2.0,0.0015,0.002
508,508.0,429.56778768821806,439711,3.0,0.0015,0.002
509,509.0,429.5678688492744,438892,4.0,0.0015,0.002
510,510.0,429.5678513197208,438060,5.0,0.0015,0.002
511,511.0,429.5676536705214,437215,6.0,0.0015,0.002
512,512.0,429.5676767443688,436391,7.0,0.0015,0.002
513,513.0,429.56768124106327,435556,8.0,0.0015,0.002
514,514.0,429.567997093871,434701,9.0,0.0015,0.002
515,515.0,429.5676927946713,433864,10.0,0.0015,0.002
516,516.0,429.5677575214002,433027,11.0,0.0015,0.002
517,517.0,429.56784043382487,432171,12.0,0.0015,0.002
518,518.0,429.56776172350055,431317,13.0,0.0015,0.002
519,519.0,429.56769819405014,430475,14.0,0.0015,0.002
520,520.0,429.5680503032756,429618,15.0,0.0015,0.002
521,521.0,429.5679504543589,428749,16.0,0.0015,0.002
522,522.0,429.5677674743615,427901,17.0,0.0015,0.002
523,523.0,429.56788253133794,427041,18.0,0.0015,0.002
524,524.0,429.5678947376928,426163,19.0,0.0015,0.002
525,525.0,429.5678161354358,425306,20.0,0.0015,0.002
526,526.0,429.5678572564489,424442,21.0,0.0015,0.002
527,527.0,429.5679143827724,423554,22.0,0.0015,0.002
528,528.0,429.5679436385464,422676,23.0,0.0015,0.002
529,529.0,429.5679724883726,421797,24.0,0.0015,0.002
530,530.0,429.5677513390254,420904,25.0,0.0015,0.002
531,531.0,429.5677576172027,420019,26.0,0.0015,0.002
532,532.0,429.5676689694948,419143,27.0,0.0015,0.002
533,533.0,429.56774955784937,418245,28.0,0.0015,0.002
534,534.0,429.56775849825135,417345,29.0,0.0015,0.002
535,535.0,429.5679830661507,416458,30.0,0.0015,0.002
536,536.0,429.5680139228369,415560,31.0,0.0015,0.002
537,537.0,429.5680161070902,414663,32.0,0.0015,0.002
538,538.0,429.5679197093823,413785,33.0,0.0015,0.002
539,539.0,429.56766705961206,412892,34.0,0.0015,0.002
540,540.0,429.56791827577626,411984,35.0,0.0015,0.002
541,541.0,429.5678138238733,411093,36.0,0.0015,0.002
542,542.0,429.56781817686925,410193,37.0,0.0015,0.002
543,543.0,429.56791641644475,409289,38.0,0.0015,0.002
544,544.0,429.5677384128975,408406,39.0,0.0015,0.002
545,545.0,429.5678708070818,407519,40.0,0.0015,0.002
546,546.0,429.56791215607217,406608,41.0,0.0015,0.002
547,547.0,429.5679993471067,405716,42.0,0.0015,0.002
548,548.0,429.5677899059097,404816,43.0,0.0015,0.002
549,549.0,429.5676571518053,403909,44.0,0.0015,0.002
550,550.0,429.56786583358866,403024,45.0,0.0015,0.002
551,551.0,429.56776879728255,402135,46.0,0.0015,0.002
552,552.0,429.567832303892,401231,47.0,0.0015,0.002
553,553.0,429.5679863178129,400339,48.0,0.0015,0.002
554,554.0,429.56798453910585,399442,49.0,0.0015,0.002
555,555.0,429.567853056998,398536,50.0,0.0015,0.002
556,556.0,429.5677706913771,397649,51.0,0.0015,0.002
557,557.0,429.56772162002903,396761,52.0,0.0015,0.002
558,558.0,429.5677423064263,395864,53.0,0.0015,0.002
559,559.0,429.5678016405226,394973,54.0,0.0015,0.002
560,560.0,429.5678378497632,394080,55.0,0.0015,0.002
561,561.0,429.5679646053126,393178,56.0,0.0015,0.002
562,562.0,429.5676750118408,392291,57.0,0.0015,0.002
563,563.0,429.5676545404765,391406,58.0,0.0015,0.002
564,564.0,429.5677286087145,390514,59.0,0.0015,0.002
565,565.0,429.56777638433607,389628,60.0,0.0015,0.002
566,566.0,429.5677453147479,388740,61.0,0.0015,0.002
567,567.0,429.5678861091531,387843,62.0,0.0015,0.002
568,568.0,429.5678070100387,386959,63.0,0.0015,0.002
569,569.0,429.5676804168422,386078,64.0,0.0015,0.002
570,570.0,429.567692644748,385190,65.0,0.0015,0.002
571,571.0,429.56790267178224,384312,66.0,0.0015,0.002
572,572.0,429.5677933868941,383430,67.0,0.0015,0.002
573,573.0,429.5677639832565,382539,68.0,0.0015,0.002
574,574.0,429.56781629808216,381659,69.0,0.0015,0.002
575,575.0,429.5677811246728,380784,70.0,0.0015,0.002
576,576.0,429.5678497599319,379902,71.0,0.0015,0.002
577,577.0,429.5676622574594,379030,72.0,0.0015,0.002
578,578.0,429.5677719184034,378156,73.0,0.0015,0.002
579,579.0,429.5678599051089,377273,74.0,0.0015,0.002
580,580.0,429.56768934224874,376397,75.0,0.0015,0.002
581,581.0,429.5676625316998,375529,76.0,0.0015,0.002
582,582.0,429.56773407953096,374654,77.0,0.0015,0.002
583,583.0,429.56784120904854,373787,78.0,0.0015,0.002
584,584.0,429.5678240823962,372924,79.0,0.0015,0.002
585,585.0,429.5677022370822,372049,80.0,0.0015,0.002
586,586.0,429.56797589946115,371180,81.0,0.0015,0.002
587,587.0,429.56771677334655,370319,82.0,0.0015,0.002
588,588.0,429.5676847091707,369452,83.0,0.0015,0.002
589,589.0,429.567785692605,368590,84.0,0.0015,0.002
590,590.0,429.56793868703267,367738,85.0,0.0015,0.002
591,591.0,429.56787758499416,366869,86.0,0.0015,0.002
592,592.0,429.56785607694906,366001,87.0,0.0015,0.002
593,593.0,429.5676875099834,365143,88.0,0.0015,0.002
594,594.0,429.5679457716099,364279,89.0,0.0015,0.002
595,595.0,429.5678299186119,363415,90.0,0.0015,0.002
596,596.0,429.5677317697146,362563,91.0,0.0015,0.002
597,597.0,429.5678012646418,361706,92.0,0.0015,0.002
598,598.0,429.5678452162167,360850,93.0,0.0015,0.002
599,599.0,429.567665757462,360007,94.0,0.0015,0.002
600,600.0,429.5678730253444,359159,95.0,0.0015,0.002
601,601.0,429.5677178698288,358299,96.0,0.0015,0.002
602,602.0,429.5677278852233,357452,97.0,0.0015,0.002
603,603.0,429.567665698343,356600,98.0,0.0015,0.002
604,604.0,429.5677191575195,355747,99.0,0.0015,0.002
605,605.0,429.5678763458376,354908,100.0,0.0015,0.002
606,606.0,429.9975581136268,443016,0.0,0.003,0.002
607,607.0,429.56798117249366,442301,1.0,0.003,0.002
608,608.0,429.56790685045735,442397,2.0,0.003,0.002
609,609.0,429.5679001340488,442475,3.0,0.003,0.002
610,610.0,429.5678159973723,442534,4.0,0.003,0.002
611,611.0,429.5679035853259,442575,5.0,0.003,0.002
612,612.0,429.5676747545936,442592,6.0,0.003,0.002
613,613.0,429.56756735706387,442584,7.0,0.003,0.002
614,614.0,429.5677741848535,442552,8.0,0.003,0.002
615,615.0,429.56780876199394,442495,9.0,0.003,0.002
616,616.0,429.5676272770367,442417,10.0,0.003,0.002
617,617.0,429.5677356122486,442317,11.0,0.003,0.002
618,618.0,429.56764135557046,442193,12.0,0.003,0.002
619,619.0,429.5677002084413,442052,13.0,0.003,0.002
620,620.0,429.56784365101504,441890,14.0,0.003,0.002
621,621.0,429.5678345769801,441706,15.0,0.003,0.002
622,622.0,429.5677926977349,441506,16.0,0.003,0.002
623,623.0,429.5678379575305,441289,17.0,0.003,0.002
624,624.0,429.5677169630128,441053,18.0,0.003,0.002
625,625.0,429.56767782464783,440802,19.0,0.003,0.002
626,626.0,429.5676217492979,440538,20.0,0.003,0.002
627,627.0,429.5676301924891,440260,21.0,0.003,0.002
628,628.0,429.56785747877075,439970,22.0,0.003,0.002
629,629.0,429.56773742413617,439668,23.0,0.003,0.002
630,630.0,429.56757653539944,439353,24.0,0.003,0.002
631,631.0,429.5675759090156,439026,25.0,0.003,0.002
632,632.0,429.56773732559657,438690,26.0,0.003,0.002
633,633.0,429.56768406750433,438342,27.0,0.003,0.002
634,634.0,429.5677376123052,437983,28.0,0.003,0.002
635,635.0,429.5678514770678,437613,29.0,0.003,0.002
636,636.0,429.5676620181114,437231,30.0,0.003,0.002
637,637.0,429.5677465836819,436839,31.0,0.003,0.002
638,638.0,429.5678062825108,436438,32.0,0.003,0.002
639,639.0,429.5675724559739,436029,33.0,0.003,0.002
640,640.0,429.5676056686234,435615,34.0,0.003,0.002
641,641.0,429.56759534643686,435194,35.0,0.003,0.002
642,642.0,429.567640454477,434765,36.0,0.003,0.002
643,643.0,429.5676259845116,434327,37.0,0.003,0.002
644,644.0,429.56767244870673,433881,38.0,0.003,0.002
645,645.0,429.56769187914017,433427,39.0,0.003,0.002
646,646.0,429.5677672633085,432965,40.0,0.003,0.002
647,647.0,429.56782039173817,432495,41.0,0.003,0.002
648,648.0,429.5678320882771,432021,42.0,0.003,0.002
649,649.0,429.5677849334595,431544,43.0,0.003,0.002
650,650.0,429.5678185798415,431063,44.0,0.003,0.002
651,651.0,429.5675783517156,430574,45.0,0.003,0.002
652,652.0,429.5676141039169,430079,46.0,0.003,0.002
653,653.0,429.5676085792057,429577,47.0,0.003,0.002
654,654.0,429.567793946391,429069,48.0,0.003,0.002
655,655.0,429.56765089789315,428555,49.0,0.003,0.002
656,656.0,429.56763757443673,428041,50.0,0.003,0.002
657,657.0,429.5678139892791,427525,51.0,0.003,0.002
658,658.0,429.5677590378684,427003,52.0,0.003,0.002
659,659.0,429.5676724584793,426475,53.0,0.003,0.002
660,660.0,429.5678125126216,425942,54.0,0.003,0.002
661,661.0,429.5675658026774,425402,55.0,0.003,0.002
662,662.0,429.5678161931755,424861,56.0,0.003,0.002
663,663.0,429.56773492831303,424319,57.0,0.003,0.002
664,664.0,429.56765240203646,423774,58.0,0.003,0.002
665,665.0,429.5676384544506,423225,59.0,0.003,0.002
666,666.0,429.5676365726393,422671,60.0,0.003,0.002
667,667.0,429.567649311121,422112,61.0,0.003,0.002
668,668.0,429.56768658382464,421549,62.0,0.003,0.002
669,669.0,429.5677220467448,420987,63.0,0.003,0.002
670,670.0,429.56758326110935,420422,64.0,0.003,0.002
671,671.0,429.56756356412234,419854,65.0,0.003,0.002
672,672.0,429.56776277161146,419282,66.0,0.003,0.002
673,673.0,429.56772500531054,418704,67.0,0.003,0.002
674,674.0,429.56774760144526,418122,68.0,0.003,0.002
675,675.0,429.56762295262394,417540,69.0,0.003,0.002
676,676.0,429.5677936211472,416960,70.0,0.003,0.002
677,677.0,429.56758109263103,416377,71.0,0.003,0.002
678,678.0,429.5677671634375,415792,72.0,0.003,0.002
679,679.0,429.5676157389024,415202,73.0,0.003,0.002
680,680.0,429.56759585404245,414606,74.0,0.003,0.002
681,681.0,429.5677102211188,414011,75.0,0.003,0.002
682,682.0,429.56766723524,413416,76.0,0.003,0.002
683,683.0,429.56779690814506,412820,77.0,0.003,0.002
684,684.0,429.5678011759891,412220,78.0,0.003,0.002
685,685.0,429.5677454309093,411616,79.0,0.003,0.002
686,686.0,429.567676970185,411011,80.0,0.003,0.002
687,687.0,429.567688697764,410409,81.0,0.003,0.002
688,688.0,429.56763975617594,409808,82.0,0.003,0.002
689,689.0,429.56761593812973,409206,83.0,0.003,0.002
690,690.0,429.5677940219472,408597,84.0,0.003,0.002
691,691.0,429.56765402888897,407982,85.0,0.003,0.002
692,692.0,429.56771771533,407369,86.0,0.003,0.002
693,693.0,429.5675770920368,406757,87.0,0.003,0.002
694,694.0,429.5677304011709,406146,88.0,0.003,0.002
695,695.0,429.5677356174922,405532,89.0,0.003,0.002
696,696.0,429.5677203424418,404915,90.0,0.003,0.002
697,697.0,429.5677618870654,404298,91.0,0.003,0.002
698,698.0,429.56773536173114,403684,92.0,0.003,0.002
699,699.0,429.56774558619895,403072,93.0,0.003,0.002
700,700.0,429.5676777538992,402454,94.0,0.003,0.002
701,701.0,429.5677192701983,401832,95.0,0.003,0.002
702,702.0,429.5676007870268,401207,96.0,0.003,0.002
703,703.0,429.5676520472553,400585,97.0,0.003,0.002
704,704.0,429.5677090740997,399965,98.0,0.003,0.002
705,705.0,429.5677813418818,399345,99.0,0.003,0.002
706,706.0,429.56762316785233,398722,100.0,0.003,0.002
707,707.0,429.99749644116736,443016,0.0,0.004,0.002
708,708.0,429.56790549552113,442915,1.0,0.004,0.002
709,709.0,429.5675186707774,443637,2.0,0.004,0.002
710,710.0,429.5677606520457,444310,3.0,0.004,0.002
711,711.0,429.5678731443535,444930,4.0,0.004,0.002
712,712.0,429.56772690719794,445525,5.0,0.004,0.002
713,713.0,429.5676233291997,446068,6.0,0.004,0.002
714,714.0,429.56780505315703,446558,7.0,0.004,0.002
715,715.0,429.5675022917045,447008,8.0,0.004,0.002
716,716.0,429.56766322646325,447434,9.0,0.004,0.002
717,717.0,429.5675297651355,447817,10.0,0.004,0.002
718,718.0,429.5677292195773,448161,11.0,0.004,0.002
719,719.0,429.5676802189227,448457,12.0,0.004,0.002
720,720.0,429.5676557829698,448727,13.0,0.004,0.002
721,721.0,429.56772543470834,448971,14.0,0.004,0.002
722,722.0,429.5676416131561,449185,15.0,0.004,0.002
723,723.0,429.5677815082448,449373,16.0,0.004,0.002
724,724.0,429.5676417717298,449527,17.0,0.004,0.002
725,725.0,429.56767724405273,449659,18.0,0.004,0.002
726,726.0,429.567773114383,449765,19.0,0.004,0.002
727,727.0,429.5676035033353,449847,20.0,0.004,0.002
728,728.0,429.56751526375257,449916,21.0,0.004,0.002
729,729.0,429.5675671301523,449968,22.0,0.004,0.002
730,730.0,429.56762987486206,450002,23.0,0.004,0.002
731,731.0,429.5677679177314,450015,24.0,0.004,0.002
732,732.0,429.5676925406979,450008,25.0,0.004,0.002
733,733.0,429.567744232428,449989,26.0,0.004,0.002
734,734.0,429.5677442762767,449951,27.0,0.004,0.002
735,735.0,429.56776529883786,449894,28.0,0.004,0.002
736,736.0,429.567599277292,449817,29.0,0.004,0.002
737,737.0,429.567597179669,449724,30.0,0.004,0.002
738,738.0,429.5676870822333,449624,31.0,0.004,0.002
739,739.0,429.5675263245147,449508,32.0,0.004,0.002
740,740.0,429.5676974913881,449378,33.0,0.004,0.002
741,741.0,429.5676709262746,449232,34.0,0.004,0.002
742,742.0,429.5676179288821,449072,35.0,0.004,0.002
743,743.0,429.5677194852324,448906,36.0,0.004,0.002
744,744.0,429.5676396594978,448727,37.0,0.004,0.002
745,745.0,429.567627990884,448536,38.0,0.004,0.002
746,746.0,429.5677017907596,448333,39.0,0.004,0.002
747,747.0,429.5677495742464,448118,40.0,0.004,0.002
748,748.0,429.567581287748,447896,41.0,0.004,0.002
749,749.0,429.56773097401447,447665,42.0,0.004,0.002
750,750.0,429.5677126935073,447423,43.0,0.004,0.002
751,751.0,429.56773588457423,447171,44.0,0.004,0.002
752,752.0,429.5675319929153,446908,45.0,0.004,0.002
753,753.0,429.56755878930903,446642,46.0,0.004,0.002
754,754.0,429.5676169130251,446368,47.0,0.004,0.002
755,755.0,429.5677162754637,446086,48.0,0.004,0.002
756,756.0,429.5676173853364,445795,49.0,0.004,0.002
757,757.0,429.5675339640961,445496,50.0,0.004,0.002
758,758.0,429.5677171199179,445190,51.0,0.004,0.002
759,759.0,429.56767783092914,444875,52.0,0.004,0.002
760,760.0,429.5676134763965,444552,53.0,0.004,0.002
761,761.0,429.56756586594247,444221,54.0,0.004,0.002
762,762.0,429.56768253025825,443883,55.0,0.004,0.002
763,763.0,429.5676325679456,443541,56.0,0.004,0.002
764,764.0,429.5675456592689,443192,57.0,0.004,0.002
765,765.0,429.5675101895929,442837,58.0,0.004,0.002
766,766.0,429.567522556455,442476,59.0,0.004,0.002
767,767.0,429.5675438486484,442109,60.0,0.004,0.002
768,768.0,429.5675733597499,441736,61.0,0.004,0.002
769,769.0,429.5675973059313,441357,62.0,0.004,0.002
770,770.0,429.56759329895914,440972,63.0,0.004,0.002
771,771.0,429.5675514503592,440581,64.0,0.004,0.002
772,772.0,429.5677079511919,440185,65.0,0.004,0.002
773,773.0,429.5676888127744,439786,66.0,0.004,0.002
774,774.0,429.5675307068258,439381,67.0,0.004,0.002
775,775.0,429.56769758593674,438972,68.0,0.004,0.002
776,776.0,429.5676955600083,438557,69.0,0.004,0.002
777,777.0,429.567554981171,438136,70.0,0.004,0.002
778,778.0,429.5676096511364,437711,71.0,0.004,0.002
779,779.0,429.5676194392026,437282,72.0,0.004,0.002
780,780.0,429.56755895508326,436849,73.0,0.004,0.002
781,781.0,429.5676439636604,436413,74.0,0.004,0.002
782,782.0,429.56763086612347,435973,75.0,0.004,0.002
783,783.0,429.56765551208326,435531,76.0,0.004,0.002
784,784.0,429.567626857429,435085,77.0,0.004,0.002
785,785.0,429.56760723523195,434635,78.0,0.004,0.002
786,786.0,429.5675954765713,434181,79.0,0.004,0.002
787,787.0,429.5676089859719,433723,80.0,0.004,0.002
788,788.0,429.5676008222903,433261,81.0,0.004,0.002
789,789.0,429.5676888338297,432796,82.0,0.004,0.002
790,790.0,429.5676089170889,432328,83.0,0.004,0.002
791,791.0,429.5675477810822,431858,84.0,0.004,0.002
792,792.0,429.5675220095199,431386,85.0,0.004,0.002
793,793.0,429.5675721613035,430912,86.0,0.004,0.002
794,794.0,429.5675509552098,430435,87.0,0.004,0.002
795,795.0,429.567503152878,429955,88.0,0.004,0.002
796,796.0,429.5675270420216,429472,89.0,0.004,0.002
797,797.0,429.56756822684326,428986,90.0,0.004,0.002
798,798.0,429.5676291000761,428497,91.0,0.004,0.002
799,799.0,429.5676084939012,428006,92.0,0.004,0.002
800,800.0,429.56761701911387,427514,93.0,0.004,0.002
801,801.0,429.56768013631176,427021,94.0,0.004,0.002
802,802.0,429.5676338426672,426526,95.0,0.004,0.002
803,803.0,429.5677027788285,426029,96.0,0.004,0.002
804,804.0,429.56760437476856,425529,97.0,0.004,0.002
805,805.0,429.5676347223959,425027,98.0,0.004,0.002
806,806.0,429.5675871082726,424522,99.0,0.004,0.002
807,807.0,429.56757500412857,424015,100.0,0.004,0.002
808,808.0,429.99758894991544,443016,0.0,0.0025,0.002
809,809.0,429.5679630398118,441993,1.0,0.0025,0.002
810,810.0,429.5680354655445,441787,2.0,0.0025,0.002
811,811.0,429.56772593175634,441569,3.0,0.0025,0.002
812,812.0,429.5679287727791,441339,4.0,0.0025,0.002
813,813.0,429.56762416251536,441093,5.0,0.0025,0.002
814,814.0,429.5676453333592,440833,6.0,0.0025,0.002
815,815.0,429.5677950061406,440557,7.0,0.0025,0.002
816,816.0,429.56788471861694,440264,8.0,0.0025,0.002
817,817.0,429.5679701355049,439954,9.0,0.0025,0.002
818,818.0,429.5678226203105,439627,10.0,0.0025,0.002
819,819.0,429.5679346567615,439286,11.0,0.0025,0.002
820,820.0,429.56774746497325,438935,12.0,0.0025,0.002
821,821.0,429.56787013978743,438573,13.0,0.0025,0.002
822,822.0,429.5677104414256,438196,14.0,0.0025,0.002
823,823.0,429.56788668589235,437805,15.0,0.0025,0.002
824,824.0,429.5677094249028,437399,16.0,0.0025,0.002
825,825.0,429.567743648107,436980,17.0,0.0025,0.002
826,826.0,429.56769059576624,436547,18.0,0.0025,0.002
827,827.0,429.56763286735264,436101,19.0,0.0025,0.002
828,828.0,429.5675916310339,435645,20.0,0.0025,0.002
829,829.0,429.5676237110786,435186,21.0,0.0025,0.002
830,830.0,429.5677891979146,434719,22.0,0.0025,0.002
831,831.0,429.5676236539534,434240,23.0,0.0025,0.002
832,832.0,429.5677569250568,433750,24.0,0.0025,0.002
833,833.0,429.5677858941478,433248,25.0,0.0025,0.002
834,834.0,429.567851104684,432735,26.0,0.0025,0.002
835,835.0,429.5678688939393,432214,27.0,0.0025,0.002
836,836.0,429.5678198608125,431693,28.0,0.0025,0.002
837,837.0,429.5677291765372,431166,29.0,0.0025,0.002
838,838.0,429.5676614257921,430629,30.0,0.0025,0.002
839,839.0,429.5676183290863,430081,31.0,0.0025,0.002
840,840.0,429.5677183103791,429524,32.0,0.0025,0.002
841,841.0,429.56783576564067,428960,33.0,0.0025,0.002
842,842.0,429.5678246882195,428398,34.0,0.0025,0.002
843,843.0,429.56767513172946,427833,35.0,0.0025,0.002
844,844.0,429.5677970258291,427262,36.0,0.0025,0.002
845,845.0,429.5677727166837,426678,37.0,0.0025,0.002
846,846.0,429.5678302886702,426086,38.0,0.0025,0.002
847,847.0,429.5678170965728,425491,39.0,0.0025,0.002
848,848.0,429.5676930191652,424899,40.0,0.0025,0.002
849,849.0,429.5678816132875,424304,41.0,0.0025,0.002
850,850.0,429.5678169753216,423702,42.0,0.0025,0.002
851,851.0,429.5678719772146,423091,43.0,0.0025,0.002
852,852.0,429.5678194274368,422472,44.0,0.0025,0.002
853,853.0,429.567744725852,421857,45.0,0.0025,0.002
854,854.0,429.56769870093416,421241,46.0,0.0025,0.002
855,855.0,429.5675961585435,420619,47.0,0.0025,0.002
856,856.0,429.5677155415456,419992,48.0,0.0025,0.002
857,857.0,429.56765044118504,419359,49.0,0.0025,0.002
858,858.0,429.5678632412324,418727,50.0,0.0025,0.002
859,859.0,429.5677092646257,418094,51.0,0.0025,0.002
860,860.0,429.5676894710593,417456,52.0,0.0025,0.002
861,861.0,429.56787005787703,416813,53.0,0.0025,0.002
862,862.0,429.5678193273499,416165,54.0,0.0025,0.002
863,863.0,429.5676171514506,415522,55.0,0.0025,0.002
864,864.0,429.567843557715,414878,56.0,0.0025,0.002
865,865.0,429.56764419199067,414226,57.0,0.0025,0.002
866,866.0,429.56764664834606,413569,58.0,0.0025,0.002
867,867.0,429.5676598967328,412909,59.0,0.0025,0.002
868,868.0,429.5677345833113,412255,60.0,0.0025,0.002
869,869.0,429.5676129872873,411601,61.0,0.0025,0.002
870,870.0,429.5677789141975,410942,62.0,0.0025,0.002
871,871.0,429.5677762164715,410274,63.0,0.0025,0.002
872,872.0,429.5676160166954,409605,64.0,0.0025,0.002
873,873.0,429.5676852685617,408942,65.0,0.0025,0.002
874,874.0,429.56780637990704,408278,66.0,0.0025,0.002
875,875.0,429.5677855906313,407609,67.0,0.0025,0.002
876,876.0,429.5677141851849,406936,68.0,0.0025,0.002
877,877.0,429.56774622450575,406261,69.0,0.0025,0.002
878,878.0,429.56769004314094,405588,70.0,0.0025,0.002
879,879.0,429.56784125787743,404912,71.0,0.0025,0.002
880,880.0,429.567600541256,404229,72.0,0.0025,0.002
881,881.0,429.56760854836745,403545,73.0,0.0025,0.002
882,882.0,429.5677405791995,402867,74.0,0.0025,0.002
883,883.0,429.56771378186767,402189,75.0,0.0025,0.002
884,884.0,429.56762008730567,401507,76.0,0.0025,0.002
885,885.0,429.5677378062964,400822,77.0,0.0025,0.002
886,886.0,429.5677500637772,400141,78.0,0.0025,0.002
887,887.0,429.5678245946996,399457,79.0,0.0025,0.002
888,888.0,429.5677835438233,398770,80.0,0.0025,0.002
889,889.0,429.56763877632625,398078,81.0,0.0025,0.002
890,890.0,429.5677443929782,397386,82.0,0.0025,0.002
891,891.0,429.5676147809069,396699,83.0,0.0025,0.002
892,892.0,429.56771058895873,396014,84.0,0.0025,0.002
893,893.0,429.56781275364534,395326,85.0,0.0025,0.002
894,894.0,429.56778187262535,394635,86.0,0.0025,0.002
895,895.0,429.56760625233295,393949,87.0,0.0025,0.002
896,896.0,429.5677101378453,393269,88.0,0.0025,0.002
897,897.0,429.5675928842884,392577,89.0,0.0025,0.002
898,898.0,429.56779062174695,391882,90.0,0.0025,0.002
899,899.0,429.56774444635806,391187,91.0,0.0025,0.002
900,900.0,429.5676325260894,390497,92.0,0.0025,0.002
901,901.0,429.56767272682896,389808,93.0,0.0025,0.002
902,902.0,429.56774161636514,389116,94.0,0.0025,0.002
903,903.0,429.56781302052144,388423,95.0,0.0025,0.002
904,904.0,429.5675953086952,387735,96.0,0.0025,0.002
905,905.0,429.56775611900633,387052,97.0,0.0025,0.002
906,906.0,429.5677042719482,386367,98.0,0.0025,0.002
907,907.0,429.567833692312,385671,99.0,0.0025,0.002
908,908.0,429.5676194519326,384977,100.0,0.0025,0.002
909,909.0,429.99743476886704,443016,0.0,0.005,0.002
910,910.0,429.5677847356736,443549,1.0,0.005,0.002
911,911.0,429.56771269181655,444856,2.0,0.005,0.002
912,912.0,429.5674520006486,446114,3.0,0.005,0.002
913,913.0,429.5675194203219,447283,4.0,0.005,0.002
914,914.0,429.5674978105556,448399,5.0,0.005,0.002
915,915.0,429.5677262214612,449433,6.0,0.005,0.002
916,916.0,429.5677924802079,450418,7.0,0.005,0.002
917,917.0,429.5677762276622,451335,8.0,0.005,0.002
918,918.0,429.56766069983513,452184,9.0,0.005,0.002
919,919.0,429.5675431269219,452993,10.0,0.005,0.002
920,920.0,429.5677632472322,453731,11.0,0.005,0.002
921,921.0,429.56747043703416,454436,12.0,0.005,0.002
922,922.0,429.56764029366536,455093,13.0,0.005,0.002
923,923.0,429.567680389907,455710,14.0,0.005,0.002
924,924.0,429.5676602455817,456301,15.0,0.005,0.002
925,925.0,429.56762650567094,456855,16.0,0.005,0.002
926,926.0,429.5674752023682,457358,17.0,0.005,0.002
927,927.0,429.5675163505727,457839,18.0,0.005,0.002
928,928.0,429.5676042893768,458297,19.0,0.005,0.002
929,929.0,429.5676085182385,458712,20.0,0.005,0.002
930,930.0,429.5674406446568,459085,21.0,0.005,0.002
931,931.0,429.5676656457714,459444,22.0,0.005,0.002
932,932.0,429.5675858555158,459781,23.0,0.005,0.002
933,933.0,429.567487990348,460087,24.0,0.005,0.002
934,934.0,429.56767196052033,460363,25.0,0.005,0.002
935,935.0,429.5675269268254,460620,26.0,0.005,0.002
936,936.0,429.56769563561664,460853,27.0,0.005,0.002
937,937.0,429.5675280481687,461064,28.0,0.005,0.002
938,938.0,429.56762213381415,461258,29.0,0.005,0.002
939,939.0,429.5675186770934,461434,30.0,0.005,0.002
940,940.0,429.5675242200057,461587,31.0,0.005,0.002
941,941.0,429.5676489654608,461717,32.0,0.005,0.002
942,942.0,429.56757659644495,461831,33.0,0.005,0.002
943,943.0,429.567513414908,461936,34.0,0.005,0.002
944,944.0,429.5675647927072,462028,35.0,0.005,0.002
945,945.0,429.5675970431488,462105,36.0,0.005,0.002
946,946.0,429.5676499005336,462164,37.0,0.005,0.002
947,947.0,429.5675271020762,462204,38.0,0.005,0.002
948,948.0,429.5674825497715,462226,39.0,0.005,0.002
949,949.0,429.5675068306489,462230,40.0,0.005,0.002
950,950.0,429.56751096003006,462226,41.0,0.005,0.002
951,951.0,429.5674619992208,462210,42.0,0.005,0.002
952,952.0,429.56747083202293,462180,43.0,0.005,0.002
953,953.0,429.5675055742083,462136,44.0,0.005,0.002
954,954.0,429.56763965435766,462078,45.0,0.005,0.002
955,955.0,429.56747911516413,462004,46.0,0.005,0.002
956,956.0,429.5676128646337,461916,47.0,0.005,0.002
957,957.0,429.5674492380947,461811,48.0,0.005,0.002
958,958.0,429.56752159439026,461707,49.0,0.005,0.002
959,959.0,429.5676433270167,461591,50.0,0.005,0.002
960,960.0,429.5675806558248,461462,51.0,0.005,0.002
961,961.0,429.56757864530783,461321,52.0,0.005,0.002
962,962.0,429.56761141863814,461168,53.0,0.005,0.002
963,963.0,429.56743901702106,461002,54.0,0.005,0.002
964,964.0,429.5675120936464,460825,55.0,0.005,0.002
965,965.0,429.5674513740594,460638,56.0,0.005,0.002
966,966.0,429.56750646789567,460449,57.0,0.005,0.002
967,967.0,429.5674586263598,460250,58.0,0.005,0.002
968,968.0,429.5674844696289,460042,59.0,0.005,0.002
969,969.0,429.5675828657529,459825,60.0,0.005,0.002
970,970.0,429.5675634980031,459598,61.0,0.005,0.002
971,971.0,429.5676038304853,459362,62.0,0.005,0.002
972,972.0,429.56751040741096,459116,63.0,0.005,0.002
973,973.0,429.5675083458336,458865,64.0,0.005,0.002
974,974.0,429.56751791775537,458610,65.0,0.005,0.002
975,975.0,429.5676373945218,458348,66.0,0.005,0.002
976,976.0,429.5676169649043,458078,67.0,0.005,0.002
977,977.0,429.5674812802198,457800,68.0,0.005,0.002
978,978.0,429.5676138578285,457516,69.0,0.005,0.002
979,979.0,429.5675829675693,457224,70.0,0.005,0.002
980,980.0,429.56761235592774,456925,71.0,0.005,0.002
981,981.0,429.56744210841055,456622,72.0,0.005,0.002
982,982.0,429.567614037865,456316,73.0,0.005,0.002
983,983.0,429.5675491696145,456003,74.0,0.005,0.002
984,984.0,429.5676353362372,455685,75.0,0.005,0.002
985,985.0,429.56748183089906,455360,76.0,0.005,0.002
986,986.0,429.5674678241634,455030,77.0,0.005,0.002
987,987.0,429.5675985274349,454695,78.0,0.005,0.002
988,988.0,429.5674503885572,454353,79.0,0.005,0.002
989,989.0,429.5674881552607,454011,80.0,0.005,0.002
990,990.0,429.5676329805792,453665,81.0,0.005,0.002
991,991.0,429.56747270977064,453313,82.0,0.005,0.002
992,992.0,429.5676218775806,452958,83.0,0.005,0.002
993,993.0,429.56763221507936,452598,84.0,0.005,0.002
994,994.0,429.5675527715904,452233,85.0,0.005,0.002
995,995.0,429.567542405063,451864,86.0,0.005,0.002
996,996.0,429.5675957355704,451491,87.0,0.005,0.002
997,997.0,429.5674944709032,451113,88.0,0.005,0.002
998,998.0,429.5675805267639,450732,89.0,0.005,0.002
999,999.0,429.5676123913482,450350,90.0,0.005,0.002
1000,1000.0,429.56749555149577,449964,91.0,0.005,0.002
1001,1001.0,429.5676206564593,449576,92.0,0.005,0.002
1002,1002.0,429.5676123375312,449184,93.0,0.005,0.002
1003,1003.0,429.5676277120494,448789,94.0,0.005,0.002
1004,1004.0,429.5674716441392,448390,95.0,0.005,0.002
1005,1005.0,429.5675373076069,447989,96.0,0.005,0.002
1006,1006.0,429.56759104839193,447585,97.0,0.005,0.002
1007,1007.0,429.5674774615839,447177,98.0,0.005,0.002
1008,1008.0,429.5675483016532,446767,99.0,0.005,0.002
1009,1009.0,429.56754068484446,446356,100.0,0.005,0.002
1010,1010.0,429.9976197862435,443016,0.0,0.002,0.002
1011,1011.0,429.56770313322994,441682,1.0,0.002,0.002
1012,1012.0,429.5679037965999,441166,2.0,0.002,0.002
1013,1013.0,429.56791025574023,440640,3.0,0.002,0.002
1014,1014.0,429.56770345396745,440103,4.0,0.002,0.002
1015,1015.0,429.5677962322525,439576,5.0,0.002,0.002
1016,1016.0,429.5676655551162,439041,6.0,0.002,0.002
1017,1017.0,429.5680192493469,438494,7.0,0.002,0.002
1018,1018.0,429.5676570782649,437930,8.0,0.002,0.002
1019,1019.0,429.56787557556214,437355,9.0,0.002,0.002
1020,1020.0,429.5680545234448,436774,10.0,0.002,0.002
1021,1021.0,429.56764843565446,436194,11.0,0.002,0.002
1022,1022.0,429.5678816216859,435605,12.0,0.002,0.002
1023,1023.0,429.5676399808609,435004,13.0,0.002,0.002
1024,1024.0,429.5678576583169,434387,14.0,0.002,0.002
1025,1025.0,429.56797689145526,433764,15.0,0.002,0.002
1026,1026.0,429.5679640970609,433150,16.0,0.002,0.002
1027,1027.0,429.5676616923029,432520,17.0,0.002,0.002
1028,1028.0,429.5679607807975,431880,18.0,0.002,0.002
1029,1029.0,429.5679708459256,431229,19.0,0.002,0.002
1030,1030.0,429.56799513806146,430575,20.0,0.002,0.002
1031,1031.0,429.567998725981,429924,21.0,0.002,0.002
1032,1032.0,429.5679562832848,429263,22.0,0.002,0.002
1033,1033.0,429.5678322859177,428588,23.0,0.002,0.002
1034,1034.0,429.56788053397554,427900,24.0,0.002,0.002
1035,1035.0,429.56772399989205,427220,25.0,0.002,0.002
1036,1036.0,429.5677622888775,426534,26.0,0.002,0.002
1037,1037.0,429.5679595146482,425838,27.0,0.002,0.002
1038,1038.0,429.5676466546726,425131,28.0,0.002,0.002
1039,1039.0,429.56790264810473,424431,29.0,0.002,0.002
1040,1040.0,429.5678137778775,423725,30.0,0.002,0.002
1041,1041.0,429.56768868469914,423009,31.0,0.002,0.002
1042,1042.0,429.56766758614606,422284,32.0,0.002,0.002
1043,1043.0,429.56788454718736,421563,33.0,0.002,0.002
1044,1044.0,429.5678697230903,420849,34.0,0.002,0.002
1045,1045.0,429.5677531994065,420129,35.0,0.002,0.002
1046,1046.0,429.5679249962819,419393,36.0,0.002,0.002
1047,1047.0,429.5677534613486,418654,37.0,0.002,0.002
1048,1048.0,429.5679269573977,417924,38.0,0.002,0.002
1049,1049.0,429.5677519997597,417186,39.0,0.002,0.002
1050,1050.0,429.56793529551993,416442,40.0,0.002,0.002
1051,1051.0,429.56788598531176,415701,41.0,0.002,0.002
1052,1052.0,429.567891360406,414966,42.0,0.002,0.002
1053,1053.0,429.5678920745281,414217,43.0,0.002,0.002
1054,1054.0,429.5676526964993,413459,44.0,0.002,0.002
1055,1055.0,429.5677253303854,412706,45.0,0.002,0.002
1056,1056.0,429.5676478908029,411960,46.0,0.002,0.002
1057,1057.0,429.5677183224126,411209,47.0,0.002,0.002
1058,1058.0,429.5676488159749,410452,48.0,0.002,0.002
1059,1059.0,429.5677419765825,409693,49.0,0.002,0.002
1060,1060.0,429.5678206778255,408938,50.0,0.002,0.002
1061,1061.0,429.5679135106593,408176,51.0,0.002,0.002
1062,1062.0,429.5677631216027,407407,52.0,0.002,0.002
1063,1063.0,429.5676695356657,406649,53.0,0.002,0.002
1064,1064.0,429.5676295122742,405894,54.0,0.002,0.002
1065,1065.0,429.5678135705563,405129,55.0,0.002,0.002
1066,1066.0,429.56784598976253,404355,56.0,0.002,0.002
1067,1067.0,429.5678799945995,403592,57.0,0.002,0.002
1068,1068.0,429.56773838188775,402827,58.0,0.002,0.002
1069,1069.0,429.5676412570645,402056,59.0,0.002,0.002
1070,1070.0,429.5677124020432,401286,60.0,0.002,0.002
1071,1071.0,429.56775310119343,400526,61.0,0.002,0.002
1072,1072.0,429.5678135177563,399756,62.0,0.002,0.002
1073,1073.0,429.5678809359586,398979,63.0,0.002,0.002
1074,1074.0,429.5678171534933,398206,64.0,0.002,0.002
1075,1075.0,429.5676394837484,397440,65.0,0.002,0.002
1076,1076.0,429.5678997592896,396671,66.0,0.002,0.002
1077,1077.0,429.5677001001323,395896,67.0,0.002,0.002
1078,1078.0,429.5678286962175,395124,68.0,0.002,0.002
1079,1079.0,429.5678875264158,394351,69.0,0.002,0.002
1080,1080.0,429.5677232202845,393570,70.0,0.002,0.002
1081,1081.0,429.5678353031932,392787,71.0,0.002,0.002
1082,1082.0,429.56765219267623,392013,72.0,0.002,0.002
1083,1083.0,429.5677538551092,391238,73.0,0.002,0.002
1084,1084.0,429.56782146374286,390457,74.0,0.002,0.002
1085,1085.0,429.5678022585744,389680,75.0,0.002,0.002
1086,1086.0,429.5676428455293,388911,76.0,0.002,0.002
1087,1087.0,429.5677722729379,388140,77.0,0.002,0.002
1088,1088.0,429.5676340522026,387355,78.0,0.002,0.002
1089,1089.0,429.5676982127221,386577,79.0,0.002,0.002
1090,1090.0,429.56768827862305,385801,80.0,0.002,0.002
1091,1091.0,429.5678014548066,385020,81.0,0.002,0.002
1092,1092.0,429.5677222943039,384238,82.0,0.002,0.002
1093,1093.0,429.567795704716,383467,83.0,0.002,0.002
1094,1094.0,429.5678060981985,382695,84.0,0.002,0.002
1095,1095.0,429.56786601431554,381919,85.0,0.002,0.002
1096,1096.0,429.5678142396336,381150,86.0,0.002,0.002
1097,1097.0,429.5677322064638,380389,87.0,0.002,0.002
1098,1098.0,429.5678442973376,379615,88.0,0.002,0.002
1099,1099.0,429.5678441402528,378834,89.0,0.002,0.002
1100,1100.0,429.5678383266742,378062,90.0,0.002,0.002
1101,1101.0,429.5678890412265,377292,91.0,0.002,0.002
1102,1102.0,429.5678402301979,376517,92.0,0.002,0.002
1103,1103.0,429.56772824932705,375744,93.0,0.002,0.002
1104,1104.0,429.56777844148473,374981,94.0,0.002,0.002
1105,1105.0,429.5677137069533,374217,95.0,0.002,0.002
1106,1106.0,429.5676795381976,373450,96.0,0.002,0.002
1107,1107.0,429.5676646887068,372692,97.0,0.002,0.002
1108,1108.0,429.5677318049292,371930,98.0,0.002,0.002
1109,1109.0,429.56774251481625,371161,99.0,0.002,0.002
1110,1110.0,429.5677089455479,370390,100.0,0.002,0.002
1111,1111.0,429.99752727737746,443016,0.0,0.0035,0.002
1112,1112.0,429.56770752802487,442606,1.0,0.0035,0.002
1113,1113.0,429.5677793826097,443013,2.0,0.0035,0.002
1114,1114.0,429.56773784125704,443400,3.0,0.0035,0.002
1115,1115.0,429.5676384394736,443751,4.0,0.0035,0.002
1116,1116.0,429.56769454703954,444065,5.0,0.0035,0.002
1117,1117.0,429.5678378164157,444342,6.0,0.0035,0.002
1118,1118.0,429.5678701088146,444582,7.0,0.0035,0.002
1119,1119.0,429.5675423018711,444797,8.0,0.0035,0.002
1120,1120.0,429.5678046833196,444988,9.0,0.0035,0.002
1121,1121.0,429.5677143601527,445147,10.0,0.0035,0.002
1122,1122.0,429.5677373027111,445272,11.0,0.0035,0.002
1123,1123.0,429.5678743124633,445372,12.0,0.0035,0.002
1124,1124.0,429.56761721501994,445442,13.0,0.0035,0.002
1125,1125.0,429.5675677973888,445481,14.0,0.0035,0.002
1126,1126.0,429.5677139121696,445501,15.0,0.0035,0.002
1127,1127.0,429.5678193305812,445497,16.0,0.0035,0.002
1128,1128.0,429.5675457445629,445466,17.0,0.0035,0.002
1129,1129.0,429.5676696500014,445420,18.0,0.0035,0.002
1130,1130.0,429.5677076667744,445354,19.0,0.0035,0.002
1131,1131.0,429.56754877060234,445266,20.0,0.0035,0.002
1132,1132.0,429.56781404040896,445165,21.0,0.0035,0.002
1133,1133.0,429.5675853523804,445045,22.0,0.0035,0.002
1134,1134.0,429.56782221993336,444908,23.0,0.0035,0.002
1135,1135.0,429.5677833987622,444760,24.0,0.0035,0.002
1136,1136.0,429.5676681616828,444598,25.0,0.0035,0.002
1137,1137.0,429.5676611520324,444422,26.0,0.0035,0.002
1138,1138.0,429.56779712926306,444232,27.0,0.0035,0.002
1139,1139.0,429.56781192917526,444027,28.0,0.0035,0.002
1140,1140.0,429.56768746746457,443807,29.0,0.0035,0.002
1141,1141.0,429.5676693696441,443580,30.0,0.0035,0.002
1142,1142.0,429.56772778766054,443341,31.0,0.0035,0.002
1143,1143.0,429.5676138581531,443089,32.0,0.0035,0.002
1144,1144.0,429.5675881835622,442825,33.0,0.0035,0.002
1145,1145.0,429.5676322982763,442549,34.0,0.0035,0.002
1146,1146.0,429.567675538778,442261,35.0,0.0035,0.002
1147,1147.0,429.5676369819338,441968,36.0,0.0035,0.002
1148,1148.0,429.56762672982774,441665,37.0,0.0035,0.002
1149,1149.0,429.56766509977695,441352,38.0,0.0035,0.002
1150,1150.0,429.5677206212607,441029,39.0,0.0035,0.002
1151,1151.0,429.56776512562806,440696,40.0,0.0035,0.002
1152,1152.0,429.5677311579075,440353,41.0,0.0035,0.002
1153,1153.0,429.5677866232472,440005,42.0,0.0035,0.002
1154,1154.0,429.5677142092523,439648,43.0,0.0035,0.002
1155,1155.0,429.5677626128799,439283,44.0,0.0035,0.002
1156,1156.0,429.5676250054588,438909,45.0,0.0035,0.002
1157,1157.0,429.56770724284473,438528,46.0,0.0035,0.002
1158,1158.0,429.5677756342984,438141,47.0,0.0035,0.002
1159,1159.0,429.5675769353852,437749,48.0,0.0035,0.002
1160,1160.0,429.5675650598397,437352,49.0,0.0035,0.002
1161,1161.0,429.56777966316514,436950,50.0,0.0035,0.002
1162,1162.0,429.5675497632424,436540,51.0,0.0035,0.002
1163,1163.0,429.5677109305004,436125,52.0,0.0035,0.002
1164,1164.0,429.5677429584654,435703,53.0,0.0035,0.002
1165,1165.0,429.567678572178,435275,54.0,0.0035,0.002
1166,1166.0,429.5676841681046,434841,55.0,0.0035,0.002
1167,1167.0,429.5676971782482,434401,56.0,0.0035,0.002
1168,1168.0,429.5677686460141,433956,57.0,0.0035,0.002
1169,1169.0,429.5676629543695,433507,58.0,0.0035,0.002
1170,1170.0,429.5676472812908,433055,59.0,0.0035,0.002
1171,1171.0,429.56755296198946,432599,60.0,0.0035,0.002
1172,1172.0,429.5675532095528,432139,61.0,0.0035,0.002
1173,1173.0,429.5675401642736,431674,62.0,0.0035,0.002
1174,1174.0,429.56760847645774,431204,63.0,0.0035,0.002
1175,1175.0,429.5677164358386,430729,64.0,0.0035,0.002
1176,1176.0,429.5676051688298,430248,65.0,0.0035,0.002
1177,1177.0,429.5675376378582,429763,66.0,0.0035,0.002
1178,1178.0,429.5676807770322,429277,67.0,0.0035,0.002
1179,1179.0,429.56761045724954,428788,68.0,0.0035,0.002
1180,1180.0,429.5677000747698,428297,69.0,0.0035,0.002
1181,1181.0,429.56761679262905,427801,70.0,0.0035,0.002
1182,1182.0,429.56760909843246,427301,71.0,0.0035,0.002
1183,1183.0,429.56768997240414,426797,72.0,0.0035,0.002
1184,1184.0,429.56765255426825,426288,73.0,0.0035,0.002
1185,1185.0,429.5677219668141,425776,74.0,0.0035,0.002
1186,1186.0,429.5675629782872,425262,75.0,0.0035,0.002
1187,1187.0,429.5676705354977,424748,76.0,0.0035,0.002
1188,1188.0,429.56765279333246,424232,77.0,0.0035,0.002
1189,1189.0,429.567730875067,423714,78.0,0.0035,0.002
1190,1190.0,429.5677003733021,423192,79.0,0.0035,0.002
1191,1191.0,429.5676037467392,422664,80.0,0.0035,0.002
1192,1192.0,429.5676769034096,422133,81.0,0.0035,0.002
1193,1193.0,429.56763416667474,421600,82.0,0.0035,0.002
1194,1194.0,429.5676838651028,421067,83.0,0.0035,0.002
1195,1195.0,429.5677000703225,420533,84.0,0.0035,0.002
1196,1196.0,429.5676077679918,419997,85.0,0.0035,0.002
1197,1197.0,429.5675977556962,419459,86.0,0.0035,0.002
1198,1198.0,429.5675792945776,418918,87.0,0.0035,0.002
1199,1199.0,429.56773324831033,418375,88.0,0.0035,0.002
1200,1200.0,429.5675371137617,417829,89.0,0.0035,0.002
1201,1201.0,429.5676036830632,417282,90.0,0.0035,0.002
1202,1202.0,429.5675751470029,416734,91.0,0.0035,0.002
1203,1203.0,429.5675806212343,416185,92.0,0.0035,0.002
1204,1204.0,429.5676105298436,415634,93.0,0.0035,0.002
1205,1205.0,429.5675964629256,415080,94.0,0.0035,0.002
1206,1206.0,429.5676892732151,414524,95.0,0.0035,0.002
1207,1207.0,429.56759290552134,413967,96.0,0.0035,0.002
1208,1208.0,429.56754965993355,413411,97.0,0.0035,0.002
1209,1209.0,429.5676511832283,412856,98.0,0.0035,0.002
1210,1210.0,429.56756084702465,412299,99.0,0.0035,0.002
1211,1211.0,429.5675969068631,411738,100.0,0.0035,0.002
1212,,429.9977246299004,443016,0.0,0.0003,0.002
1213,,429.5678175700629,440607,1.0,0.0003,0.002
1214,,429.5680162031482,439047,2.0,0.0003,0.002
1215,,429.5682027531273,437469,3.0,0.0003,0.002
1216,,429.5678495810185,435922,4.0,0.0003,0.002
1217,,429.567769303216,434365,5.0,0.0003,0.002
1218,,429.56774955975754,432817,6.0,0.0003,0.002
1219,,429.5681650469816,431283,7.0,0.0003,0.002
1220,,429.56809650585734,429733,8.0,0.0003,0.002
1221,,429.567912261947,428220,9.0,0.0003,0.002
1222,,429.5679209781095,426688,10.0,0.0003,0.002
1223,,429.56823130740224,425178,11.0,0.0003,0.002
1224,,429.56820194173434,423667,12.0,0.0003,0.002
1225,,429.56818686764603,422156,13.0,0.0003,0.002
1226,,429.56798710437783,420665,14.0,0.0003,0.002
1227,,429.56795184736774,419156,15.0,0.0003,0.002
1228,,429.56793517815896,417684,16.0,0.0003,0.002
1229,,429.5677573295941,416193,17.0,0.0003,0.002
1230,,429.5678362870486,414722,18.0,0.0003,0.002
1231,,429.56792800367475,413252,19.0,0.0003,0.002
1232,,429.5679435724285,411781,20.0,0.0003,0.002
1233,,429.56805254175356,410330,21.0,0.0003,0.002
1234,,429.56792977680226,408861,22.0,0.0003,0.002
1235,,429.5678614348163,407428,23.0,0.0003,0.002
1236,,429.56813631158764,405975,24.0,0.0003,0.002
1237,,429.56780215595694,404546,25.0,0.0003,0.002
1238,,429.56773139956914,403111,26.0,0.0003,0.002
1239,,429.56793392025577,401684,27.0,0.0003,0.002
1240,,429.56775686656005,400267,28.0,0.0003,0.002
1241,,429.56819388089644,398843,29.0,0.0003,0.002
1242,,429.56789791213663,397443,30.0,0.0003,0.002
1243,,429.56776729222844,396023,31.0,0.0003,0.002
1244,,429.5677382222167,394639,32.0,0.0003,0.002
1245,,429.56808496504146,393235,33.0,0.0003,0.002
1246,,429.5678382047898,391854,34.0,0.0003,0.002
1247,,429.5677688020788,390467,35.0,0.0003,0.002
1248,,429.56812735033304,389090,36.0,0.0003,0.002
1249,,429.5682083161264,387719,37.0,0.0003,0.002
1250,,429.56804126809584,386345,38.0,0.0003,0.002
1251,,429.56792038351495,384990,39.0,0.0003,0.002
1252,,429.56788040558405,383619,40.0,0.0003,0.002
1253,,429.568124214493,382281,41.0,0.0003,0.002
1254,,429.5678259699996,380919,42.0,0.0003,0.002
1255,,429.56817521030536,379591,43.0,0.0003,0.002
1256,,429.56773373611634,378243,44.0,0.0003,0.002
1257,,429.5678108355866,376920,45.0,0.0003,0.002
1258,,429.5679152925507,375584,46.0,0.0003,0.002
1259,,429.56814281598867,374262,47.0,0.0003,0.002
1260,,429.5677351420994,372940,48.0,0.0003,0.002
1261,,429.56799902128506,371624,49.0,0.0003,0.002
1262,,429.56794097360466,370319,50.0,0.0003,0.002
1263,,429.5680685030546,369010,51.0,0.0003,0.002
1264,,429.56804345570805,367717,52.0,0.0003,0.002
1265,,429.5682059521953,366410,53.0,0.0003,0.002
1266,,429.5682530676182,365132,54.0,0.0003,0.002
1267,,429.5678311529756,363833,55.0,0.0003,0.002
1268,,429.5682026550262,362570,56.0,0.0003,0.002
1269,,429.5678422995531,361283,57.0,0.0003,0.002
1270,,429.56817917482937,360025,58.0,0.0003,0.002
1271,,429.5680908086814,358747,59.0,0.0003,0.002
1272,,429.5681584637664,357497,60.0,0.0003,0.002
1273,,429.567979502435,356233,61.0,0.0003,0.002
1274,,429.5677929663283,354991,62.0,0.0003,0.002
1275,,429.56804531618377,353740,63.0,0.0003,0.002
1276,,429.5677409882033,352501,64.0,0.0003,0.002
1277,,429.5682042382521,351260,65.0,0.0003,0.002
1278,,429.56814429106095,350030,66.0,0.0003,0.002
1279,,429.567945777231,348801,67.0,0.0003,0.002
1280,,429.56781536699054,347580,68.0,0.0003,0.002
1281,,429.56812860677576,346362,69.0,0.0003,0.002
1282,,429.5681022414902,345145,70.0,0.0003,0.002
1283,,429.5679796076046,343936,71.0,0.0003,0.002
1284,,429.56785420245706,342728,72.0,0.0003,0.002
1285,,429.568078440517,341532,73.0,0.0003,0.002
1286,,429.56806330549244,340334,74.0,0.0003,0.002
1287,,429.5678395242813,339145,75.0,0.0003,0.002
1288,,429.5681215699935,337952,76.0,0.0003,0.002
1289,,429.5679035960712,336773,77.0,0.0003,0.002
1290,,429.56817417590696,335590,78.0,0.0003,0.002
1291,,429.5677818991407,334422,79.0,0.0003,0.002
1292,,429.5677756290802,333249,80.0,0.0003,0.002
1293,,429.56813823077107,332088,81.0,0.0003,0.002
1294,,429.568145328026,330920,82.0,0.0003,0.002
1295,,429.5678153175423,329768,83.0,0.0003,0.002
1296,,429.5680357627477,328611,84.0,0.0003,0.002
1297,,429.5680438309683,327470,85.0,0.0003,0.002
1298,,429.56780519844443,326322,86.0,0.0003,0.002
1299,,429.56801619210916,325186,87.0,0.0003,0.002
1300,,429.567965789466,324045,88.0,0.0003,0.002
1301,,429.56799873640426,322918,89.0,0.0003,0.002
1302,,429.5677899617115,321788,90.0,0.0003,0.002
1303,,429.5681779202211,320671,91.0,0.0003,0.002
1304,,429.56781892638185,319550,92.0,0.0003,0.002
1305,,429.5678939918149,318436,93.0,0.0003,0.002
1306,,429.5678858947448,317324,94.0,0.0003,0.002
1307,,429.5677277426237,316218,95.0,0.0003,0.002
1308,,429.56785425483395,315118,96.0,0.0003,0.002
1309,,429.56799718564696,314021,97.0,0.0003,0.002
1310,,429.5678821032523,312929,98.0,0.0003,0.002
1311,,429.56823034610085,311835,99.0,0.0003,0.002
1312,,429.5681082184322,310753,100.0,0.0003,0.002
1313,,429.9977369803393,443016,0.0,0.0001,0.002
1314,,429.5680615561433,440479,1.0,0.0001,0.002
1315,,429.56775439775396,438796,2.0,0.0001,0.002
1316,,429.56801140961306,437102,3.0,0.0001,0.002
1317,,429.56774648487,435418,4.0,0.0001,0.002
1318,,429.56779042461625,433752,5.0,0.0001,0.002
1319,,429.5681201283649,432074,6.0,0.0001,0.002
1320,,429.5680816406202,430420,7.0,0.0001,0.002
1321,,429.5680229041853,428769,8.0,0.0001,0.002
1322,,429.5678790113554,427106,9.0,0.0001,0.002
1323,,429.5678724282103,425480,10.0,0.0001,0.002
1324,,429.56790805952903,423843,11.0,0.0001,0.002
1325,,429.5681501533798,422210,12.0,0.0001,0.002
1326,,429.56807130146854,420598,13.0,0.0001,0.002
1327,,429.5682471106685,418974,14.0,0.0001,0.002
1328,,429.5678884898126,417371,15.0,0.0001,0.002
1329,,429.56793362218247,415771,16.0,0.0001,0.002
1330,,429.5679002514212,414161,17.0,0.0001,0.002
1331,,429.56817733792036,412588,18.0,0.0001,0.002
1332,,429.5680249127394,410999,19.0,0.0001,0.002
1333,,429.56783085727346,409420,20.0,0.0001,0.002
1334,,429.56815807666584,407858,21.0,0.0001,0.002
1335,,429.56825859990846,406280,22.0,0.0001,0.002
1336,,429.5679492963005,404733,23.0,0.0001,0.002
1337,,429.56801093369273,403180,24.0,0.0001,0.002
1338,,429.5679367496924,401627,25.0,0.0001,0.002
1339,,429.5682592626586,400098,26.0,0.0001,0.002
1340,,429.5679259114662,398553,27.0,0.0001,0.002
1341,,429.56789901758333,397034,28.0,0.0001,0.002
1342,,429.5678483130047,395512,29.0,0.0001,0.002
1343,,429.56791723253036,393988,30.0,0.0001,0.002
1344,,429.56811501569507,392491,31.0,0.0001,0.002
1345,,429.5680384818772,390976,32.0,0.0001,0.002
1346,,429.5682218470615,389487,33.0,0.0001,0.002
1347,,429.56823902372435,387996,34.0,0.0001,0.002
1348,,429.568112646143,386501,35.0,0.0001,0.002
1349,,429.56827602278247,385033,36.0,0.0001,0.002
1350,,429.5678885579997,383547,37.0,0.0001,0.002
1351,,429.5677872155486,382088,38.0,0.0001,0.002
1352,,429.56828539541925,380625,39.0,0.0001,0.002
1353,,429.5681114851296,379163,40.0,0.0001,0.002
1354,,429.56793149399,377721,41.0,0.0001,0.002
1355,,429.56775983961916,376261,42.0,0.0001,0.002
1356,,429.56798032876696,374836,43.0,0.0001,0.002
1357,,429.5681856963872,373398,44.0,0.0001,0.002
1358,,429.5679116235252,371969,45.0,0.0001,0.002
1359,,429.56786014702266,370552,46.0,0.0001,0.002
1360,,429.56798847229834,369122,47.0,0.0001,0.002
1361,,429.56785865393243,367725,48.0,0.0001,0.002
1362,,429.56794241764464,366310,49.0,0.0001,0.002
1363,,429.56799729935256,364918,50.0,0.0001,0.002
1364,,429.5678223992817,363522,51.0,0.0001,0.002
1365,,429.5681597541052,362129,52.0,0.0001,0.002
1366,,429.56816430828474,360754,53.0,0.0001,0.002
1367,,429.56831486332953,359361,54.0,0.0001,0.002
1368,,429.5678055276328,358003,55.0,0.0001,0.002
1369,,429.56807555285104,356628,56.0,0.0001,0.002
1370,,429.56775238544014,355272,57.0,0.0001,0.002
1371,,429.5677738858845,353915,58.0,0.0001,0.002
1372,,429.5679026851427,352560,59.0,0.0001,0.002
1373,,429.5677589961441,351222,60.0,0.0001,0.002
1374,,429.56793986280644,349867,61.0,0.0001,0.002
1375,,429.56811609602306,348548,62.0,0.0001,0.002
1376,,429.5682997627159,347208,63.0,0.0001,0.002
1377,,429.5680244101197,345892,64.0,0.0001,0.002
1378,,429.56828163121907,344570,65.0,0.0001,0.002
1379,,429.56812853219225,343256,66.0,0.0001,0.002
1380,,429.5683084749453,341951,67.0,0.0001,0.002
1381,,429.5680645884931,340638,68.0,0.0001,0.002
1382,,429.5682608589953,339351,69.0,0.0001,0.002
1383,,429.56789869938586,338042,70.0,0.0001,0.002
1384,,429.56800475215965,336769,71.0,0.0001,0.002
1385,,429.5679085525515,335476,72.0,0.0001,0.002
1386,,429.5681718988514,334207,73.0,0.0001,0.002
1387,,429.5681876979106,332930,74.0,0.0001,0.002
1388,,429.56796791556457,331663,75.0,0.0001,0.002
1389,,429.5683430395629,330403,76.0,0.0001,0.002
1390,,429.5679723021474,329138,77.0,0.0001,0.002
1391,,429.56833086298184,327894,78.0,0.0001,0.002
1392,,429.5683313534123,326633,79.0,0.0001,0.002
1393,,429.5679593428075,325403,80.0,0.0001,0.002
1394,,429.56810583882935,324151,81.0,0.0001,0.002
1395,,429.5681397712079,322932,82.0,0.0001,0.002
1396,,429.56774038830105,321693,83.0,0.0001,0.002
1397,,429.56824634412976,320479,84.0,0.0001,0.002
1398,,429.567968704442,319255,85.0,0.0001,0.002
1399,,429.56778330877574,318044,86.0,0.0001,0.002
1400,,429.5681944548788,316835,87.0,0.0001,0.002
1401,,429.56826766027916,315629,88.0,0.0001,0.002
1402,,429.5679764111799,314433,89.0,0.0001,0.002
1403,,429.5678994723772,313231,90.0,0.0001,0.002
1404,,429.5683883931635,312050,91.0,0.0001,0.002
1405,,429.5682262934856,310853,92.0,0.0001,0.002
1406,,429.5680568543446,309684,93.0,0.0001,0.002
1407,,429.56787046478075,308493,94.0,0.0001,0.002
1408,,429.5680181513851,307337,95.0,0.0001,0.002
1409,,429.5681059536932,306156,96.0,0.0001,0.002
1410,,429.56813257195466,305008,97.0,0.0001,0.002
1411,,429.5682225796949,303839,98.0,0.0001,0.002
1412,,429.5681097506968,302697,99.0,0.0001,0.002
1413,,429.5683813590223,301540,100.0,0.0001,0.002
