,total_counts,area,time,D (um^2/s),alpha (1/s)
0,429.9978206514194,443016,0.0,0.0002,0.0016
1,429.56785917270685,439621,2.0,0.0002,0.0016
2,429.5679160054356,437066,4.0,0.0002,0.0016
3,429.56823685651494,434527,6.0,0.0002,0.0016
4,429.5683256941096,432003,8.0,0.0002,0.0016
5,429.56783634736735,429493,10.0,0.0002,0.0016
6,429.56823539593546,426999,12.0,0.0002,0.0016
7,429.56817910788044,424524,14.0,0.0002,0.0016
8,429.5681070181105,422069,16.0,0.0002,0.0016
9,429.56807510127305,419628,18.0,0.0002,0.0016
10,429.5680435485478,417203,20.0,0.0002,0.0016
11,429.56806629400523,414792,22.0,0.0002,0.0016
12,429.56808470425796,412395,24.0,0.0002,0.0016
13,429.5681053601717,410013,26.0,0.0002,0.0016
14,429.56808077727555,407644,28.0,0.0002,0.0016
15,429.5682643602061,405289,30.0,0.0002,0.0016
16,429.568281704781,402948,32.0,0.0002,0.0016
17,429.56807969407697,400619,34.0,0.0002,0.0016
18,429.5683202330293,398304,36.0,0.0002,0.0016
19,429.5680524900936,396002,38.0,0.0002,0.0016
20,429.5679751249778,393718,40.0,0.0002,0.0016
21,429.56832472565355,391455,42.0,0.0002,0.0016
22,429.56792805144534,389204,44.0,0.0002,0.0016
23,429.5679951492649,386965,46.0,0.0002,0.0016
24,429.5683132510776,384739,48.0,0.0002,0.0016
25,429.56819252386725,382525,50.0,0.0002,0.0016
26,429.5678637144556,380321,52.0,0.0002,0.0016
27,429.56795079320705,378130,54.0,0.0002,0.0016
28,429.5678445618837,375951,56.0,0.0002,0.0016
29,429.56800518251663,373788,58.0,0.0002,0.0016
30,429.56830668327007,371648,60.0,0.0002,0.0016
31,429.56812872825003,369519,62.0,0.0002,0.0016
32,429.5681270761778,367399,64.0,0.0002,0.0016
33,429.568237231449,365291,66.0,0.0002,0.0016
34,429.56833053152303,363194,68.0,0.0002,0.0016
35,429.5682578388398,361105,70.0,0.0002,0.0016
36,429.56836039431033,359029,72.0,0.0002,0.0016
37,429.56812961679725,356977,74.0,0.0002,0.0016
38,429.56809298723726,354937,76.0,0.0002,0.0016
39,429.56812725561804,352908,78.0,0.0002,0.0016
40,429.5680536928946,350888,80.0,0.0002,0.0016
41,429.56805089762594,348876,82.0,0.0002,0.0016
42,429.5683734016306,346875,84.0,0.0002,0.0016
43,429.5680969727809,344889,86.0,0.0002,0.0016
44,429.5681716124421,342925,88.0,0.0002,0.0016
45,429.5683611780398,340971,90.0,0.0002,0.0016
46,429.56790448570194,339023,92.0,0.0002,0.0016
47,429.5682406836736,337084,94.0,0.0002,0.0016
48,429.5683231240701,335154,96.0,0.0002,0.0016
49,429.5680283061409,333241,98.0,0.0002,0.0016
50,429.56817278097776,331348,100.0,0.0002,0.0016
51,429.5679312763422,329463,102.0,0.0002,0.0016
52,429.56822360227,327584,104.0,0.0002,0.0016
53,429.5682735788903,325712,106.0,0.0002,0.0016
54,429.56811970650165,323852,108.0,0.0002,0.0016
55,429.5681254643829,322016,110.0,0.0002,0.0016
56,429.56794433870056,320188,112.0,0.0002,0.0016
57,429.56805531446497,318368,114.0,0.0002,0.0016
58,429.5680440637472,316551,116.0,0.0002,0.0016
59,429.5679127006464,314745,118.0,0.0002,0.0016
60,429.56803794242114,312967,120.0,0.0002,0.0016
61,429.5681123670419,311193,122.0,0.0002,0.0016
62,429.56785800968896,309425,124.0,0.0002,0.0016
63,429.56788564545434,307663,126.0,0.0002,0.0016
64,429.5680444708102,305915,128.0,0.0002,0.0016
65,429.5683196460507,304190,130.0,0.0002,0.0016
66,429.5679404817854,302468,132.0,0.0002,0.0016
67,429.5682852439665,300750,134.0,0.0002,0.0016
68,429.5682254526289,299039,136.0,0.0002,0.0016
69,429.56812750805585,297354,138.0,0.0002,0.0016
70,429.56782788547713,295675,140.0,0.0002,0.0016
71,429.5681285079223,294002,142.0,0.0002,0.0016
72,429.5681139463337,292331,144.0,0.0002,0.0016
73,429.56800736439135,290682,146.0,0.0002,0.0016
74,429.5683230354877,289048,148.0,0.0002,0.0016
75,429.56820696579257,287414,150.0,0.0002,0.0016
76,429.5681674134389,285783,152.0,0.0002,0.0016
77,429.56784687658063,284174,154.0,0.0002,0.0016
78,429.56832866965686,282578,156.0,0.0002,0.0016
79,429.567970937847,280983,158.0,0.0002,0.0016
80,429.56828640393223,279393,160.0,0.0002,0.0016
81,429.5680193238654,277822,162.0,0.0002,0.0016
82,429.568207821438,276264,164.0,0.0002,0.0016
83,429.56825331341247,274708,166.0,0.0002,0.0016
84,429.56801174336323,273152,168.0,0.0002,0.0016
85,429.56828679967776,271625,170.0,0.0002,0.0016
86,429.5682939740819,270103,172.0,0.0002,0.0016
87,429.5681983672505,268579,174.0,0.0002,0.0016
88,429.56827290346126,267066,176.0,0.0002,0.0016
89,429.5682022474449,265577,178.0,0.0002,0.0016
90,429.56821425790025,264086,180.0,0.0002,0.0016
91,429.5684258445985,262597,182.0,0.0002,0.0016
92,429.56801301771293,261130,184.0,0.0002,0.0016
93,429.5680773574836,259671,186.0,0.0002,0.0016
94,429.5678803919168,258212,188.0,0.0002,0.0016
95,429.56799542895357,256762,190.0,0.0002,0.0016
96,429.5680893194937,255334,192.0,0.0002,0.0016
97,429.5683470950881,253906,194.0,0.0002,0.0016
98,429.56840804675375,252477,196.0,0.0002,0.0016
99,429.5680588599846,251074,198.0,0.0002,0.0016
100,429.5681549392451,249675,200.0,0.0002,0.0016
101,429.9977343095101,443016,0.0,0.0009,0.0016
102,429.5679237113485,440490,2.0,0.0009,0.0016
103,429.5679717504539,438812,4.0,0.0009,0.0016
104,429.5678001515642,437115,6.0,0.0009,0.0016
105,429.5680327144494,435436,8.0,0.0009,0.0016
106,429.56785213564126,433760,10.0,0.0009,0.0016
107,429.5680797810696,432069,12.0,0.0009,0.0016
108,429.56811341376175,430410,14.0,0.0009,0.0016
109,429.56788820849084,428734,16.0,0.0009,0.0016
110,429.56810520941997,427052,18.0,0.0009,0.0016
111,429.56790965301855,425376,20.0,0.0009,0.0016
112,429.5681413764177,423690,22.0,0.0009,0.0016
113,429.56783656441047,422019,24.0,0.0009,0.0016
114,429.56800306972303,420339,26.0,0.0009,0.0016
115,429.5679996741213,418666,28.0,0.0009,0.0016
116,429.5679195721722,417009,30.0,0.0009,0.0016
117,429.5679453065118,415329,32.0,0.0009,0.0016
118,429.5677943696235,413673,34.0,0.0009,0.0016
119,429.5679591146881,412022,36.0,0.0009,0.0016
120,429.56779580230364,410347,38.0,0.0009,0.0016
121,429.56789470752176,408707,40.0,0.0009,0.0016
122,429.5680359425542,407061,42.0,0.0009,0.0016
123,429.5680679866836,405406,44.0,0.0009,0.0016
124,429.567876526571,403769,46.0,0.0009,0.0016
125,429.5681022563032,402129,48.0,0.0009,0.0016
126,429.5677476015662,400495,50.0,0.0009,0.0016
127,429.56799890320997,398862,52.0,0.0009,0.0016
128,429.56797328708234,397232,54.0,0.0009,0.0016
129,429.56803077805665,395617,56.0,0.0009,0.0016
130,429.56809602306424,393988,58.0,0.0009,0.0016
131,429.56795946799116,392379,60.0,0.0009,0.0016
132,429.567906060243,390772,62.0,0.0009,0.0016
133,429.56788645640654,389152,64.0,0.0009,0.0016
134,429.567822587601,387562,66.0,0.0009,0.0016
135,429.56805238106836,385964,68.0,0.0009,0.0016
136,429.5679385030136,384366,70.0,0.0009,0.0016
137,429.56793448921303,382784,72.0,0.0009,0.0016
138,429.56777347148005,381193,74.0,0.0009,0.0016
139,429.5678978386128,379606,76.0,0.0009,0.0016
140,429.5680518171594,378011,78.0,0.0009,0.0016
141,429.56809157783556,376416,80.0,0.0009,0.0016
142,429.56807598637465,374842,82.0,0.0009,0.0016
143,429.56807202875586,373262,84.0,0.0009,0.0016
144,429.56791557948304,371706,86.0,0.0009,0.0016
145,429.56779874337906,370136,88.0,0.0009,0.0016
146,429.5680595984994,368560,90.0,0.0009,0.0016
147,429.5680738844214,367011,92.0,0.0009,0.0016
148,429.5680068184589,365460,94.0,0.0009,0.0016
149,429.5677846891171,363930,96.0,0.0009,0.0016
150,429.56782090871616,362418,98.0,0.0009,0.0016
151,429.5677548974337,360871,100.0,0.0009,0.0016
152,429.56796268304294,359350,102.0,0.0009,0.0016
153,429.5677972642494,357825,104.0,0.0009,0.0016
154,429.56802724167454,356318,106.0,0.0009,0.0016
155,429.56778169088443,354827,108.0,0.0009,0.0016
156,429.56792138693186,353332,110.0,0.0009,0.0016
157,429.56808082831975,351840,112.0,0.0009,0.0016
158,429.5677923002865,350342,114.0,0.0009,0.0016
159,429.5680565971315,348862,116.0,0.0009,0.0016
160,429.567954416495,347394,118.0,0.0009,0.0016
161,429.567908603634,345930,120.0,0.0009,0.0016
162,429.56805988022984,344481,122.0,0.0009,0.0016
163,429.56780606564075,343011,124.0,0.0009,0.0016
164,429.5680028762018,341561,126.0,0.0009,0.0016
165,429.5680791983267,340117,128.0,0.0009,0.0016
166,429.5679112436518,338679,130.0,0.0009,0.0016
167,429.56787692868295,337266,132.0,0.0009,0.0016
168,429.5679457441836,335832,134.0,0.0009,0.0016
169,429.5678765938422,334413,136.0,0.0009,0.0016
170,429.56800059561306,332993,138.0,0.0009,0.0016
171,429.5677830221616,331586,140.0,0.0009,0.0016
172,429.5680911783347,330194,142.0,0.0009,0.0016
173,429.56793058135116,328805,144.0,0.0009,0.0016
174,429.56779468421547,327416,146.0,0.0009,0.0016
175,429.56807119298406,326022,148.0,0.0009,0.0016
176,429.5679973287261,324648,150.0,0.0009,0.0016
177,429.5678391220516,323275,152.0,0.0009,0.0016
178,429.5677746220186,321917,154.0,0.0009,0.0016
179,429.5678692324935,320568,156.0,0.0009,0.0016
180,429.5677921334181,319204,158.0,0.0009,0.0016
181,429.56774960964407,317859,160.0,0.0009,0.0016
182,429.56780751959275,316510,162.0,0.0009,0.0016
183,429.5678943747911,315184,164.0,0.0009,0.0016
184,429.5680779404911,313858,166.0,0.0009,0.0016
185,429.56775317806023,312541,168.0,0.0009,0.0016
186,429.5679091290492,311218,170.0,0.0009,0.0016
187,429.5678241857799,309902,172.0,0.0009,0.0016
188,429.56780374209626,308599,174.0,0.0009,0.0016
189,429.56793010600364,307298,176.0,0.0009,0.0016
190,429.5677792156568,306018,178.0,0.0009,0.0016
191,429.5678550265633,304724,180.0,0.0009,0.0016
192,429.5678141722798,303444,182.0,0.0009,0.0016
193,429.5677657225616,302160,184.0,0.0009,0.0016
194,429.56786563182845,300895,186.0,0.0009,0.0016
195,429.5680795937344,299632,188.0,0.0009,0.0016
196,429.5679272068151,298384,190.0,0.0009,0.0016
197,429.5680747338178,297127,192.0,0.0009,0.0016
198,429.56789388811876,295875,194.0,0.0009,0.0016
199,429.5678349094526,294634,196.0,0.0009,0.0016
200,429.56785326122093,293396,198.0,0.0009,0.0016
201,429.56808006876935,292176,200.0,0.0009,0.0016
202,429.99769730587656,443016,0.0,0.0012,0.0016
203,429.56814391538694,440872,2.0,0.0012,0.0016
204,429.56781370702424,439550,4.0,0.0012,0.0016
205,429.5678654054983,438228,6.0,0.0012,0.0016
206,429.5679019927195,436892,8.0,0.0012,0.0016
207,429.56806590851056,435560,10.0,0.0012,0.0016
208,429.56806807891275,434209,12.0,0.0012,0.0016
209,429.5678360508925,432870,14.0,0.0012,0.0016
210,429.56795767769535,431502,16.0,0.0012,0.0016
211,429.56811883197884,430153,18.0,0.0012,0.0016
212,429.5677521490944,428758,20.0,0.0012,0.0016
213,429.56801467078213,427384,22.0,0.0012,0.0016
214,429.5680493896124,425984,24.0,0.0012,0.0016
215,429.56780838294543,424590,26.0,0.0012,0.0016
216,429.5677022763443,423171,28.0,0.0012,0.0016
217,429.5677786145272,421784,30.0,0.0012,0.0016
218,429.5680772476917,420359,32.0,0.0012,0.0016
219,429.5680022424001,418952,34.0,0.0012,0.0016
220,429.56796141617514,417528,36.0,0.0012,0.0016
221,429.5678410595702,416120,38.0,0.0012,0.0016
222,429.5677708178836,414683,40.0,0.0012,0.0016
223,429.56795454770094,413271,42.0,0.0012,0.0016
224,429.5678345926121,411840,44.0,0.0012,0.0016
225,429.5677407874415,410416,46.0,0.0012,0.0016
226,429.5677022497382,408981,48.0,0.0012,0.0016
227,429.5679305001079,407564,50.0,0.0012,0.0016
228,429.5680083579933,406125,52.0,0.0012,0.0016
229,429.56802147446876,404698,54.0,0.0012,0.0016
230,429.567907099426,403271,56.0,0.0012,0.0016
231,429.56787130200905,401838,58.0,0.0012,0.0016
232,429.5677725561624,400406,60.0,0.0012,0.0016
233,429.5678223255302,398980,62.0,0.0012,0.0016
234,429.56790546048717,397544,64.0,0.0012,0.0016
235,429.56779011867667,396094,66.0,0.0012,0.0016
236,429.56777143499534,394653,68.0,0.0012,0.0016
237,429.56799531557544,393202,70.0,0.0012,0.0016
238,429.5677388098758,391770,72.0,0.0012,0.0016
239,429.56779727816416,390329,74.0,0.0012,0.0016
240,429.5678650999558,388904,76.0,0.0012,0.0016
241,429.56803416602264,387448,78.0,0.0012,0.0016
242,429.5679437925338,386013,80.0,0.0012,0.0016
243,429.5678056565975,384570,82.0,0.0012,0.0016
244,429.56799397896,383150,84.0,0.0012,0.0016
245,429.56780706035454,381731,86.0,0.0012,0.0016
246,429.5677597460226,380334,88.0,0.0012,0.0016
247,429.56801454699126,378903,90.0,0.0012,0.0016
248,429.5678629126093,377477,92.0,0.0012,0.0016
249,429.56796524053755,376061,94.0,0.0012,0.0016
250,429.56794218749775,374648,96.0,0.0012,0.0016
251,429.5680128938382,373255,98.0,0.0012,0.0016
252,429.5680041232503,371864,100.0,0.0012,0.0016
253,429.56797423777135,370477,102.0,0.0012,0.0016
254,429.5679036233457,369067,104.0,0.0012,0.0016
255,429.5679713989935,367679,106.0,0.0012,0.0016
256,429.5677306061872,366283,108.0,0.0012,0.0016
257,429.56782501670057,364913,110.0,0.0012,0.0016
258,429.56779925153705,363540,112.0,0.0012,0.0016
259,429.5677009567357,362187,114.0,0.0012,0.0016
260,429.5679583669132,360805,116.0,0.0012,0.0016
261,429.56794087242014,359439,118.0,0.0012,0.0016
262,429.56788012789974,358071,120.0,0.0012,0.0016
263,429.56800759237115,356720,122.0,0.0012,0.0016
264,429.56799235923427,355373,124.0,0.0012,0.0016
265,429.56785936725777,354042,126.0,0.0012,0.0016
266,429.5678169950018,352696,128.0,0.0012,0.0016
267,429.5679470042297,351352,130.0,0.0012,0.0016
268,429.56778001828377,350014,132.0,0.0012,0.0016
269,429.5678912410718,348683,134.0,0.0012,0.0016
270,429.56777036092495,347364,136.0,0.0012,0.0016
271,429.56790749584235,346052,138.0,0.0012,0.0016
272,429.5678095963297,344746,140.0,0.0012,0.0016
273,429.56770600024447,343425,142.0,0.0012,0.0016
274,429.56770676698534,342118,144.0,0.0012,0.0016
275,429.5677191859046,340810,146.0,0.0012,0.0016
276,429.5678591730322,339520,148.0,0.0012,0.0016
277,429.567919209682,338230,150.0,0.0012,0.0016
278,429.567822981079,336960,152.0,0.0012,0.0016
279,429.5680047330135,335667,154.0,0.0012,0.0016
280,429.56797614724894,334389,156.0,0.0012,0.0016
281,429.56778262658486,333107,158.0,0.0012,0.0016
282,429.5678588133196,331844,160.0,0.0012,0.0016
283,429.56776981269684,330579,162.0,0.0012,0.0016
284,429.56795419161847,329335,164.0,0.0012,0.0016
285,429.56796499562466,328078,166.0,0.0012,0.0016
286,429.5677992042289,326828,168.0,0.0012,0.0016
287,429.5677756102433,325575,170.0,0.0012,0.0016
288,429.56779844971294,324339,172.0,0.0012,0.0016
289,429.56794372025655,323102,174.0,0.0012,0.0016
290,429.5679984766393,321883,176.0,0.0012,0.0016
291,429.56794808543697,320661,178.0,0.0012,0.0016
292,429.5680004264722,319440,180.0,0.0012,0.0016
293,429.5678002087286,318216,182.0,0.0012,0.0016
294,429.5678290975718,317007,184.0,0.0012,0.0016
295,429.56776488544466,315798,186.0,0.0012,0.0016
296,429.5677229846282,314604,188.0,0.0012,0.0016
297,429.567814635981,313414,190.0,0.0012,0.0016
298,429.5677135472006,312223,192.0,0.0012,0.0016
299,429.5677841609655,311031,194.0,0.0012,0.0016
300,429.5678665033897,309848,196.0,0.0012,0.0016
301,429.5678193520895,308670,198.0,0.0012,0.0016
302,429.5677513012106,307500,200.0,0.0012,0.0016
303,429.99777131319627,443016,0.0,0.0006,0.0016
304,429.5678051644335,440112,2.0,0.0006,0.0016
305,429.56827000578494,438061,4.0,0.0006,0.0016
306,429.56795590525434,436017,6.0,0.0006,0.0016
307,429.5677877792956,433974,8.0,0.0006,0.0016
308,429.5681938676043,431936,10.0,0.0006,0.0016
309,429.567785540759,429918,12.0,0.0006,0.0016
310,429.5680926000809,427911,14.0,0.0006,0.0016
311,429.5682233848273,425897,16.0,0.0006,0.0016
312,429.56788589984785,423886,18.0,0.0006,0.0016
313,429.56785503204287,421896,20.0,0.0006,0.0016
314,429.5678390980345,419913,22.0,0.0006,0.0016
315,429.5680265733232,417938,24.0,0.0006,0.0016
316,429.5680650181824,415969,26.0,0.0006,0.0016
317,429.5681996587971,414008,28.0,0.0006,0.0016
318,429.5679058883964,412065,30.0,0.0006,0.0016
319,429.568120215475,410133,32.0,0.0006,0.0016
320,429.568095215673,408184,34.0,0.0006,0.0016
321,429.5681569964575,406266,36.0,0.0006,0.0016
322,429.56806859710883,404364,38.0,0.0006,0.0016
323,429.56820464241383,402452,40.0,0.0006,0.0016
324,429.5679275284297,400541,42.0,0.0006,0.0016
325,429.56821002989534,398668,44.0,0.0006,0.0016
326,429.5681128360109,396791,46.0,0.0006,0.0016
327,429.56795617049255,394908,48.0,0.0006,0.0016
328,429.5681131375344,393044,50.0,0.0006,0.0016
329,429.5679275094214,391201,52.0,0.0006,0.0016
330,429.5680651064103,389349,54.0,0.0006,0.0016
331,429.5678921021187,387501,56.0,0.0006,0.0016
332,429.56791914760674,385683,58.0,0.0006,0.0016
333,429.5680435667648,383861,60.0,0.0006,0.0016
334,429.5679240263874,382041,62.0,0.0006,0.0016
335,429.5678841929196,380237,64.0,0.0006,0.0016
336,429.5681947008317,378445,66.0,0.0006,0.0016
337,429.5679702832833,376653,68.0,0.0006,0.0016
338,429.5678724074376,374867,70.0,0.0006,0.0016
339,429.56791289756256,373100,72.0,0.0006,0.0016
340,429.56812811884504,371337,74.0,0.0006,0.0016
341,429.5678662714792,369576,76.0,0.0006,0.0016
342,429.5679052340896,367828,78.0,0.0006,0.0016
343,429.56788595414497,366092,80.0,0.0006,0.0016
344,429.56792248350433,364358,82.0,0.0006,0.0016
345,429.56783350494476,362629,84.0,0.0006,0.0016
346,429.56803287095283,360920,86.0,0.0006,0.0016
347,429.5680825828051,359212,88.0,0.0006,0.0016
348,429.5681855046145,357507,90.0,0.0006,0.0016
349,429.5681289175816,355820,92.0,0.0006,0.0016
350,429.56796625905287,354137,94.0,0.0006,0.0016
351,429.5678180921447,352457,96.0,0.0006,0.0016
352,429.56777590530123,350791,98.0,0.0006,0.0016
353,429.5680186428066,349134,100.0,0.0006,0.0016
354,429.5681000162501,347478,102.0,0.0006,0.0016
355,429.5678620921857,345835,104.0,0.0006,0.0016
356,429.5679473202733,344202,106.0,0.0006,0.0016
357,429.56787438868855,342569,108.0,0.0006,0.0016
358,429.56805790515466,340945,110.0,0.0006,0.0016
359,429.56794050824357,339322,112.0,0.0006,0.0016
360,429.56815809670576,337695,114.0,0.0006,0.0016
361,429.5681356806991,336081,116.0,0.0006,0.0016
362,429.56810509429096,334485,118.0,0.0006,0.0016
363,429.56777589703876,332889,120.0,0.0006,0.0016
364,429.56785003051675,331307,122.0,0.0006,0.0016
365,429.56798990824353,329726,124.0,0.0006,0.0016
366,429.5680332387593,328144,126.0,0.0006,0.0016
367,429.5681366115215,326578,128.0,0.0006,0.0016
368,429.56805667809374,325034,130.0,0.0006,0.0016
369,429.56798244298676,323493,132.0,0.0006,0.0016
370,429.5678873524293,321961,134.0,0.0006,0.0016
371,429.5681662203439,320429,136.0,0.0006,0.0016
372,429.5677869605493,318894,138.0,0.0006,0.0016
373,429.56779585576754,317381,140.0,0.0006,0.0016
374,429.56793379234324,315883,142.0,0.0006,0.0016
375,429.5681160559734,314388,144.0,0.0006,0.0016
376,429.56795505844315,312902,146.0,0.0006,0.0016
377,429.56788594422886,311413,148.0,0.0006,0.0016
378,429.5681104195164,309926,150.0,0.0006,0.0016
379,429.5678518235449,308465,152.0,0.0006,0.0016
380,429.5681475330841,307009,154.0,0.0006,0.0016
381,429.56788598456643,305562,156.0,0.0006,0.0016
382,429.5679525508859,304119,158.0,0.0006,0.0016
383,429.5678609109401,302670,160.0,0.0006,0.0016
384,429.56786831026346,301237,162.0,0.0006,0.0016
385,429.5681511702961,299820,164.0,0.0006,0.0016
386,429.56814493635056,298403,166.0,0.0006,0.0016
387,429.5677740531742,297009,168.0,0.0006,0.0016
388,429.56784842161994,295601,170.0,0.0006,0.0016
389,429.5679984144622,294197,172.0,0.0006,0.0016
390,429.5679590741857,292816,174.0,0.0006,0.0016
391,429.5678092855096,291433,176.0,0.0006,0.0016
392,429.5681837714295,290071,178.0,0.0006,0.0016
393,429.568166103556,288713,180.0,0.0006,0.0016
394,429.5680416891449,287342,182.0,0.0006,0.0016
395,429.5677755163955,285994,184.0,0.0006,0.0016
396,429.5679496230062,284646,186.0,0.0006,0.0016
397,429.56803028786857,283312,188.0,0.0006,0.0016
398,429.5679876669543,281994,190.0,0.0006,0.0016
399,429.5681341261507,280665,192.0,0.0006,0.0016
400,429.56808296953,279351,194.0,0.0006,0.0016
401,429.5678702013996,278035,196.0,0.0006,0.0016
402,429.56812662301803,276733,198.0,0.0006,0.0016
403,429.5680851530687,275445,200.0,0.0006,0.0016
404,429.9977219749596,443016,0.0,0.001,0.0016
405,429.5681106626231,440618,2.0,0.001,0.0016
406,429.5681695201987,439061,4.0,0.001,0.0016
407,429.56788241812075,437480,6.0,0.001,0.0016
408,429.56819103246113,435932,8.0,0.001,0.0016
409,429.56791068608067,434354,10.0,0.001,0.0016
410,429.56794656889457,432799,12.0,0.001,0.0016
411,429.5681570354157,431233,14.0,0.001,0.0016
412,429.5679289187129,429656,16.0,0.001,0.0016
413,429.56791456298686,428081,18.0,0.001,0.0016
414,429.56795656144106,426491,20.0,0.001,0.0016
415,429.568049742821,424923,22.0,0.001,0.0016
416,429.5678670142639,423326,24.0,0.001,0.0016
417,429.56795355610205,421756,26.0,0.001,0.0016
418,429.5678420912306,420181,28.0,0.001,0.0016
419,429.56806446259566,418590,30.0,0.001,0.0016
420,429.5679655477526,417020,32.0,0.001,0.0016
421,429.568022429216,415439,34.0,0.001,0.0016
422,429.56773519775834,413867,36.0,0.001,0.0016
423,429.567784023875,412285,38.0,0.001,0.0016
424,429.5677638728172,410724,40.0,0.001,0.0016
425,429.567920637931,409148,42.0,0.001,0.0016
426,429.56783118551056,407566,44.0,0.001,0.0016
427,429.5678757926676,406015,46.0,0.001,0.0016
428,429.56797079389054,404437,48.0,0.001,0.0016
429,429.5680234351144,402878,50.0,0.001,0.0016
430,429.568052545391,401318,52.0,0.001,0.0016
431,429.5680030853105,399757,54.0,0.001,0.0016
432,429.56782858360896,398202,56.0,0.001,0.0016
433,429.5680661661994,396640,58.0,0.001,0.0016
434,429.5677502328719,395102,60.0,0.001,0.0016
435,429.56783171147873,393544,62.0,0.001,0.0016
436,429.5679087459283,392003,64.0,0.001,0.0016
437,429.56777488181837,390467,66.0,0.001,0.0016
438,429.5679232131793,388918,68.0,0.001,0.0016
439,429.5677381716465,387391,70.0,0.001,0.0016
440,429.56800741801277,385857,72.0,0.001,0.0016
441,429.5680513683555,384322,74.0,0.001,0.0016
442,429.5678330109035,382776,76.0,0.001,0.0016
443,429.5678080872531,381234,78.0,0.001,0.0016
444,429.56791562574324,379705,80.0,0.001,0.0016
445,429.5678317040694,378169,82.0,0.001,0.0016
446,429.56778946393774,376662,84.0,0.001,0.0016
447,429.56784384110983,375134,86.0,0.001,0.0016
448,429.5680664498599,373608,88.0,0.001,0.0016
449,429.5680020650091,372089,90.0,0.001,0.0016
450,429.5678897877088,370570,92.0,0.001,0.0016
451,429.5679812381547,369080,94.0,0.001,0.0016
452,429.5680108752249,367588,96.0,0.001,0.0016
453,429.5680269710539,366118,98.0,0.001,0.0016
454,429.5679613896127,364617,100.0,0.001,0.0016
455,429.5678746177204,363123,102.0,0.001,0.0016
456,429.5678527949672,361646,104.0,0.001,0.0016
457,429.56774056671,360167,106.0,0.001,0.0016
458,429.5677870584758,358718,108.0,0.001,0.0016
459,429.5679322562894,357270,110.0,0.001,0.0016
460,429.5680099037547,355816,112.0,0.001,0.0016
461,429.56779572914877,354356,114.0,0.001,0.0016
462,429.5677551200884,352902,116.0,0.001,0.0016
463,429.5679385875033,351468,118.0,0.001,0.0016
464,429.5678696895255,350032,120.0,0.001,0.0016
465,429.5679171725149,348625,122.0,0.001,0.0016
466,429.56781779975705,347205,124.0,0.001,0.0016
467,429.567962414956,345785,126.0,0.001,0.0016
468,429.56798255195463,344366,128.0,0.001,0.0016
469,429.5679124870844,342956,130.0,0.001,0.0016
470,429.5679268623867,341562,132.0,0.001,0.0016
471,429.567908851517,340170,134.0,0.001,0.0016
472,429.5679595532476,338805,136.0,0.001,0.0016
473,429.56791022861063,337407,138.0,0.001,0.0016
474,429.5677486211328,336029,140.0,0.001,0.0016
475,429.567834146458,334649,142.0,0.001,0.0016
476,429.5679023779601,333286,144.0,0.001,0.0016
477,429.5679192407617,331930,146.0,0.001,0.0016
478,429.5677763662496,330585,148.0,0.001,0.0016
479,429.5680601640901,329242,150.0,0.001,0.0016
480,429.567868985649,327886,152.0,0.001,0.0016
481,429.56773454253465,326549,154.0,0.001,0.0016
482,429.56790641174246,325209,156.0,0.001,0.0016
483,429.5677615428309,323891,158.0,0.001,0.0016
484,429.5680582285201,322573,160.0,0.001,0.0016
485,429.5678850742003,321272,162.0,0.001,0.0016
486,429.567966338146,319952,164.0,0.001,0.0016
487,429.56783590908367,318645,166.0,0.001,0.0016
488,429.5677452641556,317342,168.0,0.001,0.0016
489,429.56801214841823,316050,170.0,0.001,0.0016
490,429.567994436665,314769,172.0,0.001,0.0016
491,429.56805551913,313495,174.0,0.001,0.0016
492,429.5679273296535,312220,176.0,0.001,0.0016
493,429.56788155333,310939,178.0,0.001,0.0016
494,429.56806217266563,309676,180.0,0.001,0.0016
495,429.5677673732459,308409,182.0,0.001,0.0016
496,429.5679397268924,307164,184.0,0.001,0.0016
497,429.5679004519728,305917,186.0,0.001,0.0016
498,429.5677672616301,304684,188.0,0.001,0.0016
499,429.56785085788727,303436,190.0,0.001,0.0016
500,429.5678523174293,302205,192.0,0.001,0.0016
501,429.5679457507925,300972,194.0,0.001,0.0016
502,429.5678059772265,299756,196.0,0.001,0.0016
503,429.5677384892251,298541,198.0,0.001,0.0016
504,429.5679851330165,297345,200.0,0.001,0.0016
505,429.99780831690117,443016,0.0,0.0003,0.0016
506,429.56820174609754,439745,2.0,0.0003,0.0016
507,429.5682382676457,437311,4.0,0.0003,0.0016
508,429.56796216265354,434890,6.0,0.0003,0.0016
509,429.5680378488643,432492,8.0,0.0003,0.0016
510,429.5680924836373,430111,10.0,0.0003,0.0016
511,429.5682809344882,427739,12.0,0.0003,0.0016
512,429.5678603464005,425380,14.0,0.0003,0.0016
513,429.5682780100687,423038,16.0,0.0003,0.0016
514,429.5680066631063,420703,18.0,0.0003,0.0016
515,429.56820245823843,418384,20.0,0.0003,0.0016
516,429.5679554540528,416078,22.0,0.0003,0.0016
517,429.568285465608,413781,24.0,0.0003,0.0016
518,429.56811265379895,411505,26.0,0.0003,0.0016
519,429.5682762862737,409251,28.0,0.0003,0.0016
520,429.56800521757464,407004,30.0,0.0003,0.0016
521,429.56789386832156,404771,32.0,0.0003,0.0016
522,429.56785473903545,402549,34.0,0.0003,0.0016
523,429.5682931701279,400336,36.0,0.0003,0.0016
524,429.5681343435732,398135,38.0,0.0003,0.0016
525,429.5680408770159,395945,40.0,0.0003,0.0016
526,429.56829664265973,393779,42.0,0.0003,0.0016
527,429.5681130329428,391628,44.0,0.0003,0.0016
528,429.5680103519504,389485,46.0,0.0003,0.0016
529,429.5681471152893,387351,48.0,0.0003,0.0016
530,429.56813812010245,385229,50.0,0.0003,0.0016
531,429.56789538511396,383113,52.0,0.0003,0.0016
532,429.5681264527869,381014,54.0,0.0003,0.0016
533,429.56815433550764,378941,56.0,0.0003,0.0016
534,429.5679062286754,376872,58.0,0.0003,0.0016
535,429.56798450757685,374813,60.0,0.0003,0.0016
536,429.5678614197636,372765,62.0,0.0003,0.0016
537,429.56813230564694,370721,64.0,0.0003,0.0016
538,429.5682793685021,368696,66.0,0.0003,0.0016
539,429.56829142094,366695,68.0,0.0003,0.0016
540,429.56809489530065,364696,70.0,0.0003,0.0016
541,429.5680277075856,362707,72.0,0.0003,0.0016
542,429.56800222583183,360727,74.0,0.0003,0.0016
543,429.56787082968305,358752,76.0,0.0003,0.0016
544,429.56785896354455,356806,78.0,0.0003,0.0016
545,429.5681382546387,354871,80.0,0.0003,0.0016
546,429.56790537260235,352938,82.0,0.0003,0.0016
547,429.56822164548294,351015,84.0,0.0003,0.0016
548,429.5681680089727,349099,86.0,0.0003,0.0016
549,429.5678992233582,347206,88.0,0.0003,0.0016
550,429.5682614726466,345327,90.0,0.0003,0.0016
551,429.5679669942747,343451,92.0,0.0003,0.0016
552,429.56826541824927,341580,94.0,0.0003,0.0016
553,429.5681758267523,339721,96.0,0.0003,0.0016
554,429.5679880431002,337886,98.0,0.0003,0.0016
555,429.5682269022718,336057,100.0,0.0003,0.0016
556,429.56822203431636,334235,102.0,0.0003,0.0016
557,429.56786218178735,332414,104.0,0.0003,0.0016
558,429.56827833853987,330616,106.0,0.0003,0.0016
559,429.5681508527226,328835,108.0,0.0003,0.0016
560,429.56825694655873,327054,110.0,0.0003,0.0016
561,429.56781959834007,325277,112.0,0.0003,0.0016
562,429.56813746563415,323517,114.0,0.0003,0.0016
563,429.56815281627934,321775,116.0,0.0003,0.0016
564,429.56814392408785,320038,118.0,0.0003,0.0016
565,429.5681575523938,318306,120.0,0.0003,0.0016
566,429.56796588077674,316579,122.0,0.0003,0.0016
567,429.5679321567359,314880,124.0,0.0003,0.0016
568,429.5679068701056,313185,126.0,0.0003,0.0016
569,429.56784359107485,311489,128.0,0.0003,0.0016
570,429.5678952196561,309805,130.0,0.0003,0.0016
571,429.5678109335506,308146,132.0,0.0003,0.0016
572,429.5680656316332,306487,134.0,0.0003,0.0016
573,429.5678612410464,304831,136.0,0.0003,0.0016
574,429.56823877152726,303190,138.0,0.0003,0.0016
575,429.56815033745426,301566,140.0,0.0003,0.0016
576,429.5679415061737,299945,142.0,0.0003,0.0016
577,429.5682026455008,298325,144.0,0.0003,0.0016
578,429.56811648787016,296726,146.0,0.0003,0.0016
579,429.5683055808076,295140,148.0,0.0003,0.0016
580,429.5680025974012,293551,150.0,0.0003,0.0016
581,429.56782726841055,291968,152.0,0.0003,0.0016
582,429.56792435167335,290414,154.0,0.0003,0.0016
583,429.5682767239565,288858,156.0,0.0003,0.0016
584,429.5682689217897,287302,158.0,0.0003,0.0016
585,429.56812488685523,285769,160.0,0.0003,0.0016
586,429.5679961903941,284236,162.0,0.0003,0.0016
587,429.56784081889083,282701,164.0,0.0003,0.0016
588,429.5679117043747,281174,166.0,0.0003,0.0016
589,429.56803838987713,279673,168.0,0.0003,0.0016
590,429.56818492552026,278174,170.0,0.0003,0.0016
591,429.56781831950394,276675,172.0,0.0003,0.0016
592,429.56821187711705,275194,174.0,0.0003,0.0016
593,429.56827634889765,273719,176.0,0.0003,0.0016
594,429.56788933148505,272245,178.0,0.0003,0.0016
595,429.5683391449992,270795,180.0,0.0003,0.0016
596,429.56832074600317,269359,182.0,0.0003,0.0016
597,429.56819356633804,267908,184.0,0.0003,0.0016
598,429.5679351324713,266471,186.0,0.0003,0.0016
599,429.56827560482026,265055,188.0,0.0003,0.0016
600,429.5679069327798,263638,190.0,0.0003,0.0016
601,429.5679459244261,262234,192.0,0.0003,0.0016
602,429.56807209736286,260841,194.0,0.0003,0.0016
603,429.5681288111024,259444,196.0,0.0003,0.0016
604,429.56786055049093,258055,198.0,0.0003,0.0016
605,429.5679795892122,256692,200.0,0.0003,0.0016
606,429.99774664406686,443016,0.0,0.0008,0.0016
607,429.56807989151616,440362,2.0,0.0008,0.0016
608,429.5680111960679,438563,4.0,0.0008,0.0016
609,429.5682103479057,436753,6.0,0.0008,0.0016
610,429.5679455330053,434939,8.0,0.0008,0.0016
611,429.5680720845114,433158,10.0,0.0008,0.0016
612,429.56794793772946,431363,12.0,0.0008,0.0016
613,429.5678056757935,429570,14.0,0.0008,0.0016
614,429.5678582668865,427804,16.0,0.0008,0.0016
615,429.5680229696555,426012,18.0,0.0008,0.0016
616,429.56776142051444,424221,20.0,0.0008,0.0016
617,429.5679232601427,422458,22.0,0.0008,0.0016
618,429.56775987271664,420673,24.0,0.0008,0.0016
619,429.5681414147245,418895,26.0,0.0008,0.0016
620,429.5678602862569,417145,28.0,0.0008,0.0016
621,429.567840630155,415380,30.0,0.0008,0.0016
622,429.56786712052525,413617,32.0,0.0008,0.0016
623,429.567755581069,411878,34.0,0.0008,0.0016
624,429.567861338604,410131,36.0,0.0008,0.0016
625,429.5677694866423,408385,38.0,0.0008,0.0016
626,429.5678988196284,406658,40.0,0.0008,0.0016
627,429.56783831550683,404927,42.0,0.0008,0.0016
628,429.56798194383765,403200,44.0,0.0008,0.0016
629,429.5680922805043,401485,46.0,0.0008,0.0016
630,429.5681184309727,399770,48.0,0.0008,0.0016
631,429.56777035668375,398061,50.0,0.0008,0.0016
632,429.568066217869,396359,52.0,0.0008,0.0016
633,429.56791605597334,394656,54.0,0.0008,0.0016
634,429.5679993645047,392971,56.0,0.0008,0.0016
635,429.5678161553848,391281,58.0,0.0008,0.0016
636,429.56809741652154,389594,60.0,0.0008,0.0016
637,429.56777127381594,387929,62.0,0.0008,0.0016
638,429.5681441974553,386254,64.0,0.0008,0.0016
639,429.5678441378588,384584,66.0,0.0008,0.0016
640,429.5678379717302,382938,68.0,0.0008,0.0016
641,429.56778783834295,381276,70.0,0.0008,0.0016
642,429.56805977159166,379629,72.0,0.0008,0.0016
643,429.56812692489876,377999,74.0,0.0008,0.0016
644,429.56786656488185,376351,76.0,0.0008,0.0016
645,429.56795634169237,374726,78.0,0.0008,0.0016
646,429.56796534172423,373111,80.0,0.0008,0.0016
647,429.56784205282463,371480,82.0,0.0008,0.0016
648,429.5681146787986,369877,84.0,0.0008,0.0016
649,429.5679257730699,368274,86.0,0.0008,0.0016
650,429.5679358032674,366658,88.0,0.0008,0.0016
651,429.56780296023527,365056,90.0,0.0008,0.0016
652,429.5680190783213,363446,92.0,0.0008,0.0016
653,429.56796459860897,361846,94.0,0.0008,0.0016
654,429.56793900001384,360263,96.0,0.0008,0.0016
655,429.56787725207704,358678,98.0,0.0008,0.0016
656,429.56798092519426,357108,100.0,0.0008,0.0016
657,429.5680300398922,355526,102.0,0.0008,0.0016
658,429.56810998326307,353943,104.0,0.0008,0.0016
659,429.56782581328395,352387,106.0,0.0008,0.0016
660,429.56803437224653,350835,108.0,0.0008,0.0016
661,429.567925082392,349295,110.0,0.0008,0.0016
662,429.5679507587802,347784,112.0,0.0008,0.0016
663,429.56780529634045,346233,114.0,0.0008,0.0016
664,429.567970292832,344702,116.0,0.0008,0.0016
665,429.56809981991637,343180,118.0,0.0008,0.0016
666,429.5678303566422,341659,120.0,0.0008,0.0016
667,429.56792892400057,340169,122.0,0.0008,0.0016
668,429.56785123339176,338682,124.0,0.0008,0.0016
669,429.5677704019288,337192,126.0,0.0008,0.0016
670,429.5678662274857,335703,128.0,0.0008,0.0016
671,429.5679446402647,334211,130.0,0.0008,0.0016
672,429.5679345607202,332744,132.0,0.0008,0.0016
673,429.5677757575392,331281,134.0,0.0008,0.0016
674,429.56808230360315,329831,136.0,0.0008,0.0016
675,429.5680691615231,328399,138.0,0.0008,0.0016
676,429.5678274230669,326938,140.0,0.0008,0.0016
677,429.568077406755,325500,142.0,0.0008,0.0016
678,429.56802711497124,324064,144.0,0.0008,0.0016
679,429.5680807605403,322637,146.0,0.0008,0.0016
680,429.5678757084249,321232,148.0,0.0008,0.0016
681,429.56792029159465,319828,150.0,0.0008,0.0016
682,429.5678290362041,318427,152.0,0.0008,0.0016
683,429.56797310346207,317020,154.0,0.0008,0.0016
684,429.5677645283746,315622,156.0,0.0008,0.0016
685,429.5678039585485,314241,158.0,0.0008,0.0016
686,429.56786250355225,312860,160.0,0.0008,0.0016
687,429.5680177380383,311506,162.0,0.0008,0.0016
688,429.56783086629423,310142,164.0,0.0008,0.0016
689,429.56785070354135,308779,166.0,0.0008,0.0016
690,429.5680340151068,307423,168.0,0.0008,0.0016
691,429.56803685911837,306070,170.0,0.0008,0.0016
692,429.56811456558324,304739,172.0,0.0008,0.0016
693,429.56797106324257,303406,174.0,0.0008,0.0016
694,429.56775151788526,302098,176.0,0.0008,0.0016
695,429.5679934409431,300768,178.0,0.0008,0.0016
696,429.5679913200342,299450,180.0,0.0008,0.0016
697,429.56781212133325,298140,182.0,0.0008,0.0016
698,429.5681155343863,296835,184.0,0.0008,0.0016
699,429.56802648839874,295550,186.0,0.0008,0.0016
700,429.56787550399883,294264,188.0,0.0008,0.0016
701,429.5680190835761,292990,190.0,0.0008,0.0016
702,429.56792482307225,291703,192.0,0.0008,0.0016
703,429.56808374891864,290433,194.0,0.0008,0.0016
704,429.567919467776,289166,196.0,0.0008,0.0016
705,429.5677731493712,287909,198.0,0.0008,0.0016
706,429.56786419274886,286667,200.0,0.0008,0.0016
707,429.9977589786292,443016,0.0,0.0007,0.0016
708,429.5678681029209,440235,2.0,0.0007,0.0016
709,429.568223716033,438313,4.0,0.0007,0.0016
710,429.56818371134415,436387,6.0,0.0007,0.0016
711,429.5680793774382,434456,8.0,0.0007,0.0016
712,429.5682229488017,432546,10.0,0.0007,0.0016
713,429.5679270711567,430648,12.0,0.0007,0.0016
714,429.5681691272293,428742,14.0,0.0007,0.0016
715,429.5678807620867,426827,16.0,0.0007,0.0016
716,429.5680770205138,424947,18.0,0.0007,0.0016
717,429.5679421817462,423061,20.0,0.0007,0.0016
718,429.5678522467277,421162,22.0,0.0007,0.0016
719,429.56790806841207,419295,24.0,0.0007,0.0016
720,429.5679381138711,417442,26.0,0.0007,0.0016
721,429.5680860210283,415568,28.0,0.0007,0.0016
722,429.5680594775168,413710,30.0,0.0007,0.0016
723,429.56787736579173,411884,32.0,0.0007,0.0016
724,429.56818684117235,410035,34.0,0.0007,0.0016
725,429.5679711594374,408189,36.0,0.0007,0.0016
726,429.5680411046284,406383,38.0,0.0007,0.0016
727,429.5679508668207,404562,40.0,0.0007,0.0016
728,429.56794318658035,402736,42.0,0.0007,0.0016
729,429.5680736404553,400944,44.0,0.0007,0.0016
730,429.5678511411189,399150,46.0,0.0007,0.0016
731,429.56783909269285,397346,48.0,0.0007,0.0016
732,429.5679718367502,395567,50.0,0.0007,0.0016
733,429.56786094779756,393799,52.0,0.0007,0.0016
734,429.56812348156006,392018,54.0,0.0007,0.0016
735,429.5681393596596,390253,56.0,0.0007,0.0016
736,429.5681545338373,388510,58.0,0.0007,0.0016
737,429.5679255688408,386750,60.0,0.0007,0.0016
738,429.5679581746509,385001,62.0,0.0007,0.0016
739,429.5681574271603,383282,64.0,0.0007,0.0016
740,429.56790379591666,381544,66.0,0.0007,0.0016
741,429.56800383140364,379813,68.0,0.0007,0.0016
742,429.56805762420015,378113,70.0,0.0007,0.0016
743,429.5678353874225,376400,72.0,0.0007,0.0016
744,429.56812880793706,374689,74.0,0.0007,0.0016
745,429.56812366919365,373008,76.0,0.0007,0.0016
746,429.5679581905105,371319,78.0,0.0007,0.0016
747,429.56802774628375,369628,80.0,0.0007,0.0016
748,429.5678472038418,367966,82.0,0.0007,0.0016
749,429.5681345375899,366301,84.0,0.0007,0.0016
750,429.56806039201217,364631,86.0,0.0007,0.0016
751,429.5679919800109,362989,88.0,0.0007,0.0016
752,429.5678812463882,361345,90.0,0.0007,0.0016
753,429.56809752298534,359698,92.0,0.0007,0.0016
754,429.5681088365767,358076,94.0,0.0007,0.0016
755,429.5679343890604,356453,96.0,0.0007,0.0016
756,429.5680918138821,354818,98.0,0.0007,0.0016
757,429.56809009464297,353199,100.0,0.0007,0.0016
758,429.5677803907624,351573,102.0,0.0007,0.0016
759,429.5679755089796,349959,104.0,0.0007,0.0016
760,429.5679476528237,348365,106.0,0.0007,0.0016
761,429.5679347403237,346771,108.0,0.0007,0.0016
762,429.56805743483244,345182,110.0,0.0007,0.0016
763,429.5678526516013,343597,112.0,0.0007,0.0016
764,429.56812614759986,342012,114.0,0.0007,0.0016
765,429.5679095915266,340449,116.0,0.0007,0.0016
766,429.5681332446601,338902,118.0,0.0007,0.0016
767,429.5680957916114,337359,120.0,0.0007,0.0016
768,429.56776704890115,335818,122.0,0.0007,0.0016
769,429.56800745181005,334276,124.0,0.0007,0.0016
770,429.5678595736681,332736,126.0,0.0007,0.0016
771,429.5679267887582,331225,128.0,0.0007,0.0016
772,429.56785819473083,329716,130.0,0.0007,0.0016
773,429.5680731779197,328221,132.0,0.0007,0.0016
774,429.5677793691779,326720,134.0,0.0007,0.0016
775,429.567841825314,325216,136.0,0.0007,0.0016
776,429.5680227844157,323733,138.0,0.0007,0.0016
777,429.56778873879796,322260,140.0,0.0007,0.0016
778,429.56778843437235,320791,142.0,0.0007,0.0016
779,429.56785396527727,319344,144.0,0.0007,0.0016
780,429.56803454210547,317879,146.0,0.0007,0.0016
781,429.5680302583438,316423,148.0,0.0007,0.0016
782,429.5679135239891,314986,150.0,0.0007,0.0016
783,429.56790253365864,313548,152.0,0.0007,0.0016
784,429.5680932550127,312136,154.0,0.0007,0.0016
785,429.56809954584287,310718,156.0,0.0007,0.0016
786,429.56801237740615,309293,158.0,0.0007,0.0016
787,429.5678969011374,307890,160.0,0.0007,0.0016
788,429.5677692634506,306484,162.0,0.0007,0.0016
789,429.56799341661514,305100,164.0,0.0007,0.0016
790,429.56778632693596,303725,166.0,0.0007,0.0016
791,429.5680486477185,302339,168.0,0.0007,0.0016
792,429.56796142843496,300969,170.0,0.0007,0.0016
793,429.5678481591735,299595,172.0,0.0007,0.0016
794,429.5678431379182,298241,174.0,0.0007,0.0016
795,429.56779731056025,296895,176.0,0.0007,0.0016
796,429.5680518231857,295556,178.0,0.0007,0.0016
797,429.5680877085708,294219,180.0,0.0007,0.0016
798,429.5677667266218,292876,182.0,0.0007,0.0016
799,429.56794473337555,291555,184.0,0.0007,0.0016
800,429.56808408431857,290237,186.0,0.0007,0.0016
801,429.56781716395824,288929,188.0,0.0007,0.0016
802,429.5679999017997,287635,190.0,0.0007,0.0016
803,429.5679925355572,286325,192.0,0.0007,0.0016
804,429.5678254714035,285036,194.0,0.0007,0.0016
805,429.5680018010138,283745,196.0,0.0007,0.0016
806,429.5681526721982,282472,198.0,0.0007,0.0016
807,429.5681283270486,281206,200.0,0.0007,0.0016
808,429.99779598233727,443016,0.0,0.0004,0.0016
809,429.56822254945746,439868,2.0,0.0004,0.0016
810,429.56793721335964,437554,4.0,0.0004,0.0016
811,429.5679751352419,435267,6.0,0.0004,0.0016
812,429.5681846222864,432993,8.0,0.0004,0.0016
813,429.5681922420249,430729,10.0,0.0004,0.0016
814,429.56818594865814,428468,12.0,0.0004,0.0016
815,429.5682135857856,426218,14.0,0.0004,0.0016
816,429.56790994172786,423981,16.0,0.0004,0.0016
817,429.5678864147716,421751,18.0,0.0004,0.0016
818,429.5678168832987,419552,20.0,0.0004,0.0016
819,429.5679517970602,417367,22.0,0.0004,0.0016
820,429.56811323903247,415183,24.0,0.0004,0.0016
821,429.56806466067417,413011,26.0,0.0004,0.0016
822,429.5681908922642,410850,28.0,0.0004,0.0016
823,429.56798197826595,408694,30.0,0.0004,0.0016
824,429.56808608705,406570,32.0,0.0004,0.0016
825,429.5680340167661,404455,34.0,0.0004,0.0016
826,429.5682210424373,402343,36.0,0.0004,0.0016
827,429.568139325997,400242,38.0,0.0004,0.0016
828,429.56823057567084,398148,40.0,0.0004,0.0016
829,429.56799559755746,396071,42.0,0.0004,0.0016
830,429.5681746003721,394017,44.0,0.0004,0.0016
831,429.56783285555156,391966,46.0,0.0004,0.0016
832,429.5678239399779,389920,48.0,0.0004,0.0016
833,429.5678989207641,387885,50.0,0.0004,0.0016
834,429.56794467554755,385863,52.0,0.0004,0.0016
835,429.56805538482837,383862,54.0,0.0004,0.0016
836,429.56806354357707,381871,56.0,0.0004,0.0016
837,429.56804429067233,379880,58.0,0.0004,0.0016
838,429.5682816699943,377896,60.0,0.0004,0.0016
839,429.568131734507,375936,62.0,0.0004,0.0016
840,429.56779939319284,373986,64.0,0.0004,0.0016
841,429.56788708005365,372044,66.0,0.0004,0.0016
842,429.5681742192612,370111,68.0,0.0004,0.0016
843,429.5680232480534,368177,70.0,0.0004,0.0016
844,429.5679341242194,366273,72.0,0.0004,0.0016
845,429.5680650162804,364380,74.0,0.0004,0.0016
846,429.56810790889546,362485,76.0,0.0004,0.0016
847,429.56805284637454,360597,78.0,0.0004,0.0016
848,429.56810062259575,358730,80.0,0.0004,0.0016
849,429.5680157395168,356875,82.0,0.0004,0.0016
850,429.5681412090345,355027,84.0,0.0004,0.0016
851,429.56810203045757,353182,86.0,0.0004,0.0016
852,429.56824227662486,351347,88.0,0.0004,0.0016
853,429.5682444670684,349538,90.0,0.0004,0.0016
854,429.5680881741448,347730,92.0,0.0004,0.0016
855,429.5682126079409,345923,94.0,0.0004,0.0016
856,429.5680247141179,344130,96.0,0.0004,0.0016
857,429.56804085705596,342359,98.0,0.0004,0.0016
858,429.5680902467294,340589,100.0,0.0004,0.0016
859,429.5678862767497,338824,102.0,0.0004,0.0016
860,429.56819286793007,337070,104.0,0.0004,0.0016
861,429.5679812771677,335336,106.0,0.0004,0.0016
862,429.5682645827688,333608,108.0,0.0004,0.0016
863,429.5682361186439,331876,110.0,0.0004,0.0016
864,429.5682549162969,330165,112.0,0.0004,0.0016
865,429.5681042777662,328471,114.0,0.0004,0.0016
866,429.56785848995145,326772,116.0,0.0004,0.0016
867,429.5679751462654,325079,118.0,0.0004,0.0016
868,429.5680215792433,323413,120.0,0.0004,0.0016
869,429.5681645423741,321739,122.0,0.0004,0.0016
870,429.5682756586176,320064,124.0,0.0004,0.0016
871,429.56784973492256,318399,126.0,0.0004,0.0016
872,429.56806125318116,316760,128.0,0.0004,0.0016
873,429.56783727095694,315124,130.0,0.0004,0.0016
874,429.5682006969744,313488,132.0,0.0004,0.0016
875,429.5679958323655,311866,134.0,0.0004,0.0016
876,429.56786902753703,310255,136.0,0.0004,0.0016
877,429.5681881814976,308649,138.0,0.0004,0.0016
878,429.5682591428083,307059,140.0,0.0004,0.0016
879,429.5682509753353,305491,142.0,0.0004,0.0016
880,429.5678309152013,303907,144.0,0.0004,0.0016
881,429.5678628769269,302329,146.0,0.0004,0.0016
882,429.56789895931126,300780,148.0,0.0004,0.0016
883,429.56782658741383,299237,150.0,0.0004,0.0016
884,429.56822087373376,297699,152.0,0.0004,0.0016
885,429.56810749902337,296167,154.0,0.0004,0.0016
886,429.56814717560644,294644,156.0,0.0004,0.0016
887,429.56804051765266,293122,158.0,0.0004,0.0016
888,429.5678344452873,291621,160.0,0.0004,0.0016
889,429.56793628160716,290138,162.0,0.0004,0.0016
890,429.56816239120013,288641,164.0,0.0004,0.0016
891,429.5679000357299,287155,166.0,0.0004,0.0016
892,429.56781817633953,285688,168.0,0.0004,0.0016
893,429.5679271958758,284222,170.0,0.0004,0.0016
894,429.5681521568302,282772,172.0,0.0004,0.0016
895,429.5678782387251,281331,174.0,0.0004,0.0016
896,429.5680199049402,279883,176.0,0.0004,0.0016
897,429.5680172566137,278448,178.0,0.0004,0.0016
898,429.56782993475775,277033,180.0,0.0004,0.0016
899,429.56810152786545,275619,182.0,0.0004,0.0016
900,429.5680875967673,274214,184.0,0.0004,0.0016
901,429.567956936619,272816,186.0,0.0004,0.0016
902,429.5679033322533,271416,188.0,0.0004,0.0016
903,429.56820565570894,270036,190.0,0.0004,0.0016
904,429.56803649189203,268669,192.0,0.0004,0.0016
905,429.5680298499141,267298,194.0,0.0004,0.0016
906,429.5681722785058,265939,196.0,0.0004,0.0016
907,429.56781934106147,264585,198.0,0.0004,0.0016
908,429.5681664498886,263233,200.0,0.0004,0.0016
909,429.99783298529013,443016,0.0,0.0001,0.0016
910,429.5682601353533,439498,2.0,0.0001,0.0016
911,429.5678616843243,436820,4.0,0.0001,0.0016
912,429.5679106409749,434160,6.0,0.0001,0.0016
913,429.56788663829667,431517,8.0,0.0001,0.0016
914,429.5682107724419,428891,10.0,0.0001,0.0016
915,429.56793125508256,426281,12.0,0.0001,0.0016
916,429.5680967970876,423688,14.0,0.0001,0.0016
917,429.56818705380937,421111,16.0,0.0001,0.0016
918,429.5683508636082,418551,18.0,0.0001,0.0016
919,429.56822709760525,416006,20.0,0.0001,0.0016
920,429.5679997004521,413477,22.0,0.0001,0.0016
921,429.56783580755996,410964,24.0,0.0001,0.0016
922,429.5680206100029,408467,26.0,0.0001,0.0016
923,429.5682075802803,405986,28.0,0.0001,0.0016
924,429.56832732763905,403520,30.0,0.0001,0.0016
925,429.56837623862344,401069,32.0,0.0001,0.0016
926,429.56805600964753,398633,34.0,0.0001,0.0016
927,429.5681281500292,396213,36.0,0.0001,0.0016
928,429.56828972029933,393811,38.0,0.0001,0.0016
929,429.56802336140385,391426,40.0,0.0001,0.0016
930,429.5680559644318,389058,42.0,0.0001,0.0016
931,429.56788457076925,386705,44.0,0.0001,0.0016
932,429.56785157794707,384367,46.0,0.0001,0.0016
933,429.56817203035416,382045,48.0,0.0001,0.0016
934,429.5681438208953,379735,50.0,0.0001,0.0016
935,429.5679983443425,377439,52.0,0.0001,0.0016
936,429.56840836438414,375159,54.0,0.0001,0.0016
937,429.568385281188,372890,56.0,0.0001,0.0016
938,429.56812515493067,370635,58.0,0.0001,0.0016
939,429.5679201830765,368394,60.0,0.0001,0.0016
940,429.5682902363071,366165,62.0,0.0001,0.0016
941,429.5682815262276,363950,64.0,0.0001,0.0016
942,429.5680591962906,361750,66.0,0.0001,0.0016
943,429.56799125094454,359570,68.0,0.0001,0.0016
944,429.56820053868785,357406,70.0,0.0001,0.0016
945,429.56832147320677,355254,72.0,0.0001,0.0016
946,429.5681420812411,353112,74.0,0.0001,0.0016
947,429.56812009773813,350984,76.0,0.0001,0.0016
948,429.56841512283114,348868,78.0,0.0001,0.0016
949,429.56791606119526,346761,80.0,0.0001,0.0016
950,429.5680263515297,344668,82.0,0.0001,0.0016
951,429.568097286283,342586,84.0,0.0001,0.0016
952,429.56787181393383,340523,86.0,0.0001,0.0016
953,429.5682256757402,338480,88.0,0.0001,0.0016
954,429.56787835714664,336446,90.0,0.0001,0.0016
955,429.5681787806725,334423,92.0,0.0001,0.0016
956,429.56814674983974,332411,94.0,0.0001,0.0016
957,429.5684077959528,330409,96.0,0.0001,0.0016
958,429.5681728457598,328416,98.0,0.0001,0.0016
959,429.5684515548246,326436,100.0,0.0001,0.0016
960,429.56831744336864,324479,102.0,0.0001,0.0016
961,429.56787981110244,322534,104.0,0.0001,0.0016
962,429.5680934475645,320600,106.0,0.0001,0.0016
963,429.5681958161379,318674,108.0,0.0001,0.0016
964,429.5680436336036,316757,110.0,0.0001,0.0016
965,429.56840043061743,314850,112.0,0.0001,0.0016
966,429.5678518214959,312955,114.0,0.0001,0.0016
967,429.56813258547726,311086,116.0,0.0001,0.0016
968,429.5681712842518,309225,118.0,0.0001,0.0016
969,429.56817450475,307371,120.0,0.0001,0.0016
970,429.56786887679607,305525,122.0,0.0001,0.0016
971,429.5683357537877,303688,124.0,0.0001,0.0016
972,429.5682282519147,301864,126.0,0.0001,0.0016
973,429.5680155188733,300064,128.0,0.0001,0.0016
974,429.56846284732495,298272,130.0,0.0001,0.0016
975,429.5681978724087,296485,132.0,0.0001,0.0016
976,429.56839323481375,294706,134.0,0.0001,0.0016
977,429.56823141531027,292934,136.0,0.0001,0.0016
978,429.56794777009617,291187,138.0,0.0001,0.0016
979,429.5681518501569,289452,140.0,0.0001,0.0016
980,429.56788546054196,287722,142.0,0.0001,0.0016
981,429.56816523675485,285998,144.0,0.0001,0.0016
982,429.5679324559127,284280,146.0,0.0001,0.0016
983,429.5683861621078,282588,148.0,0.0001,0.0016
984,429.5682458889768,280906,150.0,0.0001,0.0016
985,429.5679172872227,279229,152.0,0.0001,0.0016
986,429.56792320375337,277557,154.0,0.0001,0.0016
987,429.56787941935323,275892,156.0,0.0001,0.0016
988,429.5682991944949,274256,158.0,0.0001,0.0016
989,429.56838609080353,272625,160.0,0.0001,0.0016
990,429.56805886759423,270997,162.0,0.0001,0.0016
991,429.5682680124051,269374,164.0,0.0001,0.0016
992,429.56784820438725,267769,166.0,0.0001,0.0016
993,429.5682146284742,266182,168.0,0.0001,0.0016
994,429.5683990682161,264598,170.0,0.0001,0.0016
995,429.5681940328937,263016,172.0,0.0001,0.0016
996,429.5684726429502,261445,174.0,0.0001,0.0016
997,429.5680627011156,259899,176.0,0.0001,0.0016
998,429.5679634401163,258355,178.0,0.0001,0.0016
999,429.5685392124517,256814,180.0,0.0001,0.0016
1000,429.5680311472979,255279,182.0,0.0001,0.0016
1001,429.5679748287055,253772,184.0,0.0001,0.0016
1002,429.56809472259437,252267,186.0,0.0001,0.0016
1003,429.56784053266074,250763,188.0,0.0001,0.0016
1004,429.5678859454099,249267,190.0,0.0001,0.0016
1005,429.56804729160837,247798,192.0,0.0001,0.0016
1006,429.5684432808221,246330,194.0,0.0001,0.0016
1007,429.5681954247147,244861,196.0,0.0001,0.0016
1008,429.56820773177253,243407,198.0,0.0001,0.0016
1009,429.5682736596456,241973,200.0,0.0001,0.0016
1010,429.9977836477658,443016,0.0,0.0005,0.0016
1011,429.567917007616,439990,2.0,0.0005,0.0016
1012,429.5681719603168,437807,4.0,0.0005,0.0016
1013,429.5680349444774,435644,6.0,0.0005,0.0016
1014,429.56813069140986,433487,8.0,0.0005,0.0016
1015,429.56784152092735,431336,10.0,0.0005,0.0016
1016,429.56808605302,429183,12.0,0.0005,0.0016
1017,429.5679551632045,427044,14.0,0.0005,0.0016
1018,429.5681861716705,424937,16.0,0.0005,0.0016
1019,429.5680682712917,422825,18.0,0.0005,0.0016
1020,429.568028508013,420724,20.0,0.0005,0.0016
1021,429.56781555388153,418634,22.0,0.0005,0.0016
1022,429.5678818582282,416550,24.0,0.0005,0.0016
1023,429.5680762964927,414494,26.0,0.0005,0.0016
1024,429.56779109560654,412445,28.0,0.0005,0.0016
1025,429.56812002631534,410393,30.0,0.0005,0.0016
1026,429.5680774506626,408350,32.0,0.0005,0.0016
1027,429.56805119357296,406334,34.0,0.0005,0.0016
1028,429.56805246804976,404323,36.0,0.0005,0.0016
1029,429.56808113015654,402321,38.0,0.0005,0.0016
1030,429.56807769004473,400322,40.0,0.0005,0.0016
1031,429.5678738726112,398330,42.0,0.0005,0.0016
1032,429.56801590014675,396369,44.0,0.0005,0.0016
1033,429.5680790528194,394408,46.0,0.0005,0.0016
1034,429.568215658186,392447,48.0,0.0005,0.0016
1035,429.56813296802807,390497,50.0,0.0005,0.0016
1036,429.5680950701257,388571,52.0,0.0005,0.0016
1037,429.5679393825122,386648,54.0,0.0005,0.0016
1038,429.5678526965956,384733,56.0,0.0005,0.0016
1039,429.56794927665914,382816,58.0,0.0005,0.0016
1040,429.5679747702426,380927,60.0,0.0005,0.0016
1041,429.56808508856636,379050,62.0,0.0005,0.0016
1042,429.56803489393315,377166,64.0,0.0005,0.0016
1043,429.56786464489534,375288,66.0,0.0005,0.0016
1044,429.56805033630604,373443,68.0,0.0005,0.0016
1045,429.56822696324656,371595,70.0,0.0005,0.0016
1046,429.56819925064895,369751,72.0,0.0005,0.0016
1047,429.56782250956826,367915,74.0,0.0005,0.0016
1048,429.5680717495747,366101,76.0,0.0005,0.0016
1049,429.56800906135817,364292,78.0,0.0005,0.0016
1050,429.56822335376324,362486,80.0,0.0005,0.0016
1051,429.56819682724006,360686,82.0,0.0005,0.0016
1052,429.5679502527045,358911,84.0,0.0005,0.0016
1053,429.5679773365502,357137,86.0,0.0005,0.0016
1054,429.56808984219674,355360,88.0,0.0005,0.0016
1055,429.5678224053779,353608,90.0,0.0005,0.0016
1056,429.5679768361555,351866,92.0,0.0005,0.0016
1057,429.56806584582944,350121,94.0,0.0005,0.0016
1058,429.5679744764617,348385,96.0,0.0005,0.0016
1059,429.5678940273536,346666,98.0,0.0005,0.0016
1060,429.56780218618076,344939,100.0,0.0005,0.0016
1061,429.5679833999497,343212,102.0,0.0005,0.0016
1062,429.5681930566186,341506,104.0,0.0005,0.0016
1063,429.56787651518636,339815,106.0,0.0005,0.0016
1064,429.5681114677066,338130,108.0,0.0005,0.0016
1065,429.567979604258,336435,110.0,0.0005,0.0016
1066,429.56788185966093,334766,112.0,0.0005,0.0016
1067,429.56792201396087,333102,114.0,0.0005,0.0016
1068,429.56785808648164,331444,116.0,0.0005,0.0016
1069,429.5678857604777,329817,118.0,0.0005,0.0016
1070,429.56816340535215,328184,120.0,0.0005,0.0016
1071,429.56805453482826,326544,122.0,0.0005,0.0016
1072,429.5680028070059,324923,124.0,0.0005,0.0016
1073,429.56786940030946,323322,126.0,0.0005,0.0016
1074,429.5681446792556,321726,128.0,0.0005,0.0016
1075,429.56797043023676,320131,130.0,0.0005,0.0016
1076,429.56784917885074,318549,132.0,0.0005,0.0016
1077,429.5678998336181,316968,134.0,0.0005,0.0016
1078,429.56782073600743,315395,136.0,0.0005,0.0016
1079,429.5681514249481,313853,138.0,0.0005,0.0016
1080,429.5679003583878,312306,140.0,0.0005,0.0016
1081,429.5681898547549,310751,142.0,0.0005,0.0016
1082,429.5681029978396,309222,144.0,0.0005,0.0016
1083,429.56807207649064,307696,146.0,0.0005,0.0016
1084,429.5679577246553,306176,148.0,0.0005,0.0016
1085,429.5679078389656,304683,150.0,0.0005,0.0016
1086,429.56788825290323,303175,152.0,0.0005,0.0016
1087,429.5680834945496,301671,154.0,0.0005,0.0016
1088,429.5681231178754,300194,156.0,0.0005,0.0016
1089,429.5678815976884,298719,158.0,0.0005,0.0016
1090,429.5678327171687,297253,160.0,0.0005,0.0016
1091,429.56805761368327,295795,162.0,0.0005,0.0016
1092,429.56821673232685,294335,164.0,0.0005,0.0016
1093,429.56790670834727,292883,166.0,0.0005,0.0016
1094,429.567860027369,291456,168.0,0.0005,0.0016
1095,429.56823125688356,290030,170.0,0.0005,0.0016
1096,429.56822248437345,288605,172.0,0.0005,0.0016
1097,429.5679799631173,287191,174.0,0.0005,0.0016
1098,429.5682234381571,285776,176.0,0.0005,0.0016
1099,429.5679330178913,284382,178.0,0.0005,0.0016
1100,429.56788023257684,282999,180.0,0.0005,0.0016
1101,429.5680929625208,281608,182.0,0.0005,0.0016
1102,429.56788268434406,280234,184.0,0.0005,0.0016
1103,429.56788016154064,278861,186.0,0.0005,0.0016
1104,429.56818971263925,277496,188.0,0.0005,0.0016
1105,429.5679901359512,276154,190.0,0.0005,0.0016
1106,429.56802385102475,274804,192.0,0.0005,0.0016
1107,429.5679234393702,273462,194.0,0.0005,0.0016
1108,429.56802199786983,272130,196.0,0.0005,0.0016
1109,429.5681876978448,270798,198.0,0.0005,0.0016
1110,429.56792291768994,269491,200.0,0.0005,0.0016
1111,429.9977096404151,443016,0.0,0.0011,0.0016
1112,429.5680136488965,440745,2.0,0.0011,0.0016
1113,429.5678295454638,439306,4.0,0.0011,0.0016
1114,429.5681026034376,437856,6.0,0.0011,0.0016
1115,429.5679378859912,436415,8.0,0.0011,0.0016
1116,429.5679135256659,434954,10.0,0.0011,0.0016
1117,429.5679601224641,433511,12.0,0.0011,0.0016
1118,429.5678029086621,432044,14.0,0.0011,0.0016
1119,429.5678459571321,430587,16.0,0.0011,0.0016
1120,429.5680357664449,429095,18.0,0.0011,0.0016
1121,429.56806358292005,427632,20.0,0.0011,0.0016
1122,429.56811673475676,426134,22.0,0.0011,0.0016
1123,429.5677947893558,424653,24.0,0.0011,0.0016
1124,429.56789217735684,423159,26.0,0.0011,0.0016
1125,429.5680733956764,421683,28.0,0.0011,0.0016
1126,429.56792473037245,420179,30.0,0.0011,0.0016
1127,429.5680512139901,418689,32.0,0.0011,0.0016
1128,429.5679154190645,417203,34.0,0.0011,0.0016
1129,429.5677525814779,415697,36.0,0.0011,0.0016
1130,429.56807780081857,414206,38.0,0.0011,0.0016
1131,429.5680614238662,412710,40.0,0.0011,0.0016
1132,429.568040576934,411217,42.0,0.0011,0.0016
1133,429.5678605337881,409706,44.0,0.0011,0.0016
1134,429.56780977174355,408227,46.0,0.0011,0.0016
1135,429.56807852073945,406721,48.0,0.0011,0.0016
1136,429.56807161194394,405230,50.0,0.0011,0.0016
1137,429.5679492333475,403735,52.0,0.0011,0.0016
1138,429.5679855939982,402244,54.0,0.0011,0.0016
1139,429.5677568172945,400749,56.0,0.0011,0.0016
1140,429.56781753924514,399255,58.0,0.0011,0.0016
1141,429.5680550149175,397776,60.0,0.0011,0.0016
1142,429.5680425163624,396275,62.0,0.0011,0.0016
1143,429.56805133419715,394800,64.0,0.0011,0.0016
1144,429.56774742957464,393309,66.0,0.0011,0.0016
1145,429.56794801460023,391820,68.0,0.0011,0.0016
1146,429.5679880667277,390317,70.0,0.0011,0.0016
1147,429.5678766540022,388822,72.0,0.0011,0.0016
1148,429.56790272244325,387331,74.0,0.0011,0.0016
1149,429.5679773721372,385841,76.0,0.0011,0.0016
1150,429.5678119744943,384372,78.0,0.0011,0.0016
1151,429.5678760892511,382873,80.0,0.0011,0.0016
1152,429.56803152198916,381391,82.0,0.0011,0.0016
1153,429.56787915712766,379899,84.0,0.0011,0.0016
1154,429.5677971830508,378429,86.0,0.0011,0.0016
1155,429.56801445659863,376964,88.0,0.0011,0.0016
1156,429.5679164782102,375514,90.0,0.0011,0.0016
1157,429.5678713872294,374066,92.0,0.0011,0.0016
1158,429.5679004185336,372592,94.0,0.0011,0.0016
1159,429.56804407702265,371139,96.0,0.0011,0.0016
1160,429.56780236730657,369678,98.0,0.0011,0.0016
1161,429.5677979567296,368245,100.0,0.0011,0.0016
1162,429.56790689205343,366811,102.0,0.0011,0.0016
1163,429.56792548815366,365403,104.0,0.0011,0.0016
1164,429.5680407419684,363961,106.0,0.0011,0.0016
1165,429.5677770710177,362527,108.0,0.0011,0.0016
1166,429.56786724516064,361104,110.0,0.0011,0.0016
1167,429.5677484743925,359683,112.0,0.0011,0.0016
1168,429.56799958976876,358286,114.0,0.0011,0.0016
1169,429.568017152284,356888,116.0,0.0011,0.0016
1170,429.5679839494484,355498,118.0,0.0011,0.0016
1171,429.56799414424194,354087,120.0,0.0011,0.0016
1172,429.56776596735847,352696,122.0,0.0011,0.0016
1173,429.5680276046392,351304,124.0,0.0011,0.0016
1174,429.56772506118284,349929,126.0,0.0011,0.0016
1175,429.56798616223847,348562,128.0,0.0011,0.0016
1176,429.56803550847866,347204,130.0,0.0011,0.0016
1177,429.567900564549,345831,132.0,0.0011,0.0016
1178,429.56800148925396,344461,134.0,0.0011,0.0016
1179,429.5678903045317,343106,136.0,0.0011,0.0016
1180,429.56775971918967,341750,138.0,0.0011,0.0016
1181,429.56774624245435,340417,140.0,0.0011,0.0016
1182,429.56800959340285,339084,142.0,0.0011,0.0016
1183,429.5679781223044,337753,144.0,0.0011,0.0016
1184,429.5679130526334,336410,146.0,0.0011,0.0016
1185,429.5679614906618,335087,148.0,0.0011,0.0016
1186,429.5680308439577,333761,150.0,0.0011,0.0016
1187,429.5678386365846,332454,152.0,0.0011,0.0016
1188,429.56798633849013,331150,154.0,0.0011,0.0016
1189,429.5679712313927,329855,156.0,0.0011,0.0016
1190,429.5679489571,328547,158.0,0.0011,0.0016
1191,429.5680102393704,327250,160.0,0.0011,0.0016
1192,429.56795430749156,325958,162.0,0.0011,0.0016
1193,429.5677905461943,324675,164.0,0.0011,0.0016
1194,429.56802222701737,323404,166.0,0.0011,0.0016
1195,429.5680085877069,322141,168.0,0.0011,0.0016
1196,429.56774436941856,320868,170.0,0.0011,0.0016
1197,429.567980732745,319598,172.0,0.0011,0.0016
1198,429.56787631784044,318340,174.0,0.0011,0.0016
1199,429.56771849330175,317083,176.0,0.0011,0.0016
1200,429.56800039095236,315844,178.0,0.0011,0.0016
1201,429.56796263208076,314606,180.0,0.0011,0.0016
1202,429.56773474736144,313374,182.0,0.0011,0.0016
1203,429.56782906967203,312133,184.0,0.0011,0.0016
1204,429.5677726299459,310907,186.0,0.0011,0.0016
1205,429.5679525825449,309680,188.0,0.0011,0.0016
1206,429.5679302615466,308470,190.0,0.0011,0.0016
1207,429.56796601153724,307260,192.0,0.0011,0.0016
1208,429.56782345315884,306065,194.0,0.0011,0.0016
1209,429.5679189752373,304855,196.0,0.0011,0.0016
1210,429.56801041987256,303660,198.0,0.0011,0.0016
1211,429.56778578150335,302462,200.0,0.0011,0.0016
