,total_counts,area,time,D (um^2/s),alpha (1/s)
0,429.99766765410703,443016,0.0,0.0015,0.0022
1,429.5678963301725,441192,1.0,0.0015,0.0022
2,429.567777278702,440177,2.0,0.0015,0.0022
3,429.56804136827054,439192,3.0,0.0015,0.0022
4,429.567882699584,438189,4.0,0.0015,0.0022
5,429.567707664077,437179,5.0,0.0015,0.0022
6,429.56775951402966,436184,6.0,0.0015,0.0022
7,429.5677350775073,435170,7.0,0.0015,0.0022
8,429.56798960540993,434163,8.0,0.0015,0.0022
9,429.56771961269436,433156,9.0,0.0015,0.0022
10,429.5678146559244,432133,10.0,0.0015,0.0022
11,429.5680886335088,431131,11.0,0.0015,0.0022
12,429.5680812402687,430119,12.0,0.0015,0.0022
13,429.56808913801024,429088,13.0,0.0015,0.0022
14,429.56781858368885,428086,14.0,0.0015,0.0022
15,429.5680278337381,427068,15.0,0.0015,0.0022
16,429.5676879755833,426037,16.0,0.0015,0.0022
17,429.5677073414614,425029,17.0,0.0015,0.0022
18,429.5679913969605,424004,18.0,0.0015,0.0022
19,429.56772377025305,422978,19.0,0.0015,0.0022
20,429.56791736731213,421961,20.0,0.0015,0.0022
21,429.56772253859185,420926,21.0,0.0015,0.0022
22,429.5679967344229,419899,22.0,0.0015,0.0022
23,429.5676780954911,418859,23.0,0.0015,0.0022
24,429.567811489998,417809,24.0,0.0015,0.0022
25,429.56793375818324,416780,25.0,0.0015,0.0022
26,429.5679529566746,415736,26.0,0.0015,0.0022
27,429.567789877117,414702,27.0,0.0015,0.0022
28,429.56802018521967,413662,28.0,0.0015,0.0022
29,429.56792640356775,412601,29.0,0.0015,0.0022
30,429.56778382811837,411564,30.0,0.0015,0.0022
31,429.56774633330406,410519,31.0,0.0015,0.0022
32,429.56802151383073,409476,32.0,0.0015,0.0022
33,429.56771106857474,408453,33.0,0.0015,0.0022
34,429.56796801228967,407412,34.0,0.0015,0.0022
35,429.5679365257646,406369,35.0,0.0015,0.0022
36,429.56774984286136,405326,36.0,0.0015,0.0022
37,429.5678806788365,404275,37.0,0.0015,0.0022
38,429.5679757376459,403249,38.0,0.0015,0.0022
39,429.56786027658694,402214,39.0,0.0015,0.0022
40,429.5677395712223,401189,40.0,0.0015,0.0022
41,429.56793040869036,400154,41.0,0.0015,0.0022
42,429.56785830697,399104,42.0,0.0015,0.0022
43,429.5679736483559,398076,43.0,0.0015,0.0022
44,429.56800841610215,397043,44.0,0.0015,0.0022
45,429.5678790942624,396009,45.0,0.0015,0.0022
46,429.56792022000207,394997,46.0,0.0015,0.0022
47,429.5677144930878,393963,47.0,0.0015,0.0022
48,429.56796572334855,392934,48.0,0.0015,0.0022
49,429.5678792363671,391907,49.0,0.0015,0.0022
50,429.5676775549876,390871,50.0,0.0015,0.0022
51,429.5678515908282,389859,51.0,0.0015,0.0022
52,429.5678930465045,388840,52.0,0.0015,0.0022
53,429.567822403745,387824,53.0,0.0015,0.0022
54,429.56800884247673,386807,54.0,0.0015,0.0022
55,429.56775138076705,385776,55.0,0.0015,0.0022
56,429.56795392177736,384765,56.0,0.0015,0.0022
57,429.56788210363675,383751,57.0,0.0015,0.0022
58,429.5678530358844,382735,58.0,0.0015,0.0022
59,429.5678903003618,381740,59.0,0.0015,0.0022
60,429.5680082954865,380724,60.0,0.0015,0.0022
61,429.56792246059626,379713,61.0,0.0015,0.0022
62,429.5678614270799,378708,62.0,0.0015,0.0022
63,429.5677635983237,377694,63.0,0.0015,0.0022
64,429.5677383231971,376701,64.0,0.0015,0.0022
65,429.56775704331227,375704,65.0,0.0015,0.0022
66,429.56768468891454,374704,66.0,0.0015,0.0022
67,429.56769575075856,373710,67.0,0.0015,0.0022
68,429.56779839065297,372705,68.0,0.0015,0.0022
69,429.56779779018825,371714,69.0,0.0015,0.0022
70,429.5679958028321,370726,70.0,0.0015,0.0022
71,429.56787813072606,369732,71.0,0.0015,0.0022
72,429.56789822722897,368759,72.0,0.0015,0.0022
73,429.56791149250336,367767,73.0,0.0015,0.0022
74,429.5679522448829,366778,74.0,0.0015,0.0022
75,429.56792691640425,365800,75.0,0.0015,0.0022
76,429.5679989891002,364813,76.0,0.0015,0.0022
77,429.5678803239441,363842,77.0,0.0015,0.0022
78,429.5679506541176,362873,78.0,0.0015,0.0022
79,429.56769829885883,361893,79.0,0.0015,0.0022
80,429.5677803973054,360926,80.0,0.0015,0.0022
81,429.56772544368823,359951,81.0,0.0015,0.0022
82,429.56789332592854,358982,82.0,0.0015,0.0022
83,429.5678699865256,358023,83.0,0.0015,0.0022
84,429.56769930071937,357056,84.0,0.0015,0.0022
85,429.5679546746141,356105,85.0,0.0015,0.0022
86,429.5677147108349,355144,86.0,0.0015,0.0022
87,429.5677361148283,354179,87.0,0.0015,0.0022
88,429.56796038754555,353231,88.0,0.0015,0.0022
89,429.5678784509202,352276,89.0,0.0015,0.0022
90,429.567681221766,351326,90.0,0.0015,0.0022
91,429.5678438964315,350389,91.0,0.0015,0.0022
92,429.56771453698536,349436,92.0,0.0015,0.0022
93,429.5679997450693,348495,93.0,0.0015,0.0022
94,429.5678001812707,347554,94.0,0.0015,0.0022
95,429.56790225846726,346609,95.0,0.0015,0.0022
96,429.56783302217207,345680,96.0,0.0015,0.0022
97,429.56787235861236,344748,97.0,0.0015,0.0022
98,429.5679642479395,343814,98.0,0.0015,0.0022
99,429.56774069043445,342883,99.0,0.0015,0.0022
100,429.56794012012165,341944,100.0,0.0015,0.0022
101,429.99748263647297,443016,0.0,0.0045,0.0022
102,429.56782697989274,443053,1.0,0.0045,0.0022
103,429.5676701020876,443899,2.0,0.0045,0.0022
104,429.56786870870496,444679,3.0,0.0045,0.0022
105,429.5674981252843,445410,4.0,0.0045,0.0022
106,429.5676831103781,446091,5.0,0.0045,0.0022
107,429.5676000139587,446701,6.0,0.0045,0.0022
108,429.56776266600804,447263,7.0,0.0045,0.0022
109,429.5677799785193,447789,8.0,0.0045,0.0022
110,429.56759159629274,448257,9.0,0.0045,0.0022
111,429.5675811479342,448672,10.0,0.0045,0.0022
112,429.567617230463,449039,11.0,0.0045,0.0022
113,429.5675713391442,449383,12.0,0.0045,0.0022
114,429.56754038234425,449677,13.0,0.0045,0.0022
115,429.5675670282345,449938,14.0,0.0045,0.0022
116,429.56768721545376,450157,15.0,0.0045,0.0022
117,429.56772806704544,450346,16.0,0.0045,0.0022
118,429.56774768944064,450507,17.0,0.0045,0.0022
119,429.5676551678493,450648,18.0,0.0045,0.0022
120,429.56762475112623,450767,19.0,0.0045,0.0022
121,429.56749642653045,450858,20.0,0.0045,0.0022
122,429.56770049086765,450922,21.0,0.0045,0.0022
123,429.56757097887817,450958,22.0,0.0045,0.0022
124,429.56761101722344,450979,23.0,0.0045,0.0022
125,429.5676647986049,450976,24.0,0.0045,0.0022
126,429.5677201419798,450949,25.0,0.0045,0.0022
127,429.5677493738776,450898,26.0,0.0045,0.0022
128,429.56775779069426,450833,27.0,0.0045,0.0022
129,429.56756135347604,450753,28.0,0.0045,0.0022
130,429.5676262292794,450655,29.0,0.0045,0.0022
131,429.5675921869231,450537,30.0,0.0045,0.0022
132,429.5675934070532,450401,31.0,0.0045,0.0022
133,429.56769645054135,450256,32.0,0.0045,0.0022
134,429.56761744330066,450094,33.0,0.0045,0.0022
135,429.5676243256713,449916,34.0,0.0045,0.0022
136,429.5677106913432,449722,35.0,0.0045,0.0022
137,429.5675579159601,449516,36.0,0.0045,0.0022
138,429.5675584309208,449299,37.0,0.0045,0.0022
139,429.56769802881314,449069,38.0,0.0045,0.0022
140,429.5677102696319,448825,39.0,0.0045,0.0022
141,429.5677188218692,448569,40.0,0.0045,0.0022
142,429.56753218129523,448306,41.0,0.0045,0.0022
143,429.567491309589,448033,42.0,0.0045,0.0022
144,429.56758088906327,447750,43.0,0.0045,0.0022
145,429.56755490519635,447456,44.0,0.0045,0.0022
146,429.5676269962859,447152,45.0,0.0045,0.0022
147,429.567532679074,446837,46.0,0.0045,0.0022
148,429.5677051387794,446513,47.0,0.0045,0.0022
149,429.56764293058546,446178,48.0,0.0045,0.0022
150,429.56770836965296,445835,49.0,0.0045,0.0022
151,429.5674912126645,445486,50.0,0.0045,0.0022
152,429.56765057800646,445130,51.0,0.0045,0.0022
153,429.56771371785845,444765,52.0,0.0045,0.0022
154,429.5676482917074,444391,53.0,0.0045,0.0022
155,429.56766198580846,444009,54.0,0.0045,0.0022
156,429.56750706490044,443618,55.0,0.0045,0.0022
157,429.5676682955223,443220,56.0,0.0045,0.0022
158,429.56765544093986,442813,57.0,0.0045,0.0022
159,429.5675573597164,442399,58.0,0.0045,0.0022
160,429.5676090916417,441982,59.0,0.0045,0.0022
161,429.56765370436995,441558,60.0,0.0045,0.0022
162,429.5676822789977,441127,61.0,0.0045,0.0022
163,429.56768641785635,440689,62.0,0.0045,0.0022
164,429.56765869552265,440245,63.0,0.0045,0.0022
165,429.56749911235664,439795,64.0,0.0045,0.0022
166,429.56761899740764,439341,65.0,0.0045,0.0022
167,429.5675542141626,438881,66.0,0.0045,0.0022
168,429.5675762198865,438417,67.0,0.0045,0.0022
169,429.5676598852842,437950,68.0,0.0045,0.0022
170,429.5675408349695,437477,69.0,0.0045,0.0022
171,429.5676778424456,437000,70.0,0.0045,0.0022
172,429.5676639894436,436517,71.0,0.0045,0.0022
173,429.5676666899978,436029,72.0,0.0045,0.0022
174,429.5676901277751,435536,73.0,0.0045,0.0022
175,429.56765171718456,435039,74.0,0.0045,0.0022
176,429.56763471438694,434539,75.0,0.0045,0.0022
177,429.5675847079012,434036,76.0,0.0045,0.0022
178,429.5676684602238,433531,77.0,0.0045,0.0022
179,429.5676269098587,433022,78.0,0.0045,0.0022
180,429.5675182108711,432509,79.0,0.0045,0.0022
181,429.5675832279033,431993,80.0,0.0045,0.0022
182,429.5676551864137,431473,81.0,0.0045,0.0022
183,429.5674998689937,430948,82.0,0.0045,0.0022
184,429.5674944173109,430421,83.0,0.0045,0.0022
185,429.56765519770784,429893,84.0,0.0045,0.0022
186,429.5676062357113,429362,85.0,0.0045,0.0022
187,429.5676211293773,428829,86.0,0.0045,0.0022
188,429.5674988108298,428293,87.0,0.0045,0.0022
189,429.5675196912304,427755,88.0,0.0045,0.0022
190,429.56757082892665,427214,89.0,0.0045,0.0022
191,429.5676325163137,426670,90.0,0.0045,0.0022
192,429.567618540536,426123,91.0,0.0045,0.0022
193,429.56761203771543,425575,92.0,0.0045,0.0022
194,429.56759132850027,425026,93.0,0.0045,0.0022
195,429.5676655265287,424476,94.0,0.0045,0.0022
196,429.5675828843701,423923,95.0,0.0045,0.0022
197,429.5675032829148,423368,96.0,0.0045,0.0022
198,429.5676845138092,422812,97.0,0.0045,0.0022
199,429.56761633430557,422252,98.0,0.0045,0.0022
200,429.56766139758184,421691,99.0,0.0045,0.0022
201,429.56757988977654,421129,100.0,0.0045,0.0022
202,429.99739012819265,443016,0.0,0.006,0.0022
203,429.5678205928031,443996,1.0,0.006,0.0022
204,429.56759544408766,445720,2.0,0.006,0.0022
205,429.56759818106275,447351,3.0,0.006,0.0022
206,429.567781559539,448892,4.0,0.006,0.0022
207,429.5675322015117,450320,5.0,0.006,0.0022
208,429.5675020419414,451661,6.0,0.006,0.0022
209,429.5677439732393,452924,7.0,0.006,0.0022
210,429.56772876674734,454082,8.0,0.006,0.0022
211,429.5675046094509,455180,9.0,0.006,0.0022
212,429.5675770122813,456195,10.0,0.006,0.0022
213,429.56762908237783,457158,11.0,0.006,0.0022
214,429.56746422666396,458068,12.0,0.006,0.0022
215,429.5676627627653,458925,13.0,0.006,0.0022
216,429.5676157290273,459725,14.0,0.006,0.0022
217,429.56748215339576,460477,15.0,0.006,0.0022
218,429.5676465552209,461193,16.0,0.006,0.0022
219,429.56741856417403,461840,17.0,0.006,0.0022
220,429.5676492764711,462457,18.0,0.006,0.0022
221,429.5675708718679,463045,19.0,0.006,0.0022
222,429.5675710355776,463578,20.0,0.006,0.0022
223,429.5676016364729,464076,21.0,0.006,0.0022
224,429.567416032751,464553,22.0,0.006,0.0022
225,429.5674894947301,464990,23.0,0.006,0.0022
226,429.5674577060306,465390,24.0,0.006,0.0022
227,429.56748356778616,465765,25.0,0.006,0.0022
228,429.5674704389442,466116,26.0,0.006,0.0022
229,429.56745059094163,466437,27.0,0.006,0.0022
230,429.5675766521462,466738,28.0,0.006,0.0022
231,429.5674309187211,467012,29.0,0.006,0.0022
232,429.5675471572051,467267,30.0,0.006,0.0022
233,429.5675435744737,467498,31.0,0.006,0.0022
234,429.5675442846106,467699,32.0,0.006,0.0022
235,429.56750309779034,467870,33.0,0.006,0.0022
236,429.5675162019271,468031,34.0,0.006,0.0022
237,429.56740912421833,468171,35.0,0.006,0.0022
238,429.5675172065366,468292,36.0,0.006,0.0022
239,429.56750075237704,468388,37.0,0.006,0.0022
240,429.56746038970607,468458,38.0,0.006,0.0022
241,429.5675782261835,468503,39.0,0.006,0.0022
242,429.56750549259823,468535,40.0,0.006,0.0022
243,429.56747596040435,468555,41.0,0.006,0.0022
244,429.5674090501747,468557,42.0,0.006,0.0022
245,429.5675124581464,468542,43.0,0.006,0.0022
246,429.5674733281461,468508,44.0,0.006,0.0022
247,429.5674568575545,468454,45.0,0.006,0.0022
248,429.5674655614347,468384,46.0,0.006,0.0022
249,429.5674623894478,468307,47.0,0.006,0.0022
250,429.5674372629422,468214,48.0,0.006,0.0022
251,429.5675568925678,468106,49.0,0.006,0.0022
252,429.5675525618193,467982,50.0,0.006,0.0022
253,429.56759612904835,467843,51.0,0.006,0.0022
254,429.56749314165256,467688,52.0,0.006,0.0022
255,429.56744766618436,467529,53.0,0.006,0.0022
256,429.56748508721734,467359,54.0,0.006,0.0022
257,429.5675260028353,467177,55.0,0.006,0.0022
258,429.56739372759745,466982,56.0,0.006,0.0022
259,429.56751080398146,466776,57.0,0.006,0.0022
260,429.5674574253995,466557,58.0,0.006,0.0022
261,429.56751734435295,466331,59.0,0.006,0.0022
262,429.56751243896923,466098,60.0,0.006,0.0022
263,429.5675077470983,465855,61.0,0.006,0.0022
264,429.5674938225405,465602,62.0,0.006,0.0022
265,429.5674478957604,465339,63.0,0.006,0.0022
266,429.56756336719315,465067,64.0,0.006,0.0022
267,429.56752506728924,464786,65.0,0.006,0.0022
268,429.5674975492232,464503,66.0,0.006,0.0022
269,429.56753798434204,464213,67.0,0.006,0.0022
270,429.56745946251544,463915,68.0,0.006,0.0022
271,429.5674224817733,463610,69.0,0.006,0.0022
272,429.56743439695776,463298,70.0,0.006,0.0022
273,429.56749759072983,462979,71.0,0.006,0.0022
274,429.5675814098125,462653,72.0,0.006,0.0022
275,429.5675010017708,462319,73.0,0.006,0.0022
276,429.5674331053764,461978,74.0,0.006,0.0022
277,429.5674858781303,461632,75.0,0.006,0.0022
278,429.56758256528036,461285,76.0,0.006,0.0022
279,429.56742895315836,460931,77.0,0.006,0.0022
280,429.56740677560344,460572,78.0,0.006,0.0022
281,429.56752108455436,460208,79.0,0.006,0.0022
282,429.56754113754107,459838,80.0,0.006,0.0022
283,429.56747507502797,459462,81.0,0.006,0.0022
284,429.5674881369689,459081,82.0,0.006,0.0022
285,429.5675512427938,458695,83.0,0.006,0.0022
286,429.5674845118408,458303,84.0,0.006,0.0022
287,429.56741688011,457907,85.0,0.006,0.0022
288,429.5674900830323,457512,86.0,0.006,0.0022
289,429.56757185321896,457113,87.0,0.006,0.0022
290,429.56745590122483,456709,88.0,0.006,0.0022
291,429.5674928524859,456302,89.0,0.006,0.0022
292,429.5675186998061,455891,90.0,0.006,0.0022
293,429.5674923837825,455476,91.0,0.006,0.0022
294,429.5674022081116,455057,92.0,0.006,0.0022
295,429.5674487696754,454635,93.0,0.006,0.0022
296,429.56741574278357,454209,94.0,0.006,0.0022
297,429.5675300952416,453781,95.0,0.006,0.0022
298,429.56750211283605,453352,96.0,0.006,0.0022
299,429.5674209622216,452920,97.0,0.006,0.0022
300,429.5674999457675,452486,98.0,0.006,0.0022
301,429.56752929958935,452049,99.0,0.006,0.0022
302,429.5675164877779,451609,100.0,0.006,0.0022
303,429.997729326921,443016,0.0,0.0005,0.0022
304,429.5680520437583,440556,1.0,0.0005,0.0022
305,429.56783003125236,438946,2.0,0.0005,0.0022
306,429.56801231142845,437321,3.0,0.0005,0.0022
307,429.56794705852894,435720,4.0,0.0005,0.0022
308,429.568242304253,434118,5.0,0.0005,0.0022
309,429.56813884801926,432513,6.0,0.0005,0.0022
310,429.56812041796957,430935,7.0,0.0005,0.0022
311,429.5680812281565,429340,8.0,0.0005,0.0022
312,429.56802849459916,427772,9.0,0.0005,0.0022
313,429.5679912040308,426202,10.0,0.0005,0.0022
314,429.5678926901229,424629,11.0,0.0005,0.0022
315,429.56819482208095,423083,12.0,0.0005,0.0022
316,429.568168889736,421520,13.0,0.0005,0.0022
317,429.5678626552921,419984,14.0,0.0005,0.0022
318,429.5682043481733,418443,15.0,0.0005,0.0022
319,429.5679819410045,416908,16.0,0.0005,0.0022
320,429.56790180516964,415387,17.0,0.0005,0.0022
321,429.5678640592114,413851,18.0,0.0005,0.0022
322,429.56805617554534,412353,19.0,0.0005,0.0022
323,429.56782936664456,410836,20.0,0.0005,0.0022
324,429.5678893369981,409336,21.0,0.0005,0.0022
325,429.56820720306865,407843,22.0,0.0005,0.0022
326,429.56788825531453,406342,23.0,0.0005,0.0022
327,429.5681927800633,404868,24.0,0.0005,0.0022
328,429.56808667630764,403376,25.0,0.0005,0.0022
329,429.5679989170662,401915,26.0,0.0005,0.0022
330,429.56789881781157,400441,27.0,0.0005,0.0022
331,429.5678707757946,398980,28.0,0.0005,0.0022
332,429.56816805278385,397529,29.0,0.0005,0.0022
333,429.5677486123978,396066,30.0,0.0005,0.0022
334,429.56793234205287,394633,31.0,0.0005,0.0022
335,429.56787450416493,393182,32.0,0.0005,0.0022
336,429.5678348285559,391759,33.0,0.0005,0.0022
337,429.56775274439343,390324,34.0,0.0005,0.0022
338,429.56785791550556,388906,35.0,0.0005,0.0022
339,429.56774617684164,387489,36.0,0.0005,0.0022
340,429.56810024447,386071,37.0,0.0005,0.0022
341,429.5680756607381,384674,38.0,0.0005,0.0022
342,429.56789350791064,383256,39.0,0.0005,0.0022
343,429.56789598410535,381867,40.0,0.0005,0.0022
344,429.56801765518964,380459,41.0,0.0005,0.0022
345,429.56802309244887,379076,42.0,0.0005,0.0022
346,429.5678191204935,377687,43.0,0.0005,0.0022
347,429.56819321312213,376311,44.0,0.0005,0.0022
348,429.5681230946542,374942,45.0,0.0005,0.0022
349,429.56785216651815,373561,46.0,0.0005,0.0022
350,429.567945561304,372204,47.0,0.0005,0.0022
351,429.567924233719,370832,48.0,0.0005,0.0022
352,429.56794106808223,369495,49.0,0.0005,0.0022
353,429.5679126850883,368141,50.0,0.0005,0.0022
354,429.5681208920321,366812,51.0,0.0005,0.0022
355,429.5679867474255,365465,52.0,0.0005,0.0022
356,429.56818612012074,364136,53.0,0.0005,0.0022
357,429.5680291965466,362808,54.0,0.0005,0.0022
358,429.5679432354008,361487,55.0,0.0005,0.0022
359,429.5682093624757,360180,56.0,0.0005,0.0022
360,429.5680875234132,358861,57.0,0.0005,0.0022
361,429.5679978045592,357560,58.0,0.0005,0.0022
362,429.5678602705679,356245,59.0,0.0005,0.0022
363,429.5678732658388,354962,60.0,0.0005,0.0022
364,429.56780772186335,353661,61.0,0.0005,0.0022
365,429.56787405258723,352393,62.0,0.0005,0.0022
366,429.56791750265234,351099,63.0,0.0005,0.0022
367,429.5680455839975,349830,64.0,0.0005,0.0022
368,429.5680775480003,348551,65.0,0.0005,0.0022
369,429.5679438506156,347291,66.0,0.0005,0.0022
370,429.5682161099182,346030,67.0,0.0005,0.0022
371,429.56779116974616,344779,68.0,0.0005,0.0022
372,429.56796248578735,343524,69.0,0.0005,0.0022
373,429.5681202653955,342274,70.0,0.0005,0.0022
374,429.5681253194184,341034,71.0,0.0005,0.0022
375,429.5677429631959,339793,72.0,0.0005,0.0022
376,429.56792146701247,338570,73.0,0.0005,0.0022
377,429.5680911566583,337338,74.0,0.0005,0.0022
378,429.56776411423647,336119,75.0,0.0005,0.0022
379,429.5679454506529,334890,76.0,0.0005,0.0022
380,429.5678396730721,333686,77.0,0.0005,0.0022
381,429.56780241472745,332468,78.0,0.0005,0.0022
382,429.56806085163265,331280,79.0,0.0005,0.0022
383,429.56805015096876,330069,80.0,0.0005,0.0022
384,429.56779599843446,328883,81.0,0.0005,0.0022
385,429.56799411364113,327680,82.0,0.0005,0.0022
386,429.5681387473091,326507,83.0,0.0005,0.0022
387,429.5677521178555,325316,84.0,0.0005,0.0022
388,429.56775059767295,324156,85.0,0.0005,0.0022
389,429.5681973427562,322972,86.0,0.0005,0.0022
390,429.5677878438357,321813,87.0,0.0005,0.0022
391,429.56809652283505,320639,88.0,0.0005,0.0022
392,429.56782023215385,319492,89.0,0.0005,0.0022
393,429.5681369508847,318331,90.0,0.0005,0.0022
394,429.5678238913981,317196,91.0,0.0005,0.0022
395,429.5678799942854,316038,92.0,0.0005,0.0022
396,429.5681396433645,314907,93.0,0.0005,0.0022
397,429.5681071255909,313760,94.0,0.0005,0.0022
398,429.56795195773134,312640,95.0,0.0005,0.0022
399,429.5681611722167,311506,96.0,0.0005,0.0022
400,429.5679754503764,310396,97.0,0.0005,0.0022
401,429.5682240130497,309265,98.0,0.0005,0.0022
402,429.56803893437257,308160,99.0,0.0005,0.0022
403,429.5678817921802,307039,100.0,0.0005,0.0022
404,429.99763681773777,443016,0.0,0.002,0.0022
405,429.56774627742254,441506,1.0,0.002,0.0022
406,429.56766167805455,440810,2.0,0.002,0.0022
407,429.56784410154444,440103,3.0,0.002,0.0022
408,429.5679045403613,439412,4.0,0.002,0.0022
409,429.56796345286443,438711,5.0,0.002,0.0022
410,429.56781217315336,437994,6.0,0.002,0.0022
411,429.5679467131347,437261,7.0,0.002,0.0022
412,429.56805062109794,436536,8.0,0.002,0.0022
413,429.5678296601103,435802,9.0,0.002,0.0022
414,429.5679635140539,435053,10.0,0.002,0.0022
415,429.56768616023584,434284,11.0,0.002,0.0022
416,429.5676647368571,433531,12.0,0.002,0.0022
417,429.56771735194656,432771,13.0,0.002,0.0022
418,429.5676761977337,431989,14.0,0.002,0.0022
419,429.5679557906205,431198,15.0,0.002,0.0022
420,429.56775070910334,430423,16.0,0.002,0.0022
421,429.567639690385,429629,17.0,0.002,0.0022
422,429.5678510579786,428822,18.0,0.002,0.0022
423,429.5678101464833,428015,19.0,0.002,0.0022
424,429.5678770602486,427212,20.0,0.002,0.0022
425,429.5678927265154,426394,21.0,0.002,0.0022
426,429.56787814808035,425564,22.0,0.002,0.0022
427,429.56777873720927,424742,23.0,0.002,0.0022
428,429.5680055410507,423909,24.0,0.002,0.0022
429,429.56798596227384,423060,25.0,0.002,0.0022
430,429.5679367674572,422208,26.0,0.002,0.0022
431,429.5679503633015,421366,27.0,0.002,0.0022
432,429.56798474096615,420513,28.0,0.002,0.0022
433,429.5679044961295,419649,29.0,0.002,0.0022
434,429.56779535165396,418790,30.0,0.002,0.0022
435,429.5679766618843,417924,31.0,0.002,0.0022
436,429.56796600905693,417046,32.0,0.002,0.0022
437,429.5676824158057,416178,33.0,0.002,0.0022
438,429.56793195184406,415316,34.0,0.002,0.0022
439,429.5678407206949,414446,35.0,0.002,0.0022
440,429.56779931469595,413564,36.0,0.002,0.0022
441,429.5678388789849,412689,37.0,0.002,0.0022
442,429.5679151772324,411804,38.0,0.002,0.0022
443,429.5678807864367,410914,39.0,0.002,0.0022
444,429.5678327945948,410041,40.0,0.002,0.0022
445,429.56764691376105,409163,41.0,0.002,0.0022
446,429.56781548554017,408274,42.0,0.002,0.0022
447,429.56777219262096,407389,43.0,0.002,0.0022
448,429.56790747230184,406501,44.0,0.002,0.0022
449,429.5679100834788,405603,45.0,0.002,0.0022
450,429.5678172300906,404717,46.0,0.002,0.0022
451,429.5676892545381,403835,47.0,0.002,0.0022
452,429.5677232986235,402947,48.0,0.002,0.0022
453,429.56782610638146,402051,49.0,0.002,0.0022
454,429.5679008662567,401162,50.0,0.002,0.0022
455,429.5677096031056,400263,51.0,0.002,0.0022
456,429.56788460411855,399367,52.0,0.002,0.0022
457,429.5678280190972,398483,53.0,0.002,0.0022
458,429.5677002176199,397593,54.0,0.002,0.0022
459,429.5679174162742,396696,55.0,0.002,0.0022
460,429.56781446735397,395806,56.0,0.002,0.0022
461,429.5676521224978,394909,57.0,0.002,0.0022
462,429.56794277712413,394009,58.0,0.002,0.0022
463,429.567860138698,393123,59.0,0.002,0.0022
464,429.5677190155115,392234,60.0,0.002,0.0022
465,429.56776567284487,391339,61.0,0.002,0.0022
466,429.5678476002079,390449,62.0,0.002,0.0022
467,429.5677688456357,389556,63.0,0.002,0.0022
468,429.56783766453333,388656,64.0,0.002,0.0022
469,429.56788617960297,387769,65.0,0.002,0.0022
470,429.56773477033283,386883,66.0,0.002,0.0022
471,429.56791690661277,385992,67.0,0.002,0.0022
472,429.5677345167568,385103,68.0,0.002,0.0022
473,429.56793032061194,384216,69.0,0.002,0.0022
474,429.5678333422911,383320,70.0,0.002,0.0022
475,429.5677625108562,382432,71.0,0.002,0.0022
476,429.5677603577178,381551,72.0,0.002,0.0022
477,429.56772455796073,380664,73.0,0.002,0.0022
478,429.56787695470786,379780,74.0,0.002,0.0022
479,429.56779164865907,378898,75.0,0.002,0.0022
480,429.56769402041203,378009,76.0,0.002,0.0022
481,429.5678695625269,377123,77.0,0.002,0.0022
482,429.5677803459803,376247,78.0,0.002,0.0022
483,429.5679041772295,375367,79.0,0.002,0.0022
484,429.56764328800307,374487,80.0,0.002,0.0022
485,429.56765348855146,373608,81.0,0.002,0.0022
486,429.56773999777545,372723,82.0,0.002,0.0022
487,429.5678195901373,371835,83.0,0.002,0.0022
488,429.56781891793963,370958,84.0,0.002,0.0022
489,429.5678326884277,370077,85.0,0.002,0.0022
490,429.56782263716855,369193,86.0,0.002,0.0022
491,429.56766736118914,368321,87.0,0.002,0.0022
492,429.5676744638111,367448,88.0,0.002,0.0022
493,429.5679077021423,366573,89.0,0.002,0.0022
494,429.5677381227395,365710,90.0,0.002,0.0022
495,429.56791312281183,364835,91.0,0.002,0.0022
496,429.56767408158805,363953,92.0,0.002,0.0022
497,429.5677248032004,363083,93.0,0.002,0.0022
498,429.567732219822,362214,94.0,0.002,0.0022
499,429.56773594109706,361340,95.0,0.002,0.0022
500,429.56772762625957,360477,96.0,0.002,0.0022
501,429.5677363421011,359618,97.0,0.002,0.0022
502,429.56778902389647,358755,98.0,0.002,0.0022
503,429.56764488405696,357902,99.0,0.002,0.0022
504,429.5678066879044,357057,100.0,0.002,0.0022
505,429.9974209642459,443016,0.0,0.0055,0.0022
506,429.56770111152247,443684,1.0,0.0055,0.0022
507,429.56782256080476,445106,2.0,0.0055,0.0022
508,429.56773396562005,446476,3.0,0.0055,0.0022
509,429.5676884820162,447734,4.0,0.0055,0.0022
510,429.5675401856461,448925,5.0,0.0055,0.0022
511,429.56769240356704,450029,6.0,0.0055,0.0022
512,429.5675226339729,451067,7.0,0.0055,0.0022
513,429.56775330497544,452016,8.0,0.0055,0.0022
514,429.56751919180044,452915,9.0,0.0055,0.0022
515,429.56775897310933,453731,10.0,0.0055,0.0022
516,429.5675833993752,454505,11.0,0.0055,0.0022
517,429.56772312490705,455219,12.0,0.0055,0.0022
518,429.5675882520109,455888,13.0,0.0055,0.0022
519,429.56742552563867,456528,14.0,0.0055,0.0022
520,429.56765772039233,457113,15.0,0.0055,0.0022
521,429.56760726303304,457650,16.0,0.0055,0.0022
522,429.56770740600655,458164,17.0,0.0055,0.0022
523,429.56742524405826,458632,18.0,0.0055,0.0022
524,429.5675522869299,459048,19.0,0.0055,0.0022
525,429.5676639374509,459444,20.0,0.0055,0.0022
526,429.5675112121533,459813,21.0,0.0055,0.0022
527,429.5674876084162,460144,22.0,0.0055,0.0022
528,429.5676299475982,460443,23.0,0.0055,0.0022
529,429.56762382559043,460716,24.0,0.0055,0.0022
530,429.56761753355937,460961,25.0,0.0055,0.0022
531,429.5676482355687,461181,26.0,0.0055,0.0022
532,429.56762511828066,461384,27.0,0.0055,0.0022
533,429.5674418668715,461558,28.0,0.0055,0.0022
534,429.56762388284506,461705,29.0,0.0055,0.0022
535,429.5675760742741,461831,30.0,0.0055,0.0022
536,429.56756607924336,461946,31.0,0.0055,0.0022
537,429.56762763261696,462045,32.0,0.0055,0.0022
538,429.5674610362306,462124,33.0,0.0055,0.0022
539,429.5675580327496,462182,34.0,0.0055,0.0022
540,429.56744133804926,462217,35.0,0.0055,0.0022
541,429.5675904244936,462231,36.0,0.0055,0.0022
542,429.56751794645186,462228,37.0,0.0055,0.0022
543,429.5676309872064,462215,38.0,0.0055,0.0022
544,429.56754976037996,462184,39.0,0.0055,0.0022
545,429.5675058138137,462136,40.0,0.0055,0.0022
546,429.56756902808104,462071,41.0,0.0055,0.0022
547,429.5675713227938,461988,42.0,0.0055,0.0022
548,429.5675359262896,461886,43.0,0.0055,0.0022
549,429.5675085057918,461771,44.0,0.0055,0.0022
550,429.5674555456762,461650,45.0,0.0055,0.0022
551,429.56758972421017,461515,46.0,0.0055,0.0022
552,429.56745371620667,461364,47.0,0.0055,0.0022
553,429.5674759308225,461199,48.0,0.0055,0.0022
554,429.56763934454926,461020,49.0,0.0055,0.0022
555,429.56751313283365,460825,50.0,0.0055,0.0022
556,429.567557679089,460620,51.0,0.0055,0.0022
557,429.56750526223783,460410,52.0,0.0055,0.0022
558,429.5675431679577,460189,53.0,0.0055,0.0022
559,429.56745672029353,459956,54.0,0.0055,0.0022
560,429.5674321674739,459712,55.0,0.0055,0.0022
561,429.56747821370635,459457,56.0,0.0055,0.0022
562,429.5675897135722,459191,57.0,0.0055,0.0022
563,429.56747644906557,458915,58.0,0.0055,0.0022
564,429.56755346684406,458636,59.0,0.0055,0.0022
565,429.56743159515196,458347,60.0,0.0055,0.0022
566,429.5674947366305,458050,61.0,0.0055,0.0022
567,429.5675488828638,457744,62.0,0.0055,0.0022
568,429.56757394112884,457429,63.0,0.0055,0.0022
569,429.5675454644779,457105,64.0,0.0055,0.0022
570,429.56760961860016,456774,65.0,0.0055,0.0022
571,429.56752970555453,456439,66.0,0.0055,0.0022
572,429.56745865457265,456097,67.0,0.0055,0.0022
573,429.56760135293854,455749,68.0,0.0055,0.0022
574,429.5675470612911,455393,69.0,0.0055,0.0022
575,429.56746924700906,455030,70.0,0.0055,0.0022
576,429.56756977506535,454661,71.0,0.0055,0.0022
577,429.56746897346204,454285,72.0,0.0055,0.0022
578,429.5675239229069,453908,73.0,0.0055,0.0022
579,429.5674777647142,453525,74.0,0.0055,0.0022
580,429.5674947466647,453137,75.0,0.0055,0.0022
581,429.5675823182795,452744,76.0,0.0055,0.0022
582,429.56754161052874,452345,77.0,0.0055,0.0022
583,429.5675313393569,451941,78.0,0.0055,0.0022
584,429.567574238382,451532,79.0,0.0055,0.0022
585,429.5674304323466,451117,80.0,0.0055,0.0022
586,429.56743525363606,450698,81.0,0.0055,0.0022
587,429.5674546066573,450275,82.0,0.0055,0.0022
588,429.567524466089,449851,83.0,0.0055,0.0022
589,429.5675670532313,449423,84.0,0.0055,0.0022
590,429.5675808901929,448991,85.0,0.0055,0.0022
591,429.5675634945146,448555,86.0,0.0055,0.0022
592,429.56748812603496,448115,87.0,0.0055,0.0022
593,429.56753745889193,447672,88.0,0.0055,0.0022
594,429.56752909683775,447225,89.0,0.0055,0.0022
595,429.56743479296307,446774,90.0,0.0055,0.0022
596,429.5674449441888,446320,91.0,0.0055,0.0022
597,429.5674762983775,445863,92.0,0.0055,0.0022
598,429.56750117579645,445405,93.0,0.0055,0.0022
599,429.56756477382595,444944,94.0,0.0055,0.0022
600,429.56743317628406,444479,95.0,0.0055,0.0022
601,429.5674874232299,444012,96.0,0.0055,0.0022
602,429.5674309090969,443542,97.0,0.0055,0.0022
603,429.5674245567923,443070,98.0,0.0055,0.0022
604,429.56747252269923,442596,99.0,0.0055,0.0022
605,429.56756849738525,442120,100.0,0.0055,0.0022
606,429.99754430886037,443016,0.0,0.0035,0.0022
607,429.56768566350485,442433,1.0,0.0035,0.0022
608,429.56766505952044,442655,2.0,0.0035,0.0022
609,429.5677889708831,442863,3.0,0.0035,0.0022
610,429.56756220376934,443041,4.0,0.0035,0.0022
611,429.56755310958334,443185,5.0,0.0035,0.0022
612,429.5676203273811,443294,6.0,0.0035,0.0022
613,429.56794316884555,443368,7.0,0.0035,0.0022
614,429.56780148908337,443408,8.0,0.0035,0.0022
615,429.5677571266673,443418,9.0,0.0035,0.0022
616,429.56756935595695,443400,10.0,0.0035,0.0022
617,429.56759657145517,443352,11.0,0.0035,0.0022
618,429.5676155132219,443278,12.0,0.0035,0.0022
619,429.56760356051865,443179,13.0,0.0035,0.0022
620,429.56767241854726,443052,14.0,0.0035,0.0022
621,429.56788094069054,442903,15.0,0.0035,0.0022
622,429.56778646452693,442733,16.0,0.0035,0.0022
623,429.5675864005759,442539,17.0,0.0035,0.0022
624,429.5675548921886,442326,18.0,0.0035,0.0022
625,429.5675962720289,442096,19.0,0.0035,0.0022
626,429.56760328248663,441846,20.0,0.0035,0.0022
627,429.5676300015867,441579,21.0,0.0035,0.0022
628,429.56767126607474,441297,22.0,0.0035,0.0022
629,429.567713182498,440998,23.0,0.0035,0.0022
630,429.5678465590336,440685,24.0,0.0035,0.0022
631,429.56762643388765,440359,25.0,0.0035,0.0022
632,429.5676831388501,440020,26.0,0.0035,0.0022
633,429.56769062041514,439667,27.0,0.0035,0.0022
634,429.56765799338234,439300,28.0,0.0035,0.0022
635,429.5675542776055,438919,29.0,0.0035,0.0022
636,429.56776237952124,438528,30.0,0.0035,0.0022
637,429.56755390067553,438128,31.0,0.0035,0.0022
638,429.56777484135944,437720,32.0,0.0035,0.0022
639,429.5677168896527,437301,33.0,0.0035,0.0022
640,429.5675822249054,436871,34.0,0.0035,0.0022
641,429.5677750761524,436431,35.0,0.0035,0.0022
642,429.5676639655898,435980,36.0,0.0035,0.0022
643,429.56767331409117,435521,37.0,0.0035,0.0022
644,429.5676834120885,435052,38.0,0.0035,0.0022
645,429.5676147547574,434573,39.0,0.0035,0.0022
646,429.5676263461417,434087,40.0,0.0035,0.0022
647,429.56756774979095,433596,41.0,0.0035,0.0022
648,429.5675970427139,433100,42.0,0.0035,0.0022
649,429.5675522534196,432597,43.0,0.0035,0.0022
650,429.5677808300495,432087,44.0,0.0035,0.0022
651,429.5677673527812,431568,45.0,0.0035,0.0022
652,429.567717675918,431041,46.0,0.0035,0.0022
653,429.56775320961447,430507,47.0,0.0035,0.0022
654,429.56765760958103,429969,48.0,0.0035,0.0022
655,429.56759541457745,429428,49.0,0.0035,0.0022
656,429.5676163368072,428883,50.0,0.0035,0.0022
657,429.5676359538451,428332,51.0,0.0035,0.0022
658,429.5675749899547,427774,52.0,0.0035,0.0022
659,429.56761800813314,427210,53.0,0.0035,0.0022
660,429.5676133322461,426640,54.0,0.0035,0.0022
661,429.56757298707686,426067,55.0,0.0035,0.0022
662,429.5676757848881,425493,56.0,0.0035,0.0022
663,429.56762440876105,424915,57.0,0.0035,0.0022
664,429.5676373619349,424332,58.0,0.0035,0.0022
665,429.567549253185,423743,59.0,0.0035,0.0022
666,429.5675848822805,423149,60.0,0.0035,0.0022
667,429.56755635186437,422550,61.0,0.0035,0.0022
668,429.5676748462903,421951,62.0,0.0035,0.0022
669,429.56762484230785,421349,63.0,0.0035,0.0022
670,429.5677049237007,420743,64.0,0.0035,0.0022
671,429.56764778348963,420131,65.0,0.0035,0.0022
672,429.5676283042956,419514,66.0,0.0035,0.0022
673,429.56765335842437,418896,67.0,0.0035,0.0022
674,429.56774897242366,418279,68.0,0.0035,0.0022
675,429.5675850738901,417660,69.0,0.0035,0.0022
676,429.567576831772,417038,70.0,0.0035,0.0022
677,429.56768768929214,416408,71.0,0.0035,0.0022
678,429.567639112758,415773,72.0,0.0035,0.0022
679,429.5677559033424,415139,73.0,0.0035,0.0022
680,429.56772626758556,414505,74.0,0.0035,0.0022
681,429.56755745871055,413869,75.0,0.0035,0.0022
682,429.5677368459697,413231,76.0,0.0035,0.0022
683,429.56760851041565,412588,77.0,0.0035,0.0022
684,429.56769546061423,411945,78.0,0.0035,0.0022
685,429.56769520023875,411304,79.0,0.0035,0.0022
686,429.56755525490183,410663,80.0,0.0035,0.0022
687,429.567626247094,410015,81.0,0.0035,0.0022
688,429.5676662933921,409363,82.0,0.0035,0.0022
689,429.56775020458343,408708,83.0,0.0035,0.0022
690,429.567676203368,408054,84.0,0.0035,0.0022
691,429.5677750359144,407402,85.0,0.0035,0.0022
692,429.56755122150986,406748,86.0,0.0035,0.0022
693,429.56766737978353,406093,87.0,0.0035,0.0022
694,429.56770586405287,405435,88.0,0.0035,0.0022
695,429.5677699596826,404779,89.0,0.0035,0.0022
696,429.56756440938284,404124,90.0,0.0035,0.0022
697,429.5677669866441,403465,91.0,0.0035,0.0022
698,429.567620116909,402802,92.0,0.0035,0.0022
699,429.56755926608133,402136,93.0,0.0035,0.0022
700,429.5676056998277,401471,94.0,0.0035,0.0022
701,429.5675952619099,400808,95.0,0.0035,0.0022
702,429.567588721044,400146,96.0,0.0035,0.0022
703,429.56759382536814,399483,97.0,0.0035,0.0022
704,429.56768785607113,398818,98.0,0.0035,0.0022
705,429.5675645489702,398153,99.0,0.0035,0.0022
706,429.5677287368073,397492,100.0,0.0035,0.0022
707,429.9973592921808,443016,0.0,0.0065,0.0022
708,429.5673705632208,444304,1.0,0.0065,0.0022
709,429.5676063671333,446331,2.0,0.0065,0.0022
710,429.5673735680014,448237,3.0,0.0065,0.0022
711,429.5676776778039,450013,4.0,0.0065,0.0022
712,429.56747666107583,451705,5.0,0.0065,0.0022
713,429.56745734871043,453282,6.0,0.0065,0.0022
714,429.56755373455604,454737,7.0,0.0065,0.0022
715,429.5674577600554,456121,8.0,0.0065,0.0022
716,429.56766449135745,457411,9.0,0.0065,0.0022
717,429.56764786818115,458617,10.0,0.0065,0.0022
718,429.56759873527244,459783,11.0,0.0065,0.0022
719,429.5676049716619,460865,12.0,0.0065,0.0022
720,429.5674698832945,461898,13.0,0.0065,0.0022
721,429.56738398347574,462867,14.0,0.0065,0.0022
722,429.5675180713631,463784,15.0,0.0065,0.0022
723,429.56740291081917,464636,16.0,0.0065,0.0022
724,429.5675068445902,465453,17.0,0.0065,0.0022
725,429.56748866606193,466219,18.0,0.0065,0.0022
726,429.5673626986984,466930,19.0,0.0065,0.0022
727,429.5675154929489,467621,20.0,0.0065,0.0022
728,429.5674165960223,468257,21.0,0.0065,0.0022
729,429.56752285102226,468854,22.0,0.0065,0.0022
730,429.5674338340056,469429,23.0,0.0065,0.0022
731,429.5674650045627,469957,24.0,0.0065,0.0022
732,429.5673777403406,470456,25.0,0.0065,0.0022
733,429.56741310848696,470940,26.0,0.0065,0.0022
734,429.5675632591036,471390,27.0,0.0065,0.0022
735,429.56745929033445,471801,28.0,0.0065,0.0022
736,429.5675287723052,472184,29.0,0.0065,0.0022
737,429.5675802793437,472539,30.0,0.0065,0.0022
738,429.5675139007225,472874,31.0,0.0065,0.0022
739,429.56737158791344,473177,32.0,0.0065,0.0022
740,429.5675075602047,473455,33.0,0.0065,0.0022
741,429.56740188437493,473707,34.0,0.0065,0.0022
742,429.56752451399234,473927,35.0,0.0065,0.0022
743,429.5674200171663,474116,36.0,0.0065,0.0022
744,429.56747176869015,474296,37.0,0.0065,0.0022
745,429.5673838283498,474454,38.0,0.0065,0.0022
746,429.56753974211034,474592,39.0,0.0065,0.0022
747,429.56747758470146,474703,40.0,0.0065,0.0022
748,429.5673938512954,474787,41.0,0.0065,0.0022
749,429.56745753405227,474852,42.0,0.0065,0.0022
750,429.56744429278194,474906,43.0,0.0065,0.0022
751,429.56750004445905,474942,44.0,0.0065,0.0022
752,429.5673967885582,474959,45.0,0.0065,0.0022
753,429.5675092589851,474958,46.0,0.0065,0.0022
754,429.5674631122688,474935,47.0,0.0065,0.0022
755,429.56744674984355,474899,48.0,0.0065,0.0022
756,429.567473813643,474851,49.0,0.0065,0.0022
757,429.56737271387107,474786,50.0,0.0065,0.0022
758,429.567460122315,474706,51.0,0.0065,0.0022
759,429.56745755141253,474610,52.0,0.0065,0.0022
760,429.5674162440749,474498,53.0,0.0065,0.0022
761,429.56737648511745,474379,54.0,0.0065,0.0022
762,429.56752524572175,474250,55.0,0.0065,0.0022
763,429.56741263577146,474107,56.0,0.0065,0.0022
764,429.5673786885396,473951,57.0,0.0065,0.0022
765,429.5674315950156,473782,58.0,0.0065,0.0022
766,429.5674945623652,473600,59.0,0.0065,0.0022
767,429.5674734777298,473416,60.0,0.0065,0.0022
768,429.56741232092963,473222,61.0,0.0065,0.0022
769,429.56746950144293,473019,62.0,0.0065,0.0022
770,429.5674216158762,472806,63.0,0.0065,0.0022
771,429.56748729185585,472584,64.0,0.0065,0.0022
772,429.5674376170011,472352,65.0,0.0065,0.0022
773,429.56745147559326,472111,66.0,0.0065,0.0022
774,429.5675484597758,471861,67.0,0.0065,0.0022
775,429.5674939024631,471601,68.0,0.0065,0.0022
776,429.567488986236,471332,69.0,0.0065,0.0022
777,429.56739460501586,471063,70.0,0.0065,0.0022
778,429.56738704818696,470787,71.0,0.0065,0.0022
779,429.56747941629504,470504,72.0,0.0065,0.0022
780,429.56745803731786,470213,73.0,0.0065,0.0022
781,429.56752111365734,469915,74.0,0.0065,0.0022
782,429.567473165048,469609,75.0,0.0065,0.0022
783,429.5674747634364,469296,76.0,0.0065,0.0022
784,429.56754204596797,468976,77.0,0.0065,0.0022
785,429.5674596952689,468648,78.0,0.0065,0.0022
786,429.56738416731105,468313,79.0,0.0065,0.0022
787,429.567366526125,467981,80.0,0.0065,0.0022
788,429.56739380448323,467644,81.0,0.0065,0.0022
789,429.5674900436573,467302,82.0,0.0065,0.0022
790,429.5674379072967,466954,83.0,0.0065,0.0022
791,429.56742332972135,466601,84.0,0.0065,0.0022
792,429.56745251098005,466243,85.0,0.0065,0.0022
793,429.5674916798999,465880,86.0,0.0065,0.0022
794,429.56754407075374,465512,87.0,0.0065,0.0022
795,429.56741183519136,465138,88.0,0.0065,0.0022
796,429.5674215958327,464760,89.0,0.0065,0.0022
797,429.56749814583424,464384,90.0,0.0065,0.0022
798,429.5675052827845,464004,91.0,0.0065,0.0022
799,429.5674493809951,463620,92.0,0.0065,0.0022
800,429.5675082456921,463233,93.0,0.0065,0.0022
801,429.5674658863584,462842,94.0,0.0065,0.0022
802,429.56754036701017,462448,95.0,0.0065,0.0022
803,429.5675047026737,462050,96.0,0.0065,0.0022
804,429.5673653856618,461648,97.0,0.0065,0.0022
805,429.5674746568221,461244,98.0,0.0065,0.0022
806,429.56743066917187,460836,99.0,0.0065,0.0022
807,429.5674451147543,460429,100.0,0.0065,0.0022
808,429.9973284562099,443016,0.0,0.007,0.0022
809,429.567704816569,444611,1.0,0.007,0.0022
810,429.56757430602835,446931,2.0,0.007,0.0022
811,429.56739897620577,449112,3.0,0.007,0.0022
812,429.5676770008899,451157,4.0,0.007,0.0022
813,429.56742596924437,453071,5.0,0.007,0.0022
814,429.5675608853563,454862,6.0,0.007,0.0022
815,429.5676495080466,456546,7.0,0.007,0.0022
816,429.56765464745575,458126,8.0,0.007,0.0022
817,429.56752819494466,459601,9.0,0.007,0.0022
818,429.5675712935824,461018,10.0,0.007,0.0022
819,429.5676044818727,462362,11.0,0.007,0.0022
820,429.5674848948858,463614,12.0,0.007,0.0022
821,429.5674965023517,464825,13.0,0.007,0.0022
822,429.56739158296415,465942,14.0,0.007,0.0022
823,429.56745449431793,467017,15.0,0.007,0.0022
824,429.56736163217676,468028,16.0,0.007,0.0022
825,429.5675888981739,468984,17.0,0.007,0.0022
826,429.5675526273334,469892,18.0,0.007,0.0022
827,429.5674487429799,470759,19.0,0.007,0.0022
828,429.5674083545804,471564,20.0,0.007,0.0022
829,429.5674637569102,472346,21.0,0.007,0.0022
830,429.5673554612031,473070,22.0,0.007,0.0022
831,429.56735353854845,473766,23.0,0.007,0.0022
832,429.5675280015706,474437,24.0,0.007,0.0022
833,429.5674703932967,475059,25.0,0.007,0.0022
834,429.56754877518887,475652,26.0,0.007,0.0022
835,429.5674525371554,476203,27.0,0.007,0.0022
836,429.56750231151875,476716,28.0,0.007,0.0022
837,429.5674023967594,477211,29.0,0.007,0.0022
838,429.56738586157354,477671,30.0,0.007,0.0022
839,429.5675283152931,478089,31.0,0.007,0.0022
840,429.56749184679705,478472,32.0,0.007,0.0022
841,429.56754354644994,478827,33.0,0.007,0.0022
842,429.5674508014737,479164,34.0,0.007,0.0022
843,429.5673539532627,479468,35.0,0.007,0.0022
844,429.5674367169606,479746,36.0,0.007,0.0022
845,429.5674310898795,479997,37.0,0.007,0.0022
846,429.5674363755288,480214,38.0,0.007,0.0022
847,429.56741261233793,480414,39.0,0.007,0.0022
848,429.5673767506988,480593,40.0,0.007,0.0022
849,429.56747319004296,480751,41.0,0.007,0.0022
850,429.5674769953147,480885,42.0,0.007,0.0022
851,429.56740022607033,480991,43.0,0.007,0.0022
852,429.5673922820295,481078,44.0,0.007,0.0022
853,429.5674570634076,481151,45.0,0.007,0.0022
854,429.567511547254,481205,46.0,0.007,0.0022
855,429.5674953141721,481240,47.0,0.007,0.0022
856,429.5674222696701,481255,48.0,0.007,0.0022
857,429.56747818914243,481251,49.0,0.007,0.0022
858,429.56746016330914,481236,50.0,0.007,0.0022
859,429.56748440206195,481204,51.0,0.007,0.0022
860,429.5673769964878,481155,52.0,0.007,0.0022
861,429.5674974779783,481091,53.0,0.007,0.0022
862,429.5673917276343,481010,54.0,0.007,0.0022
863,429.5675001830164,480927,55.0,0.007,0.0022
864,429.56745682632385,480833,56.0,0.007,0.0022
865,429.5673591681308,480726,57.0,0.007,0.0022
866,429.56739648034574,480607,58.0,0.007,0.0022
867,429.5673386308442,480475,59.0,0.007,0.0022
868,429.56751856025164,480332,60.0,0.007,0.0022
869,429.56751635772827,480176,61.0,0.007,0.0022
870,429.5674652660327,480008,62.0,0.007,0.0022
871,429.56738322000757,479828,63.0,0.007,0.0022
872,429.5674446074804,479637,64.0,0.007,0.0022
873,429.567333159019,479445,65.0,0.007,0.0022
874,429.5674514200659,479246,66.0,0.007,0.0022
875,429.5674366210909,479037,67.0,0.007,0.0022
876,429.5675029939855,478819,68.0,0.007,0.0022
877,429.56743605979455,478591,69.0,0.007,0.0022
878,429.5674878500595,478354,70.0,0.007,0.0022
879,429.56746076012763,478107,71.0,0.007,0.0022
880,429.56751225464376,477851,72.0,0.007,0.0022
881,429.56745537167626,477585,73.0,0.007,0.0022
882,429.56745955352596,477310,74.0,0.007,0.0022
883,429.5674129166104,477038,75.0,0.007,0.0022
884,429.56745232608034,476761,76.0,0.007,0.0022
885,429.5674293473872,476477,77.0,0.007,0.0022
886,429.56733116803423,476186,78.0,0.007,0.0022
887,429.5673513104957,475889,79.0,0.007,0.0022
888,429.56744993236816,475586,80.0,0.007,0.0022
889,429.5674652726548,475276,81.0,0.007,0.0022
890,429.56737569683526,474959,82.0,0.007,0.0022
891,429.56735474601237,474636,83.0,0.007,0.0022
892,429.56740559479124,474307,84.0,0.007,0.0022
893,429.56739835815523,473980,85.0,0.007,0.0022
894,429.56735349298407,473649,86.0,0.007,0.0022
895,429.56740082852707,473314,87.0,0.007,0.0022
896,429.56736007393386,472974,88.0,0.007,0.0022
897,429.5674033245797,472630,89.0,0.007,0.0022
898,429.5673343358849,472281,90.0,0.007,0.0022
899,429.56735842885996,471928,91.0,0.007,0.0022
900,429.5674312556267,471571,92.0,0.007,0.0022
901,429.5673913580605,471209,93.0,0.007,0.0022
902,429.5673913730049,470843,94.0,0.007,0.0022
903,429.56736261826563,470478,95.0,0.007,0.0022
904,429.56742913454406,470111,96.0,0.007,0.0022
905,429.56750231499717,469741,97.0,0.007,0.0022
906,429.5674108045924,469367,98.0,0.007,0.0022
907,429.5674986179884,468991,99.0,0.007,0.0022
908,429.56741885780684,468611,100.0,0.007,0.0022
909,429.9976059814065,443016,0.0,0.0025,0.0022
910,429.5679701715424,441818,1.0,0.0025,0.0022
911,429.568030496957,441436,2.0,0.0025,0.0022
912,429.56773468655774,441041,3.0,0.0025,0.0022
913,429.56792465773833,440633,4.0,0.0025,0.0022
914,429.5678012935687,440208,5.0,0.0025,0.0022
915,429.56788674382886,439770,6.0,0.0025,0.0022
916,429.5679375114228,439328,7.0,0.0025,0.0022
917,429.56791318932227,438870,8.0,0.0025,0.0022
918,429.5676510749539,438393,9.0,0.0025,0.0022
919,429.56763256947414,437900,10.0,0.0025,0.0022
920,429.56790664838786,437390,11.0,0.0025,0.0022
921,429.5676586036423,436861,12.0,0.0025,0.0022
922,429.5679974750042,436323,13.0,0.0025,0.0022
923,429.5676137645683,435782,14.0,0.0025,0.0022
924,429.5679646684143,435227,15.0,0.0025,0.0022
925,429.56770308894147,434656,16.0,0.0025,0.0022
926,429.5677755174141,434072,17.0,0.0025,0.0022
927,429.567830044177,433471,18.0,0.0025,0.0022
928,429.56783200867295,432867,19.0,0.0025,0.0022
929,429.5679464684704,432262,20.0,0.0025,0.0022
930,429.5678217745845,431641,21.0,0.0025,0.0022
931,429.5676858141418,431007,22.0,0.0025,0.0022
932,429.56788463153146,430362,23.0,0.0025,0.0022
933,429.56778536708003,429710,24.0,0.0025,0.0022
934,429.5677256286092,429057,25.0,0.0025,0.0022
935,429.5677003724195,428392,26.0,0.0025,0.0022
936,429.5677811222632,427715,27.0,0.0025,0.0022
937,429.56786418349105,427027,28.0,0.0025,0.0022
938,429.5677106211051,426343,29.0,0.0025,0.0022
939,429.5676122848788,425655,30.0,0.0025,0.0022
940,429.56772639152086,424953,31.0,0.0025,0.0022
941,429.56780139559515,424240,32.0,0.0025,0.0022
942,429.5678310887256,423524,33.0,0.0025,0.0022
943,429.56768497259026,422814,34.0,0.0025,0.0022
944,429.5676091355683,422098,35.0,0.0025,0.0022
945,429.5678930830642,421376,36.0,0.0025,0.0022
946,429.56786710386956,420637,37.0,0.0025,0.0022
947,429.5677228786325,419905,38.0,0.0025,0.0022
948,429.5676320239355,419169,39.0,0.0025,0.0022
949,429.5676276490373,418425,40.0,0.0025,0.0022
950,429.56762215403535,417675,41.0,0.0025,0.0022
951,429.5677274376366,416935,42.0,0.0025,0.0022
952,429.56773089849156,416189,43.0,0.0025,0.0022
953,429.5676390215126,415430,44.0,0.0025,0.0022
954,429.56762290358296,414664,45.0,0.0025,0.0022
955,429.56762824494706,413906,46.0,0.0025,0.0022
956,429.56773935177375,413149,47.0,0.0025,0.0022
957,429.56761884434036,412385,48.0,0.0025,0.0022
958,429.5678789001165,411616,49.0,0.0025,0.0022
959,429.56789154418897,410847,50.0,0.0025,0.0022
960,429.5677735303253,410077,51.0,0.0025,0.0022
961,429.5677080180561,409300,52.0,0.0025,0.0022
962,429.5678125950508,408519,53.0,0.0025,0.0022
963,429.5677225529952,407747,54.0,0.0025,0.0022
964,429.56776737650705,406976,55.0,0.0025,0.0022
965,429.56768674332716,406192,56.0,0.0025,0.0022
966,429.56772038694936,405403,57.0,0.0025,0.0022
967,429.56784198534285,404623,58.0,0.0025,0.0022
968,429.56764375080974,403840,59.0,0.0025,0.0022
969,429.56776588196277,403052,60.0,0.0025,0.0022
970,429.56784497892926,402265,61.0,0.0025,0.0022
971,429.5678792272457,401484,62.0,0.0025,0.0022
972,429.56773263572506,400694,63.0,0.0025,0.0022
973,429.56781351246406,399898,64.0,0.0025,0.0022
974,429.5676148031237,399105,65.0,0.0025,0.0022
975,429.5676654317013,398319,66.0,0.0025,0.0022
976,429.5676775588645,397529,67.0,0.0025,0.0022
977,429.5676914476973,396735,68.0,0.0025,0.0022
978,429.5678277617663,395942,69.0,0.0025,0.0022
979,429.56761361505903,395150,70.0,0.0025,0.0022
980,429.5678243999658,394354,71.0,0.0025,0.0022
981,429.56785620618274,393555,72.0,0.0025,0.0022
982,429.5678652223778,392765,73.0,0.0025,0.0022
983,429.56767368943537,391975,74.0,0.0025,0.0022
984,429.56781298491575,391176,75.0,0.0025,0.0022
985,429.5677080414772,390373,76.0,0.0025,0.0022
986,429.5678017389255,389577,77.0,0.0025,0.0022
987,429.5678077662652,388777,78.0,0.0025,0.0022
988,429.5676975527617,387971,79.0,0.0025,0.0022
989,429.5677983928999,387172,80.0,0.0025,0.0022
990,429.56762193163803,386376,81.0,0.0025,0.0022
991,429.5677354548031,385577,82.0,0.0025,0.0022
992,429.5676552469022,384776,83.0,0.0025,0.0022
993,429.5677707376971,383985,84.0,0.0025,0.0022
994,429.5678273822777,383189,85.0,0.0025,0.0022
995,429.56778811679186,382383,86.0,0.0025,0.0022
996,429.56763700051386,381579,87.0,0.0025,0.0022
997,429.56783269785615,380783,88.0,0.0025,0.0022
998,429.56781583733977,379984,89.0,0.0025,0.0022
999,429.5676274738371,379181,90.0,0.0025,0.0022
1000,429.56773225971665,378387,91.0,0.0025,0.0022
1001,429.56773076652604,377597,92.0,0.0025,0.0022
1002,429.56761444060686,376804,93.0,0.0025,0.0022
1003,429.5678659454611,376014,94.0,0.0025,0.0022
1004,429.56773963833547,375224,95.0,0.0025,0.0022
1005,429.56768117562973,374429,96.0,0.0025,0.0022
1006,429.5678075623732,373630,97.0,0.0025,0.0022
1007,429.5677438595266,372835,98.0,0.0025,0.0022
1008,429.5677383595285,372046,99.0,0.0025,0.0022
1009,429.5677143795143,371255,100.0,0.0025,0.0022
1010,429.99757514511396,443016,0.0,0.003,0.0022
1011,429.5679487976184,442127,1.0,0.003,0.0022
1012,429.56781097335994,442050,2.0,0.003,0.0022
1013,429.56786643832095,441956,3.0,0.003,0.0022
1014,429.56792824946837,441842,4.0,0.003,0.0022
1015,429.5679799797196,441706,5.0,0.003,0.0022
1016,429.5677911055828,441547,6.0,0.003,0.0022
1017,429.56782762621276,441365,7.0,0.003,0.0022
1018,429.5675810026229,441159,8.0,0.003,0.0022
1019,429.5677949299206,440931,9.0,0.003,0.0022
1020,429.56762563422376,440681,10.0,0.003,0.0022
1021,429.567807609598,440410,11.0,0.003,0.0022
1022,429.56758570696445,440116,12.0,0.003,0.0022
1023,429.5675976043021,439804,13.0,0.003,0.0022
1024,429.5676998896259,439472,14.0,0.003,0.0022
1025,429.5677893706909,439120,15.0,0.003,0.0022
1026,429.5678863604573,438751,16.0,0.003,0.0022
1027,429.5676269256741,438364,17.0,0.003,0.0022
1028,429.5677628992687,437966,18.0,0.003,0.0022
1029,429.5676148774362,437556,19.0,0.003,0.0022
1030,429.567637787112,437133,20.0,0.003,0.0022
1031,429.5676714186543,436695,21.0,0.003,0.0022
1032,429.567793982933,436243,22.0,0.003,0.0022
1033,429.56771526023437,435777,23.0,0.003,0.0022
1034,429.5678079017964,435298,24.0,0.003,0.0022
1035,429.5676064978848,434805,25.0,0.003,0.0022
1036,429.5677985017914,434305,26.0,0.003,0.0022
1037,429.5678941581187,433800,27.0,0.003,0.0022
1038,429.5677362635592,433285,28.0,0.003,0.0022
1039,429.5677248460821,432759,29.0,0.003,0.0022
1040,429.56777963503725,432222,30.0,0.003,0.0022
1041,429.56779612942495,431674,31.0,0.003,0.0022
1042,429.56762245500596,431114,32.0,0.003,0.0022
1043,429.5676272390802,430551,33.0,0.003,0.0022
1044,429.56765196224154,429985,34.0,0.003,0.0022
1045,429.5676528725802,429411,35.0,0.003,0.0022
1046,429.5677184473721,428828,36.0,0.003,0.0022
1047,429.567657547651,428236,37.0,0.003,0.0022
1048,429.5676788438205,427635,38.0,0.003,0.0022
1049,429.5677085081616,427031,39.0,0.003,0.0022
1050,429.56759106057757,426425,40.0,0.003,0.0022
1051,429.56769320243603,425813,41.0,0.003,0.0022
1052,429.567725854106,425193,42.0,0.003,0.0022
1053,429.56761596576916,424565,43.0,0.003,0.0022
1054,429.5675927135595,423934,44.0,0.003,0.0022
1055,429.56761646419267,423301,45.0,0.003,0.0022
1056,429.56774203895304,422665,46.0,0.003,0.0022
1057,429.56762673282935,422021,47.0,0.003,0.0022
1058,429.56777251162873,421371,48.0,0.003,0.0022
1059,429.56782765086297,420716,49.0,0.003,0.0022
1060,429.5676940177694,420064,50.0,0.003,0.0022
1061,429.5675942873596,419409,51.0,0.003,0.0022
1062,429.5677810061953,418747,52.0,0.003,0.0022
1063,429.5676577420206,418077,53.0,0.003,0.0022
1064,429.5676171508768,417403,54.0,0.003,0.0022
1065,429.56763492811564,416733,55.0,0.003,0.0022
1066,429.5675891738658,416063,56.0,0.003,0.0022
1067,429.5676299054036,415388,57.0,0.003,0.0022
1068,429.5676380703784,414703,58.0,0.003,0.0022
1069,429.5676501122211,414015,59.0,0.003,0.0022
1070,429.56767493578474,413331,60.0,0.003,0.0022
1071,429.56760262914344,412646,61.0,0.003,0.0022
1072,429.5677062216134,411957,62.0,0.003,0.0022
1073,429.56776313081946,411263,63.0,0.003,0.0022
1074,429.5677023165523,410566,64.0,0.003,0.0022
1075,429.56761300691227,409871,65.0,0.003,0.0022
1076,429.5676043533814,409174,66.0,0.003,0.0022
1077,429.5678285067202,408473,67.0,0.003,0.0022
1078,429.56775984221804,407767,68.0,0.003,0.0022
1079,429.5678235933773,407066,69.0,0.003,0.0022
1080,429.56762324395504,406364,70.0,0.003,0.0022
1081,429.5676514066348,405655,71.0,0.003,0.0022
1082,429.56762253427513,404940,72.0,0.003,0.0022
1083,429.5678270038727,404225,73.0,0.003,0.0022
1084,429.56780863096185,403513,74.0,0.003,0.0022
1085,429.5677493304814,402800,75.0,0.003,0.0022
1086,429.56779923457276,402083,76.0,0.003,0.0022
1087,429.5676365636814,401362,77.0,0.003,0.0022
1088,429.56779795836036,400647,78.0,0.003,0.0022
1089,429.5677721293599,399934,79.0,0.003,0.0022
1090,429.5677497628534,399216,80.0,0.003,0.0022
1091,429.5677823906195,398489,81.0,0.003,0.0022
1092,429.56768046457415,397763,82.0,0.003,0.0022
1093,429.5676364748291,397041,83.0,0.003,0.0022
1094,429.56777754967504,396319,84.0,0.003,0.0022
1095,429.56761595272775,395592,85.0,0.003,0.0022
1096,429.5678202807184,394866,86.0,0.003,0.0022
1097,429.56764596338417,394144,87.0,0.003,0.0022
1098,429.567653626993,393425,88.0,0.003,0.0022
1099,429.5676284686402,392704,89.0,0.003,0.0022
1100,429.5676919467704,391978,90.0,0.003,0.0022
1101,429.56771088846375,391250,91.0,0.003,0.0022
1102,429.56758930706707,390524,92.0,0.003,0.0022
1103,429.567661013157,389797,93.0,0.003,0.0022
1104,429.5676243949041,389066,94.0,0.003,0.0022
1105,429.5677991911868,388339,95.0,0.003,0.0022
1106,429.5676519616763,387615,96.0,0.003,0.0022
1107,429.5676173111105,386892,97.0,0.003,0.0022
1108,429.567631500622,386167,98.0,0.003,0.0022
1109,429.5677115091099,385444,99.0,0.003,0.0022
1110,429.56777083945263,384723,100.0,0.003,0.0022
1111,429.99751347264674,443016,0.0,0.004,0.0022
1112,429.56779469307554,442738,1.0,0.004,0.0022
1113,429.56795245435137,443281,2.0,0.004,0.0022
1114,429.5679516426068,443783,3.0,0.004,0.0022
1115,429.5675766219478,444235,4.0,0.004,0.0022
1116,429.567685139151,444637,5.0,0.004,0.0022
1117,429.5676332895071,445003,6.0,0.004,0.0022
1118,429.5677649085958,445331,7.0,0.004,0.0022
1119,429.56761126614384,445617,8.0,0.004,0.0022
1120,429.5677629957807,445861,9.0,0.004,0.0022
1121,429.5677681718815,446062,10.0,0.004,0.0022
1122,429.56764895451425,446229,11.0,0.004,0.0022
1123,429.567586015402,446358,12.0,0.004,0.0022
1124,429.56753812973085,446463,13.0,0.004,0.0022
1125,429.5677364737343,446539,14.0,0.004,0.0022
1126,429.56762527394204,446579,15.0,0.004,0.0022
1127,429.5676955232958,446597,16.0,0.004,0.0022
1128,429.56766816890024,446585,17.0,0.004,0.0022
1129,429.5675905151681,446548,18.0,0.004,0.0022
1130,429.56770401231466,446490,19.0,0.004,0.0022
1131,429.56752095074154,446406,20.0,0.004,0.0022
1132,429.5675374961517,446309,21.0,0.004,0.0022
1133,429.5677487617065,446194,22.0,0.004,0.0022
1134,429.56771017894374,446059,23.0,0.004,0.0022
1135,429.56751665385315,445904,24.0,0.004,0.0022
1136,429.5677963675207,445731,25.0,0.004,0.0022
1137,429.5675644308242,445544,26.0,0.004,0.0022
1138,429.5677275370715,445343,27.0,0.004,0.0022
1139,429.56760487060956,445124,28.0,0.004,0.0022
1140,429.5677650351638,444889,29.0,0.004,0.0022
1141,429.56766201390997,444636,30.0,0.004,0.0022
1142,429.5677407639111,444373,31.0,0.004,0.0022
1143,429.5677634322312,444099,32.0,0.004,0.0022
1144,429.56772128651335,443811,33.0,0.004,0.0022
1145,429.5675938263409,443509,34.0,0.004,0.0022
1146,429.5676340384763,443194,35.0,0.004,0.0022
1147,429.56758851963906,442868,36.0,0.004,0.0022
1148,429.5677085946644,442534,37.0,0.004,0.0022
1149,429.56764115629346,442188,38.0,0.004,0.0022
1150,429.5676423093463,441831,39.0,0.004,0.0022
1151,429.56770835339364,441463,40.0,0.004,0.0022
1152,429.56769845115264,441085,41.0,0.004,0.0022
1153,429.56752093123794,440700,42.0,0.004,0.0022
1154,429.5676201963761,440308,43.0,0.004,0.0022
1155,429.5677546432542,439908,44.0,0.004,0.0022
1156,429.5676676655768,439499,45.0,0.004,0.0022
1157,429.5675207394791,439082,46.0,0.004,0.0022
1158,429.5675531822286,438660,47.0,0.004,0.0022
1159,429.56755324810183,438230,48.0,0.004,0.0022
1160,429.5677503147566,437793,49.0,0.004,0.0022
1161,429.5676526683995,437347,50.0,0.004,0.0022
1162,429.5677368611267,436894,51.0,0.004,0.0022
1163,429.5677099749664,436433,52.0,0.004,0.0022
1164,429.56763845357136,435965,53.0,0.004,0.0022
1165,429.56755316463216,435492,54.0,0.004,0.0022
1166,429.5676821126009,435015,55.0,0.004,0.0022
1167,429.56757538090386,434532,56.0,0.004,0.0022
1168,429.56768220490727,434045,57.0,0.004,0.0022
1169,429.5675937059025,433551,58.0,0.004,0.0022
1170,429.567582864216,433051,59.0,0.004,0.0022
1171,429.56765071322195,432545,60.0,0.004,0.0022
1172,429.56753965814903,432032,61.0,0.004,0.0022
1173,429.56770154915097,431515,62.0,0.004,0.0022
1174,429.5676280816563,430994,63.0,0.004,0.0022
1175,429.5675448829768,430470,64.0,0.004,0.0022
1176,429.5675304688023,429943,65.0,0.004,0.0022
1177,429.56752207352156,429412,66.0,0.004,0.0022
1178,429.5677138572436,428876,67.0,0.004,0.0022
1179,429.56771189898905,428334,68.0,0.004,0.0022
1180,429.5675369387182,427786,69.0,0.004,0.0022
1181,429.5677329352135,427236,70.0,0.004,0.0022
1182,429.56764631419816,426683,71.0,0.004,0.0022
1183,429.56752523642797,426128,72.0,0.004,0.0022
1184,429.56770504688984,425572,73.0,0.004,0.0022
1185,429.56769540464273,425012,74.0,0.004,0.0022
1186,429.56764990132814,424448,75.0,0.004,0.0022
1187,429.567606441226,423880,76.0,0.004,0.0022
1188,429.5677308608667,423307,77.0,0.004,0.0022
1189,429.56764253419334,422732,78.0,0.004,0.0022
1190,429.5675873292606,422156,79.0,0.004,0.0022
1191,429.5676859991279,421579,80.0,0.004,0.0022
1192,429.5676703043757,420999,81.0,0.004,0.0022
1193,429.56772859656127,420416,82.0,0.004,0.0022
1194,429.56766201640556,419829,83.0,0.004,0.0022
1195,429.5675640197054,419240,84.0,0.004,0.0022
1196,429.5676112474586,418652,85.0,0.004,0.0022
1197,429.567536528543,418063,86.0,0.004,0.0022
1198,429.5677226026245,417471,87.0,0.004,0.0022
1199,429.567569536263,416875,88.0,0.004,0.0022
1200,429.5676542258498,416277,89.0,0.004,0.0022
1201,429.5675314123875,415675,90.0,0.004,0.0022
1202,429.5676448145327,415074,91.0,0.004,0.0022
1203,429.5676979119544,414473,92.0,0.004,0.0022
1204,429.5675570980208,413871,93.0,0.004,0.0022
1205,429.56761408121224,413269,94.0,0.004,0.0022
1206,429.56764717131375,412665,95.0,0.004,0.0022
1207,429.5675978101801,412058,96.0,0.004,0.0022
1208,429.56753967547763,411447,97.0,0.004,0.0022
1209,429.56759332784316,410837,98.0,0.004,0.0022
1210,429.56763770415654,410227,99.0,0.004,0.0022
1211,429.5676042768074,409616,100.0,0.004,0.0022
1212,429.997451800339,443016,0.0,0.005,0.0022
1213,429.5678568075097,443370,1.0,0.005,0.0022
1214,429.567522825491,444507,2.0,0.005,0.0022
1215,429.56752698107397,445578,3.0,0.005,0.0022
1216,429.5675651726743,446586,4.0,0.005,0.0022
1217,429.56753262642536,447505,5.0,0.005,0.0022
1218,429.56774141572396,448382,6.0,0.005,0.0022
1219,429.56779544177266,449178,7.0,0.005,0.0022
1220,429.5675846668103,449922,8.0,0.005,0.0022
1221,429.5675339336992,450608,9.0,0.005,0.0022
1222,429.56780190052217,451226,10.0,0.005,0.0022
1223,429.5676679585377,451801,11.0,0.005,0.0022
1224,429.56761842790377,452333,12.0,0.005,0.0022
1225,429.56761749970985,452812,13.0,0.005,0.0022
1226,429.5677132278806,453245,14.0,0.005,0.0022
1227,429.56767108086274,453651,15.0,0.005,0.0022
1228,429.5675698921608,454025,16.0,0.005,0.0022
1229,429.56762525593825,454366,17.0,0.005,0.0022
1230,429.56766534625586,454669,18.0,0.005,0.0022
1231,429.56750965870293,454938,19.0,0.005,0.0022
1232,429.56757442176814,455192,20.0,0.005,0.0022
1233,429.5675669788007,455417,21.0,0.005,0.0022
1234,429.56750299936283,455607,22.0,0.005,0.0022
1235,429.5674748243445,455762,23.0,0.005,0.0022
1236,429.56763761315653,455899,24.0,0.005,0.0022
1237,429.56748728202183,456014,25.0,0.005,0.0022
1238,429.56755521463214,456107,26.0,0.005,0.0022
1239,429.5675329210387,456175,27.0,0.005,0.0022
1240,429.567655090649,456228,28.0,0.005,0.0022
1241,429.5674554421458,456259,29.0,0.005,0.0022
1242,429.56746712875594,456268,30.0,0.005,0.0022
1243,429.56747336900463,456254,31.0,0.005,0.0022
1244,429.56756852223225,456227,32.0,0.005,0.0022
1245,429.56756167800245,456182,33.0,0.005,0.0022
1246,429.56762430143317,456119,34.0,0.005,0.0022
1247,429.56751446767464,456037,35.0,0.005,0.0022
1248,429.567661459324,455949,36.0,0.005,0.0022
1249,429.56756806665396,455847,37.0,0.005,0.0022
1250,429.56746916015766,455731,38.0,0.005,0.0022
1251,429.56761912465794,455602,39.0,0.005,0.0022
1252,429.56763233661894,455458,40.0,0.005,0.0022
1253,429.5675908814687,455299,41.0,0.005,0.0022
1254,429.5675258880918,455125,42.0,0.005,0.0022
1255,429.56760290468435,454937,43.0,0.005,0.0022
1256,429.56766623088026,454744,44.0,0.005,0.0022
1257,429.5676585013839,454538,45.0,0.005,0.0022
1258,429.567570314168,454319,46.0,0.005,0.0022
1259,429.5676360567506,454088,47.0,0.005,0.0022
1260,429.5676314926959,453844,48.0,0.005,0.0022
1261,429.5675314321152,453587,49.0,0.005,0.0022
1262,429.5675375684796,453318,50.0,0.005,0.0022
1263,429.5675651564858,453038,51.0,0.005,0.0022
1264,429.567614592286,452756,52.0,0.005,0.0022
1265,429.5676328946443,452464,53.0,0.005,0.0022
1266,429.56763722977524,452162,54.0,0.005,0.0022
1267,429.56761478147297,451850,55.0,0.005,0.0022
1268,429.5675318032536,451528,56.0,0.005,0.0022
1269,429.567606676002,451197,57.0,0.005,0.0022
1270,429.5676091295592,450856,58.0,0.005,0.0022
1271,429.56754553050433,450507,59.0,0.005,0.0022
1272,429.5676422282439,450156,60.0,0.005,0.0022
1273,429.5676572715307,449797,61.0,0.005,0.0022
1274,429.5675461015696,449430,62.0,0.005,0.0022
1275,429.5674979314431,449056,63.0,0.005,0.0022
1276,429.5674895383344,448675,64.0,0.005,0.0022
1277,429.56751045445145,448287,65.0,0.005,0.0022
1278,429.5675360164513,447892,66.0,0.005,0.0022
1279,429.56762230173314,447492,67.0,0.005,0.0022
1280,429.56751670844545,447088,68.0,0.005,0.0022
1281,429.56759167776244,446679,69.0,0.005,0.0022
1282,429.5676117560716,446264,70.0,0.005,0.0022
1283,429.5675632686913,445843,71.0,0.005,0.0022
1284,429.5674629452631,445416,72.0,0.005,0.0022
1285,429.5675024387398,444984,73.0,0.005,0.0022
1286,429.56745531388185,444546,74.0,0.005,0.0022
1287,429.56749225101083,444104,75.0,0.005,0.0022
1288,429.5675967351142,443659,76.0,0.005,0.0022
1289,429.56763464523846,443209,77.0,0.005,0.0022
1290,429.567475335493,442754,78.0,0.005,0.0022
1291,429.56749128784554,442296,79.0,0.005,0.0022
1292,429.5674663346697,441834,80.0,0.005,0.0022
1293,429.5675898805533,441369,81.0,0.005,0.0022
1294,429.56747120508163,440899,82.0,0.005,0.0022
1295,429.5674912113861,440427,83.0,0.005,0.0022
1296,429.5676242336439,439953,84.0,0.005,0.0022
1297,429.5674698047432,439474,85.0,0.005,0.0022
1298,429.5676227421307,438993,86.0,0.005,0.0022
1299,429.5674858162688,438507,87.0,0.005,0.0022
1300,429.5674790058963,438018,88.0,0.005,0.0022
1301,429.5675076011608,437526,89.0,0.005,0.0022
1302,429.56763393326696,437032,90.0,0.005,0.0022
1303,429.56762551615043,436535,91.0,0.005,0.0022
1304,429.56747607703534,436035,92.0,0.005,0.0022
1305,429.56749736375895,435534,93.0,0.005,0.0022
1306,429.5675222451468,435031,94.0,0.005,0.0022
1307,429.5676186044122,434526,95.0,0.005,0.0022
1308,429.5675878685021,434018,96.0,0.005,0.0022
1309,429.5674956907638,433507,97.0,0.005,0.0022
1310,429.56751439774416,432994,98.0,0.005,0.0022
1311,429.5676424241718,432479,99.0,0.005,0.0022
1312,429.56748854687424,431961,100.0,0.005,0.0022
1313,429.9976984905119,443016,0.0,0.001,0.0022
1314,429.5678025409364,440875,1.0,0.001,0.0022
1315,429.56790406567615,439566,2.0,0.001,0.0022
1316,429.56776017696836,438260,3.0,0.001,0.0022
1317,429.56778909559785,436955,4.0,0.001,0.0022
1318,429.5679287130617,435660,5.0,0.001,0.0022
1319,429.5679232595955,434355,6.0,0.001,0.0022
1320,429.5678578458638,433065,7.0,0.001,0.0022
1321,429.56794542885297,431767,8.0,0.001,0.0022
1322,429.56771157100826,430483,9.0,0.001,0.0022
1323,429.5679285731829,429185,10.0,0.001,0.0022
1324,429.56815216214636,427918,11.0,0.001,0.0022
1325,429.56775408175037,426622,12.0,0.001,0.0022
1326,429.5681446765518,425359,13.0,0.001,0.0022
1327,429.5681607154889,424073,14.0,0.001,0.0022
1328,429.56772783344604,422817,15.0,0.001,0.0022
1329,429.5677544343116,421535,16.0,0.001,0.0022
1330,429.5677766822028,420284,17.0,0.001,0.0022
1331,429.5679139577922,419016,18.0,0.001,0.0022
1332,429.56791798411075,417763,19.0,0.001,0.0022
1333,429.56811171510583,416503,20.0,0.001,0.0022
1334,429.5681240210275,415257,21.0,0.001,0.0022
1335,429.5680442615453,414003,22.0,0.001,0.0022
1336,429.5679158178892,412755,23.0,0.001,0.0022
1337,429.5680394333426,411517,24.0,0.001,0.0022
1338,429.56781685662264,410260,25.0,0.001,0.0022
1339,429.5680488774898,409015,26.0,0.001,0.0022
1340,429.5679952264435,407758,27.0,0.001,0.0022
1341,429.5680817989242,406522,28.0,0.001,0.0022
1342,429.5678380210398,405271,29.0,0.001,0.0022
1343,429.5680807493254,404051,30.0,0.001,0.0022
1344,429.56803528240977,402801,31.0,0.001,0.0022
1345,429.5678363641214,401573,32.0,0.001,0.0022
1346,429.5678190741341,400325,33.0,0.001,0.0022
1347,429.5680833389061,399109,34.0,0.001,0.0022
1348,429.5678071826403,397878,35.0,0.001,0.0022
1349,429.56796868630346,396675,36.0,0.001,0.0022
1350,429.56797022634515,395463,37.0,0.001,0.0022
1351,429.56791690144763,394245,38.0,0.001,0.0022
1352,429.5680804536249,393027,39.0,0.001,0.0022
1353,429.56807329662803,391816,40.0,0.001,0.0022
1354,429.56778796648484,390614,41.0,0.001,0.0022
1355,429.56778105920154,389414,42.0,0.001,0.0022
1356,429.56810096710495,388235,43.0,0.001,0.0022
1357,429.56810384989006,387029,44.0,0.001,0.0022
1358,429.5678113077628,385841,45.0,0.001,0.0022
1359,429.5679250982132,384638,46.0,0.001,0.0022
1360,429.56782071080767,383464,47.0,0.001,0.0022
1361,429.5677699750686,382275,48.0,0.001,0.0022
1362,429.56793394451245,381116,49.0,0.001,0.0022
1363,429.56783789438174,379940,50.0,0.001,0.0022
1364,429.5678837683837,378768,51.0,0.001,0.0022
1365,429.56773988020615,377593,52.0,0.001,0.0022
1366,429.56798678321843,376427,53.0,0.001,0.0022
1367,429.56786991503304,375269,54.0,0.001,0.0022
1368,429.567795096677,374111,55.0,0.001,0.0022
1369,429.56790288115434,372974,56.0,0.001,0.0022
1370,429.5677910750455,371807,57.0,0.001,0.0022
1371,429.56801114353823,370665,58.0,0.001,0.0022
1372,429.5677388434234,369506,59.0,0.001,0.0022
1373,429.56783941365865,368375,60.0,0.001,0.0022
1374,429.56776574147574,367233,61.0,0.001,0.0022
1375,429.56799512044677,366112,62.0,0.001,0.0022
1376,429.5680052512321,364980,63.0,0.001,0.0022
1377,429.5678278923627,363846,64.0,0.001,0.0022
1378,429.567869354222,362721,65.0,0.001,0.0022
1379,429.5678606359826,361592,66.0,0.001,0.0022
1380,429.56783496470763,360483,67.0,0.001,0.0022
1381,429.5680118527765,359364,68.0,0.001,0.0022
1382,429.56805731542465,358269,69.0,0.001,0.0022
1383,429.56782242871844,357147,70.0,0.001,0.0022
1384,429.56788132031636,356046,71.0,0.001,0.0022
1385,429.5678336595958,354939,72.0,0.001,0.0022
1386,429.56784290925066,353842,73.0,0.001,0.0022
1387,429.567963727189,352753,74.0,0.001,0.0022
1388,429.56807230469553,351663,75.0,0.001,0.0022
1389,429.5678836557424,350580,76.0,0.001,0.0022
1390,429.56798826009083,349482,77.0,0.001,0.0022
1391,429.5678887747625,348407,78.0,0.001,0.0022
1392,429.5680577612077,347321,79.0,0.001,0.0022
1393,429.5677015578731,346253,80.0,0.001,0.0022
1394,429.5678161986198,345185,81.0,0.001,0.0022
1395,429.56772300389565,344118,82.0,0.001,0.0022
1396,429.56802686184324,343054,83.0,0.001,0.0022
1397,429.5677280209468,341981,84.0,0.001,0.0022
1398,429.5679128693877,340930,85.0,0.001,0.0022
1399,429.5680408211863,339867,86.0,0.001,0.0022
1400,429.5678431104489,338826,87.0,0.001,0.0022
1401,429.56800378460576,337781,88.0,0.001,0.0022
1402,429.56773744161825,336732,89.0,0.001,0.0022
1403,429.56802556675797,335690,90.0,0.001,0.0022
1404,429.5679533229632,334643,91.0,0.001,0.0022
1405,429.5680229304375,333615,92.0,0.001,0.0022
1406,429.56793583930556,332576,93.0,0.001,0.0022
1407,429.56797051212175,331560,94.0,0.001,0.0022
1408,429.56785861578373,330531,95.0,0.001,0.0022
1409,429.56809021896834,329507,96.0,0.001,0.0022
1410,429.567727305757,328487,97.0,0.001,0.0022
1411,429.56771591361894,327464,98.0,0.001,0.0022
1412,429.5677950344689,326460,99.0,0.001,0.0022
1413,429.5678081514253,325446,100.0,0.001,0.0022
