,total_counts,area,time,D (um^2/s),alpha (1/s)
0,429.9974497915309,443016,0.0,0.017,0.0087
1,429.5678929283366,443636,0.5,0.017,0.0087
2,429.5674617352626,444903,1.0,0.017,0.0087
3,429.56749303168976,445995,1.5,0.017,0.0087
4,429.56764739368924,446872,2.0,0.017,0.0087
5,429.5677114928667,447599,2.5,0.017,0.0087
6,429.5676629822199,448145,3.0,0.017,0.0087
7,429.5675722612782,448542,3.5,0.017,0.0087
8,429.5676945341575,448831,4.0,0.017,0.0087
9,429.56762576533987,449002,4.5,0.017,0.0087
10,429.56768797462246,449076,5.0,0.017,0.0087
11,429.56767955716293,449063,5.5,0.017,0.0087
12,429.5676507605916,448964,6.0,0.017,0.0087
13,429.5676058369808,448797,6.5,0.017,0.0087
14,429.56756179674557,448548,7.0,0.017,0.0087
15,429.56747706187275,448244,7.5,0.017,0.0087
16,429.56758655945043,447875,8.0,0.017,0.0087
17,429.56761473256313,447448,8.5,0.017,0.0087
18,429.5675751807403,446972,9.0,0.017,0.0087
19,429.5675665365554,446443,9.5,0.017,0.0087
20,429.5675793785092,445875,10.0,0.017,0.0087
21,429.5674720016201,445262,10.5,0.017,0.0087
22,429.56755446420283,444616,11.0,0.017,0.0087
23,429.5675289519608,443937,11.5,0.017,0.0087
24,429.5675132754519,443223,12.0,0.017,0.0087
25,429.5676826789267,442475,12.5,0.017,0.0087
26,429.5675188326554,441691,13.0,0.017,0.0087
27,429.567513955084,440882,13.5,0.017,0.0087
28,429.5675031305052,440043,14.0,0.017,0.0087
29,429.5674565166899,439178,14.5,0.017,0.0087
30,429.56757783871285,438290,15.0,0.017,0.0087
31,429.5676191406519,437379,15.5,0.017,0.0087
32,429.56752279472187,436448,16.0,0.017,0.0087
33,429.5675559961819,435494,16.5,0.017,0.0087
34,429.5676367236671,434520,17.0,0.017,0.0087
35,429.56758873542805,433531,17.5,0.017,0.0087
36,429.5674597853514,432527,18.0,0.017,0.0087
37,429.56752087975696,431507,18.5,0.017,0.0087
38,429.56756340555035,430469,19.0,0.017,0.0087
39,429.56762538404615,429420,19.5,0.017,0.0087
40,429.5674626872474,428361,20.0,0.017,0.0087
41,429.56766232466947,427291,20.5,0.017,0.0087
42,429.567512648732,426204,21.0,0.017,0.0087
43,429.56760144568136,425110,21.5,0.017,0.0087
44,429.56759257153885,424010,22.0,0.017,0.0087
45,429.5675019268167,422901,22.5,0.017,0.0087
46,429.56745876077156,421779,23.0,0.017,0.0087
47,429.567644473342,420653,23.5,0.017,0.0087
48,429.5676374440427,419522,24.0,0.017,0.0087
49,429.56755508501476,418383,24.5,0.017,0.0087
50,429.56747174160284,417238,25.0,0.017,0.0087
51,429.5675709921724,416089,25.5,0.017,0.0087
52,429.5674997566641,414935,26.0,0.017,0.0087
53,429.567492158791,413774,26.5,0.017,0.0087
54,429.5675628151693,412613,27.0,0.017,0.0087
55,429.56760911173455,411451,27.5,0.017,0.0087
56,429.56751819273245,410277,28.0,0.017,0.0087
57,429.567505487609,409099,28.5,0.017,0.0087
58,429.56746161091246,407921,29.0,0.017,0.0087
59,429.56751553023025,406741,29.5,0.017,0.0087
60,429.5675603098273,405557,30.0,0.017,0.0087
61,429.56751080449743,404375,30.5,0.017,0.0087
62,429.56757908449896,403195,31.0,0.017,0.0087
63,429.567580728791,402011,31.5,0.017,0.0087
64,429.56754641489624,400820,32.0,0.017,0.0087
65,429.56762000658796,399631,32.5,0.017,0.0087
66,429.5675071112343,398439,33.0,0.017,0.0087
67,429.5675854740796,397250,33.5,0.017,0.0087
68,429.5676241061437,396065,34.0,0.017,0.0087
69,429.5675795267345,394881,34.5,0.017,0.0087
70,429.567469418382,393700,35.0,0.017,0.0087
71,429.5675545899584,392524,35.5,0.017,0.0087
72,429.5676194915523,391337,36.0,0.017,0.0087
73,429.56763239562275,390150,36.5,0.017,0.0087
74,429.5675261096148,388967,37.0,0.017,0.0087
75,429.56761675136346,387788,37.5,0.017,0.0087
76,429.5675173685189,386610,38.0,0.017,0.0087
77,429.5674973754445,385439,38.5,0.017,0.0087
78,429.5675483396272,384274,39.0,0.017,0.0087
79,429.5675645978958,383110,39.5,0.017,0.0087
80,429.56762810052845,381939,40.0,0.017,0.0087
81,429.9971537679473,443016,0.0,0.029,0.0087
82,429.5672139768855,447270,0.5,0.029,0.0087
83,429.5671826298882,451803,1.0,0.029,0.0087
84,429.5673170826383,455789,1.5,0.029,0.0087
85,429.5673196482547,459284,2.0,0.029,0.0087
86,429.56728407780884,462432,2.5,0.029,0.0087
87,429.56744356138194,465252,3.0,0.029,0.0087
88,429.56721969465303,467769,3.5,0.029,0.0087
89,429.5673796487661,470046,4.0,0.029,0.0087
90,429.56730792879387,472103,4.5,0.029,0.0087
91,429.56737706270263,473957,5.0,0.029,0.0087
92,429.56732375742257,475634,5.5,0.029,0.0087
93,429.56733787910275,477167,6.0,0.029,0.0087
94,429.5672441016427,478527,6.5,0.029,0.0087
95,429.5671582055453,479743,7.0,0.029,0.0087
96,429.5672985053064,480816,7.5,0.029,0.0087
97,429.5672970798959,481741,8.0,0.029,0.0087
98,429.5671780492789,482551,8.5,0.029,0.0087
99,429.5672394237584,483237,9.0,0.029,0.0087
100,429.5671768375532,483809,9.5,0.029,0.0087
101,429.56717326432573,484289,10.0,0.029,0.0087
102,429.5671736933359,484653,10.5,0.029,0.0087
103,429.56722855140293,484950,11.0,0.029,0.0087
104,429.56716314882584,485150,11.5,0.029,0.0087
105,429.5672825826388,485284,12.0,0.029,0.0087
106,429.56718122940276,485368,12.5,0.029,0.0087
107,429.5673065686512,485383,13.0,0.029,0.0087
108,429.5672512700467,485330,13.5,0.029,0.0087
109,429.5672151792368,485214,14.0,0.029,0.0087
110,429.56733343115644,485054,14.5,0.029,0.0087
111,429.5673224411875,484853,15.0,0.029,0.0087
112,429.56724936485836,484599,15.5,0.029,0.0087
113,429.56717169932557,484294,16.0,0.029,0.0087
114,429.5671976957773,483939,16.5,0.029,0.0087
115,429.5672767003227,483552,17.0,0.029,0.0087
116,429.56724589988517,483147,17.5,0.029,0.0087
117,429.56734474655036,482706,18.0,0.029,0.0087
118,429.56720234121104,482228,18.5,0.029,0.0087
119,429.56727311408474,481716,19.0,0.029,0.0087
120,429.56733070599347,481179,19.5,0.029,0.0087
121,429.5672082284306,480632,20.0,0.029,0.0087
122,429.56727500659815,480062,20.5,0.029,0.0087
123,429.5673016986955,479468,21.0,0.029,0.0087
124,429.56724001544194,478850,21.5,0.029,0.0087
125,429.5673121422335,478214,22.0,0.029,0.0087
126,429.56727240691816,477572,22.5,0.029,0.0087
127,429.5672880131871,476914,23.0,0.029,0.0087
128,429.5672916242588,476240,23.5,0.029,0.0087
129,429.56725420791577,475550,24.0,0.029,0.0087
130,429.5673342016987,474847,24.5,0.029,0.0087
131,429.56733025372375,474140,25.0,0.029,0.0087
132,429.5673189242181,473422,25.5,0.029,0.0087
133,429.56723451192437,472693,26.0,0.029,0.0087
134,429.56723049655824,471954,26.5,0.029,0.0087
135,429.56730828649444,471206,27.0,0.029,0.0087
136,429.5671683389962,470456,27.5,0.029,0.0087
137,429.567312780018,469701,28.0,0.029,0.0087
138,429.56718051261083,468938,28.5,0.029,0.0087
139,429.56726353109656,468170,29.0,0.029,0.0087
140,429.56733276649226,467396,29.5,0.029,0.0087
141,429.56718172514263,466615,30.0,0.029,0.0087
142,429.5672843388933,465830,30.5,0.029,0.0087
143,429.5671863721973,465039,31.0,0.029,0.0087
144,429.5672232061054,464248,31.5,0.029,0.0087
145,429.56722821115034,463453,32.0,0.029,0.0087
146,429.56715851675807,462654,32.5,0.029,0.0087
147,429.56716848332024,461852,33.0,0.029,0.0087
148,429.5672033471924,461047,33.5,0.029,0.0087
149,429.56722339930275,460239,34.0,0.029,0.0087
150,429.5673238461554,459429,34.5,0.029,0.0087
151,429.5672680305791,458616,35.0,0.029,0.0087
152,429.56719775065113,457803,35.5,0.029,0.0087
153,429.56718831411155,456989,36.0,0.029,0.0087
154,429.56721702143216,456174,36.5,0.029,0.0087
155,429.5672176151649,455358,37.0,0.029,0.0087
156,429.56732800483667,454542,37.5,0.029,0.0087
157,429.56716692135575,453724,38.0,0.029,0.0087
158,429.56721229953956,452907,38.5,0.029,0.0087
159,429.56725194573636,452090,39.0,0.029,0.0087
160,429.567281865329,451272,39.5,0.029,0.0087
161,429.5672848550288,450454,40.0,0.029,0.0087
162,429.9977951571516,443016,0.0,0.003,0.0087
163,429.56823892280534,439303,0.5,0.003,0.0087
164,429.56791862106087,436430,1.0,0.003,0.0087
165,429.5678857461054,433576,1.5,0.003,0.0087
166,429.5679918388628,430743,2.0,0.003,0.0087
167,429.56795648695606,427928,2.5,0.003,0.0087
168,429.5682668381264,425132,3.0,0.003,0.0087
169,429.56823450911367,422347,3.5,0.003,0.0087
170,429.56783647067647,419570,4.0,0.003,0.0087
171,429.5678042716222,416820,4.5,0.003,0.0087
172,429.56791287213537,414071,5.0,0.003,0.0087
173,429.56793588140556,411352,5.5,0.003,0.0087
174,429.5680482565722,408652,6.0,0.003,0.0087
175,429.5678394016172,405960,6.5,0.003,0.0087
176,429.5680384596512,403303,7.0,0.003,0.0087
177,429.5678340878172,400646,7.5,0.003,0.0087
178,429.5680802010657,398015,8.0,0.003,0.0087
179,429.5681912817614,395406,8.5,0.003,0.0087
180,429.5679590674736,392802,9.0,0.003,0.0087
181,429.56803823241603,390228,9.5,0.003,0.0087
182,429.56823901678837,387661,10.0,0.003,0.0087
183,429.56817440919326,385112,10.5,0.003,0.0087
184,429.5680303873239,382587,11.0,0.003,0.0087
185,429.5679186946756,380066,11.5,0.003,0.0087
186,429.5680275044176,377572,12.0,0.003,0.0087
187,429.5679122475758,375089,12.5,0.003,0.0087
188,429.5679030456885,372621,13.0,0.003,0.0087
189,429.5680242054558,370179,13.5,0.003,0.0087
190,429.5680630770903,367740,14.0,0.003,0.0087
191,429.56817103059063,365326,14.5,0.003,0.0087
192,429.56805174477665,362927,15.0,0.003,0.0087
193,429.5678794257846,360540,15.5,0.003,0.0087
194,429.5678809774518,358180,16.0,0.003,0.0087
195,429.5682154003395,355823,16.5,0.003,0.0087
196,429.5679548712295,353487,17.0,0.003,0.0087
197,429.56793128217697,351169,17.5,0.003,0.0087
198,429.5678067760075,348860,18.0,0.003,0.0087
199,429.56810921260103,346576,18.5,0.003,0.0087
200,429.5681321923866,344298,19.0,0.003,0.0087
201,429.56812181673854,342038,19.5,0.003,0.0087
202,429.5678357214749,339796,20.0,0.003,0.0087
203,429.56811199018847,337563,20.5,0.003,0.0087
204,429.5681126395252,335351,21.0,0.003,0.0087
205,429.5682201779118,333149,21.5,0.003,0.0087
206,429.5679525447199,330961,22.0,0.003,0.0087
207,429.567893468243,328794,22.5,0.003,0.0087
208,429.56789823283367,326636,23.0,0.003,0.0087
209,429.5680879637664,324502,23.5,0.003,0.0087
210,429.5680061854755,322381,24.0,0.003,0.0087
211,429.5678938632698,320272,24.5,0.003,0.0087
212,429.5678597797904,318183,25.0,0.003,0.0087
213,429.56816538642846,316100,25.5,0.003,0.0087
214,429.56800365937386,314034,26.0,0.003,0.0087
215,429.5678609281792,311975,26.5,0.003,0.0087
216,429.56782272585275,309915,27.0,0.003,0.0087
217,429.56800655345774,307869,27.5,0.003,0.0087
218,429.5679556938272,305842,28.0,0.003,0.0087
219,429.5679984615145,303840,28.5,0.003,0.0087
220,429.56786234591823,301849,29.0,0.003,0.0087
221,429.56819905091123,299859,29.5,0.003,0.0087
222,429.56813887311796,297887,30.0,0.003,0.0087
223,429.5678383556389,295936,30.5,0.003,0.0087
224,429.56803757766096,294010,31.0,0.003,0.0087
225,429.5680796946056,292079,31.5,0.003,0.0087
226,429.56806680652215,290161,32.0,0.003,0.0087
227,429.56800897741806,288267,32.5,0.003,0.0087
228,429.5678796902052,286394,33.0,0.003,0.0087
229,429.5680907417074,284538,33.5,0.003,0.0087
230,429.56816136646137,282672,34.0,0.003,0.0087
231,429.5680144680081,280821,34.5,0.003,0.0087
232,429.5682202180011,278992,35.0,0.003,0.0087
233,429.56804531472824,277190,35.5,0.003,0.0087
234,429.5679617782789,275394,36.0,0.003,0.0087
235,429.56798423359015,273599,36.5,0.003,0.0087
236,429.56813211706174,271819,37.0,0.003,0.0087
237,429.5679801033025,270056,37.5,0.003,0.0087
238,429.5678040801157,268318,38.0,0.003,0.0087
239,429.56806049897693,266579,38.5,0.003,0.0087
240,429.56819484651044,264852,39.0,0.003,0.0087
241,429.5682108024282,263139,39.5,0.003,0.0087
242,429.56794532620813,261442,40.0,0.003,0.0087
243,429.9976964807574,443016,0.0,0.007,0.0087
244,429.56779217989583,440540,0.5,0.007,0.0087
245,429.56787914977684,438896,1.0,0.007,0.0087
246,429.5679876491887,437209,1.5,0.007,0.0087
247,429.5679263171398,435533,2.0,0.007,0.0087
248,429.56787612007594,433824,2.5,0.007,0.0087
249,429.5678068621493,432103,3.0,0.007,0.0087
250,429.5679229315824,430371,3.5,0.007,0.0087
251,429.56779851730954,428587,4.0,0.007,0.0087
252,429.5680701097202,426810,4.5,0.007,0.0087
253,429.5677700409258,425007,5.0,0.007,0.0087
254,429.56796873782605,423175,5.5,0.007,0.0087
255,429.56774369642744,421369,6.0,0.007,0.0087
256,429.5678932463435,419526,6.5,0.007,0.0087
257,429.5680405883431,417676,7.0,0.007,0.0087
258,429.5677216892553,415842,7.5,0.007,0.0087
259,429.56792445739586,413975,8.0,0.007,0.0087
260,429.5679458421097,412115,8.5,0.007,0.0087
261,429.56803053069274,410257,9.0,0.007,0.0087
262,429.56802220123814,408381,9.5,0.007,0.0087
263,429.56786577610535,406512,10.0,0.007,0.0087
264,429.56772474624347,404640,10.5,0.007,0.0087
265,429.5679328353573,402764,11.0,0.007,0.0087
266,429.5680205158346,400884,11.5,0.007,0.0087
267,429.5679244744829,399013,12.0,0.007,0.0087
268,429.5678755897234,397141,12.5,0.007,0.0087
269,429.567706900432,395254,13.0,0.007,0.0087
270,429.5676994292192,393389,13.5,0.007,0.0087
271,429.56786888486357,391513,14.0,0.007,0.0087
272,429.5678976883822,389614,14.5,0.007,0.0087
273,429.56783594240096,387728,15.0,0.007,0.0087
274,429.567837661503,385843,15.5,0.007,0.0087
275,429.5677453684403,383960,16.0,0.007,0.0087
276,429.5678676704542,382088,16.5,0.007,0.0087
277,429.5678941817251,380202,17.0,0.007,0.0087
278,429.5679825454675,378317,17.5,0.007,0.0087
279,429.5678625028486,376447,18.0,0.007,0.0087
280,429.5678129461831,374606,18.5,0.007,0.0087
281,429.5679636859272,372768,19.0,0.007,0.0087
282,429.5678059270466,370900,19.5,0.007,0.0087
283,429.567722842277,369054,20.0,0.007,0.0087
284,429.56786186463773,367218,20.5,0.007,0.0087
285,429.5678076787116,365394,21.0,0.007,0.0087
286,429.5679314653938,363598,21.5,0.007,0.0087
287,429.5679466240467,361773,22.0,0.007,0.0087
288,429.56777152008857,359951,22.5,0.007,0.0087
289,429.56791968171245,358151,23.0,0.007,0.0087
290,429.56800350489135,356371,23.5,0.007,0.0087
291,429.5678638539038,354603,24.0,0.007,0.0087
292,429.5677115672238,352814,24.5,0.007,0.0087
293,429.5679726151606,351042,25.0,0.007,0.0087
294,429.5678678122715,349274,25.5,0.007,0.0087
295,429.56797294054894,347525,26.0,0.007,0.0087
296,429.56784707704014,345802,26.5,0.007,0.0087
297,429.5679725443018,344056,27.0,0.007,0.0087
298,429.56783144481227,342316,27.5,0.007,0.0087
299,429.567873703193,340597,28.0,0.007,0.0087
300,429.5677645889678,338885,28.5,0.007,0.0087
301,429.56799073513594,337193,29.0,0.007,0.0087
302,429.5677560468664,335499,29.5,0.007,0.0087
303,429.56795001523466,333801,30.0,0.007,0.0087
304,429.56771603043535,332115,30.5,0.007,0.0087
305,429.56770316345853,330451,31.0,0.007,0.0087
306,429.5677027193305,328796,31.5,0.007,0.0087
307,429.56773507535144,327142,32.0,0.007,0.0087
308,429.5678159591651,325493,32.5,0.007,0.0087
309,429.56791043221176,323848,33.0,0.007,0.0087
310,429.56795053857746,322221,33.5,0.007,0.0087
311,429.5678466042963,320612,34.0,0.007,0.0087
312,429.567763656959,318999,34.5,0.007,0.0087
313,429.56776442819813,317391,35.0,0.007,0.0087
314,429.56785301773465,315793,35.5,0.007,0.0087
315,429.5677792497537,314203,36.0,0.007,0.0087
316,429.5677831690978,312636,36.5,0.007,0.0087
317,429.5679666677345,311071,37.0,0.007,0.0087
318,429.56789505555884,309501,37.5,0.007,0.0087
319,429.56776446305554,307948,38.0,0.007,0.0087
320,429.5678617639229,306401,38.5,0.007,0.0087
321,429.5679749157198,304872,39.0,0.007,0.0087
322,429.5677083303176,303353,39.5,0.007,0.0087
323,429.56774427109264,301825,40.0,0.007,0.0087
324,429.9975484669117,443016,0.0,0.013,0.0087
325,429.56802058143535,442397,0.5,0.013,0.0087
326,429.5677394332726,442520,1.0,0.013,0.0087
327,429.5676495969182,442547,1.5,0.013,0.0087
328,429.5678085744521,442459,2.0,0.013,0.0087
329,429.5677200948816,442261,2.5,0.013,0.0087
330,429.56765635044223,441964,3.0,0.013,0.0087
331,429.567785693582,441576,3.5,0.013,0.0087
332,429.56756048493156,441097,4.0,0.013,0.0087
333,429.56778775565493,440548,4.5,0.013,0.0087
334,429.5677288842404,439932,5.0,0.013,0.0087
335,429.56782663222265,439257,5.5,0.013,0.0087
336,429.56760294751945,438524,6.0,0.013,0.0087
337,429.56762407182634,437737,6.5,0.013,0.0087
338,429.5676726539664,436903,7.0,0.013,0.0087
339,429.56783963583393,436025,7.5,0.013,0.0087
340,429.5678124551457,435115,8.0,0.013,0.0087
341,429.5677228641701,434167,8.5,0.013,0.0087
342,429.5676209920096,433178,9.0,0.013,0.0087
343,429.5677856460858,432155,9.5,0.013,0.0087
344,429.5676668488503,431113,10.0,0.013,0.0087
345,429.56771725837035,430041,10.5,0.013,0.0087
346,429.56757653605916,428936,11.0,0.013,0.0087
347,429.56769661280197,427817,11.5,0.013,0.0087
348,429.567800550561,426678,12.0,0.013,0.0087
349,429.5677847862908,425511,12.5,0.013,0.0087
350,429.5675873871793,424331,13.0,0.013,0.0087
351,429.5675945111369,423137,13.5,0.013,0.0087
352,429.5676427761763,421919,14.0,0.013,0.0087
353,429.5675966374724,420693,14.5,0.013,0.0087
354,429.5677682549131,419457,15.0,0.013,0.0087
355,429.56775320194185,418197,15.5,0.013,0.0087
356,429.5677930901759,416936,16.0,0.013,0.0087
357,429.56774217811517,415664,16.5,0.013,0.0087
358,429.5676800506058,414372,17.0,0.013,0.0087
359,429.5677433134023,413083,17.5,0.013,0.0087
360,429.56770025066606,411781,18.0,0.013,0.0087
361,429.567683692177,410462,18.5,0.013,0.0087
362,429.56763821833863,409139,19.0,0.013,0.0087
363,429.5676255767909,407800,19.5,0.013,0.0087
364,429.56761596164586,406464,20.0,0.013,0.0087
365,429.5677269186749,405120,20.5,0.013,0.0087
366,429.567687401763,403773,21.0,0.013,0.0087
367,429.5675592884698,402423,21.5,0.013,0.0087
368,429.56773771457364,401054,22.0,0.013,0.0087
369,429.5676970329548,399690,22.5,0.013,0.0087
370,429.56777667504565,398320,23.0,0.013,0.0087
371,429.56761556698495,396953,23.5,0.013,0.0087
372,429.5676367271619,395592,24.0,0.013,0.0087
373,429.5676182300169,394231,24.5,0.013,0.0087
374,429.5677179515602,392860,25.0,0.013,0.0087
375,429.56768339205803,391477,25.5,0.013,0.0087
376,429.56757821943324,390101,26.0,0.013,0.0087
377,429.5676908703731,388726,26.5,0.013,0.0087
378,429.56770145927595,387355,27.0,0.013,0.0087
379,429.5677505591281,385994,27.5,0.013,0.0087
380,429.56769785385416,384629,28.0,0.013,0.0087
381,429.5677136004144,383255,28.5,0.013,0.0087
382,429.56764905064654,381877,29.0,0.013,0.0087
383,429.5677119584931,380508,29.5,0.013,0.0087
384,429.56758039759677,379141,30.0,0.013,0.0087
385,429.5676073354446,377781,30.5,0.013,0.0087
386,429.56761461636233,376432,31.0,0.013,0.0087
387,429.56771654307454,375072,31.5,0.013,0.0087
388,429.56773571059796,373712,32.0,0.013,0.0087
389,429.56757588748735,372350,32.5,0.013,0.0087
390,429.56774138603106,370999,33.0,0.013,0.0087
391,429.56761404646346,369651,33.5,0.013,0.0087
392,429.56774105076715,368312,34.0,0.013,0.0087
393,429.5676412788536,366983,34.5,0.013,0.0087
394,429.56756850745313,365636,35.0,0.013,0.0087
395,429.56772978599867,364299,35.5,0.013,0.0087
396,429.56772975179354,362962,36.0,0.013,0.0087
397,429.56770041425017,361635,36.5,0.013,0.0087
398,429.5675742055286,360313,37.0,0.013,0.0087
399,429.56774581514543,359001,37.5,0.013,0.0087
400,429.567598587385,357691,38.0,0.013,0.0087
401,429.567553939027,356372,38.5,0.013,0.0087
402,429.5676629347179,355063,39.0,0.013,0.0087
403,429.5676875101177,353756,39.5,0.013,0.0087
404,429.56772544264817,352459,40.0,0.013,0.0087
405,429.99764714270725,443016,0.0,0.009,0.0087
406,429.56779158686436,441169,0.5,0.009,0.0087
407,429.56804540650455,440103,1.0,0.009,0.0087
408,429.5680151399879,439019,1.5,0.009,0.0087
409,429.56769925481467,437880,2.0,0.009,0.0087
410,429.5678510734222,436688,2.5,0.009,0.0087
411,429.5676787838995,435477,3.0,0.009,0.0087
412,429.56795121574163,434206,3.5,0.009,0.0087
413,429.5676678768286,432906,4.0,0.009,0.0087
414,429.5677804050858,431560,4.5,0.009,0.0087
415,429.5676848275064,430175,5.0,0.009,0.0087
416,429.5677893502712,428770,5.5,0.009,0.0087
417,429.5676750033972,427321,6.0,0.009,0.0087
418,429.56788005280094,425874,6.5,0.009,0.0087
419,429.5677673420481,424376,7.0,0.009,0.0087
420,429.56785338145147,422884,7.5,0.009,0.0087
421,429.5678356365426,421354,8.0,0.009,0.0087
422,429.5677236025647,419823,8.5,0.009,0.0087
423,429.5678678891746,418268,9.0,0.009,0.0087
424,429.56785057659107,416706,9.5,0.009,0.0087
425,429.56772629296233,415126,10.0,0.009,0.0087
426,429.5677180642544,413541,10.5,0.009,0.0087
427,429.56792901587875,411942,11.0,0.009,0.0087
428,429.56776486613126,410335,11.5,0.009,0.0087
429,429.5676932738518,408708,12.0,0.009,0.0087
430,429.5677190764916,407063,12.5,0.009,0.0087
431,429.5678963342329,405427,13.0,0.009,0.0087
432,429.56777707226877,403775,13.5,0.009,0.0087
433,429.56789700939896,402132,14.0,0.009,0.0087
434,429.5676630692476,400458,14.5,0.009,0.0087
435,429.5677851167113,398793,15.0,0.009,0.0087
436,429.56770257767835,397132,15.5,0.009,0.0087
437,429.5677672344177,395476,16.0,0.009,0.0087
438,429.56766351187156,393824,16.5,0.009,0.0087
439,429.56767363083253,392142,17.0,0.009,0.0087
440,429.5677168714754,390477,17.5,0.009,0.0087
441,429.5676674670385,388812,18.0,0.009,0.0087
442,429.5679212550157,387163,18.5,0.009,0.0087
443,429.56783075164776,385508,19.0,0.009,0.0087
444,429.56790494406187,383834,19.5,0.009,0.0087
445,429.5678724365413,382178,20.0,0.009,0.0087
446,429.5678393597584,380521,20.5,0.009,0.0087
447,429.5678628965217,378885,21.0,0.009,0.0087
448,429.56769456981283,377236,21.5,0.009,0.0087
449,429.5677477201837,375579,22.0,0.009,0.0087
450,429.5676547936035,373938,22.5,0.009,0.0087
451,429.56786134562344,372298,23.0,0.009,0.0087
452,429.5676956905006,370680,23.5,0.009,0.0087
453,429.5679212072761,369046,24.0,0.009,0.0087
454,429.5678694173289,367412,24.5,0.009,0.0087
455,429.56771628737914,365790,25.0,0.009,0.0087
456,429.5678482253296,364172,25.5,0.009,0.0087
457,429.5678811649066,362577,26.0,0.009,0.0087
458,429.567751852695,360961,26.5,0.009,0.0087
459,429.5677693617402,359355,27.0,0.009,0.0087
460,429.5678406744796,357756,27.5,0.009,0.0087
461,429.56785892533236,356165,28.0,0.009,0.0087
462,429.5677653494303,354594,28.5,0.009,0.0087
463,429.5678161966316,353003,29.0,0.009,0.0087
464,429.5678916117637,351427,29.5,0.009,0.0087
465,429.5678302317482,349853,30.0,0.009,0.0087
466,429.5678773769939,348294,30.5,0.009,0.0087
467,429.56781723047544,346747,31.0,0.009,0.0087
468,429.5677353355095,345186,31.5,0.009,0.0087
469,429.5677471840009,343640,32.0,0.009,0.0087
470,429.5678950414822,342096,32.5,0.009,0.0087
471,429.5677833477364,340570,33.0,0.009,0.0087
472,429.56771360705073,339048,33.5,0.009,0.0087
473,429.5677375176788,337523,34.0,0.009,0.0087
474,429.5678507284052,336006,34.5,0.009,0.0087
475,429.56771017954964,334495,35.0,0.009,0.0087
476,429.5676545564868,333001,35.5,0.009,0.0087
477,429.5676727311152,331509,36.0,0.009,0.0087
478,429.56773816522656,330020,36.5,0.009,0.0087
479,429.5678763254439,328533,37.0,0.009,0.0087
480,429.56772431292546,327060,37.5,0.009,0.0087
481,429.56770055898915,325595,38.0,0.009,0.0087
482,429.567884256495,324139,38.5,0.009,0.0087
483,429.56779467578434,322681,39.0,0.009,0.0087
484,429.56781062647525,321229,39.5,0.009,0.0087
485,429.5677275359303,319791,40.0,0.009,0.0087
486,429.99730177925227,443016,0.0,0.023,0.0087
487,429.5674059357989,445456,0.5,0.023,0.0087
488,429.56754879363666,448407,1.0,0.023,0.0087
489,429.56766911889684,450988,1.5,0.023,0.0087
490,429.56754556890974,453236,2.0,0.023,0.0087
491,429.5674450298957,455196,2.5,0.023,0.0087
492,429.56738524774613,456914,3.0,0.023,0.0087
493,429.56738851723713,458436,3.5,0.023,0.0087
494,429.56741810901923,459785,4.0,0.023,0.0087
495,429.56742254290833,460945,4.5,0.023,0.0087
496,429.56752320738707,461961,5.0,0.023,0.0087
497,429.56749236336105,462841,5.5,0.023,0.0087
498,429.56741272238344,463587,6.0,0.023,0.0087
499,429.56731894394346,464233,6.5,0.023,0.0087
500,429.56744015546644,464758,7.0,0.023,0.0087
501,429.56752548921236,465218,7.5,0.023,0.0087
502,429.56738931071544,465585,8.0,0.023,0.0087
503,429.5673103084204,465851,8.5,0.023,0.0087
504,429.5674743978861,466053,9.0,0.023,0.0087
505,429.5673949688908,466179,9.5,0.023,0.0087
506,429.567317017881,466215,10.0,0.023,0.0087
507,429.5674822067755,466179,10.5,0.023,0.0087
508,429.56749406056935,466097,11.0,0.023,0.0087
509,429.5675131412131,465949,11.5,0.023,0.0087
510,429.5674078847468,465730,12.0,0.023,0.0087
511,429.5673697203978,465474,12.5,0.023,0.0087
512,429.5675123693756,465164,13.0,0.023,0.0087
513,429.56747377376814,464799,13.5,0.023,0.0087
514,429.5673614126199,464395,14.0,0.023,0.0087
515,429.56750566072407,463955,14.5,0.023,0.0087
516,429.56739055370394,463471,15.0,0.023,0.0087
517,429.5674045119183,462950,15.5,0.023,0.0087
518,429.56743264637225,462402,16.0,0.023,0.0087
519,429.56749025581524,461820,16.5,0.023,0.0087
520,429.56732475244735,461203,17.0,0.023,0.0087
521,429.5673394494931,460573,17.5,0.023,0.0087
522,429.5674141923649,459919,18.0,0.023,0.0087
523,429.5673104133714,459240,18.5,0.023,0.0087
524,429.5673587480073,458538,19.0,0.023,0.0087
525,429.5674543276998,457813,19.5,0.023,0.0087
526,429.56731017321806,457064,20.0,0.023,0.0087
527,429.5673351561088,456298,20.5,0.023,0.0087
528,429.56745181967625,455522,21.0,0.023,0.0087
529,429.56736639331575,454727,21.5,0.023,0.0087
530,429.5673944942196,453915,22.0,0.023,0.0087
531,429.56745374511917,453086,22.5,0.023,0.0087
532,429.5674749501807,452240,23.0,0.023,0.0087
533,429.56738384818016,451377,23.5,0.023,0.0087
534,429.5673873236085,450508,24.0,0.023,0.0087
535,429.5674314944038,449632,24.5,0.023,0.0087
536,429.5674047032595,448745,25.0,0.023,0.0087
537,429.56742926690566,447848,25.5,0.023,0.0087
538,429.5674493500793,446941,26.0,0.023,0.0087
539,429.5673907330927,446024,26.5,0.023,0.0087
540,429.56741007911415,445098,27.0,0.023,0.0087
541,429.5674542991643,444169,27.5,0.023,0.0087
542,429.56737277948645,443233,28.0,0.023,0.0087
543,429.5674062249478,442292,28.5,0.023,0.0087
544,429.567323923962,441345,29.0,0.023,0.0087
545,429.5674280339495,440394,29.5,0.023,0.0087
546,429.5673284726957,439437,30.0,0.023,0.0087
547,429.5673169632537,438476,30.5,0.023,0.0087
548,429.56740861733783,437512,31.0,0.023,0.0087
549,429.5674291556024,436545,31.5,0.023,0.0087
550,429.56734645591405,435575,32.0,0.023,0.0087
551,429.56731126348325,434603,32.5,0.023,0.0087
552,429.56746112808315,433630,33.0,0.023,0.0087
553,429.5674594690315,432654,33.5,0.023,0.0087
554,429.5673910991977,431675,34.0,0.023,0.0087
555,429.5673869085918,430695,34.5,0.023,0.0087
556,429.56748109570617,429715,35.0,0.023,0.0087
557,429.5673067965005,428733,35.5,0.023,0.0087
558,429.56738595821037,427752,36.0,0.023,0.0087
559,429.56737942761316,426770,36.5,0.023,0.0087
560,429.56734685718084,425789,37.0,0.023,0.0087
561,429.56737581093705,424806,37.5,0.023,0.0087
562,429.5673354947563,423823,38.0,0.023,0.0087
563,429.56738328084293,422841,38.5,0.023,0.0087
564,429.5673443287994,421859,39.0,0.023,0.0087
565,429.56742955158086,420879,39.5,0.023,0.0087
566,429.56745278922625,419901,40.0,0.023,0.0087
567,429.9972031049393,443016,0.0,0.027,0.0087
568,429.5672589417195,446676,0.5,0.027,0.0087
569,429.5673728524761,450678,1.0,0.027,0.0087
570,429.5675380404205,454208,1.5,0.027,0.0087
571,429.56737200247795,457297,2.0,0.027,0.0087
572,429.56744163043396,460050,2.5,0.027,0.0087
573,429.56738024587264,462516,3.0,0.027,0.0087
574,429.56743070338507,464731,3.5,0.027,0.0087
575,429.56722509146726,466700,4.0,0.027,0.0087
576,429.5672400111335,468462,4.5,0.027,0.0087
577,429.5672506334035,470046,5.0,0.027,0.0087
578,429.56727165640757,471459,5.5,0.027,0.0087
579,429.5673251360792,472731,6.0,0.027,0.0087
580,429.56726741953264,473884,6.5,0.027,0.0087
581,429.56739355035864,474886,7.0,0.027,0.0087
582,429.5673213636496,475777,7.5,0.027,0.0087
583,429.5672996449976,476546,8.0,0.027,0.0087
584,429.5673524785976,477182,8.5,0.027,0.0087
585,429.5673016748737,477731,9.0,0.027,0.0087
586,429.56736662850346,478179,9.5,0.027,0.0087
587,429.5672396275888,478513,10.0,0.027,0.0087
588,429.5672786166749,478788,10.5,0.027,0.0087
589,429.5673985199937,478967,11.0,0.027,0.0087
590,429.5673089474871,479064,11.5,0.027,0.0087
591,429.5673821625396,479107,12.0,0.027,0.0087
592,429.5673375273347,479073,12.5,0.027,0.0087
593,429.56734876673255,478977,13.0,0.027,0.0087
594,429.5672718821277,478829,13.5,0.027,0.0087
595,429.56730210397296,478624,14.0,0.027,0.0087
596,429.567213302283,478385,14.5,0.027,0.0087
597,429.56731088064197,478106,15.0,0.027,0.0087
598,429.56735144141487,477783,15.5,0.027,0.0087
599,429.56727587241716,477417,16.0,0.027,0.0087
600,429.5673533910364,477010,16.5,0.027,0.0087
601,429.56729117698603,476568,17.0,0.027,0.0087
602,429.56721419917034,476107,17.5,0.027,0.0087
603,429.5673776244204,475614,18.0,0.027,0.0087
604,429.5673854045865,475087,18.5,0.027,0.0087
605,429.5672442028743,474526,19.0,0.027,0.0087
606,429.5672299954508,473933,19.5,0.027,0.0087
607,429.5673687716355,473331,20.0,0.027,0.0087
608,429.5673908327003,472711,20.5,0.027,0.0087
609,429.56732497300544,472068,21.0,0.027,0.0087
610,429.56731709747174,471403,21.5,0.027,0.0087
611,429.5672805261725,470716,22.0,0.027,0.0087
612,429.5673024288667,470012,22.5,0.027,0.0087
613,429.5673581586707,469304,23.0,0.027,0.0087
614,429.56723735766553,468580,23.5,0.027,0.0087
615,429.56725478989966,467842,24.0,0.027,0.0087
616,429.56736673803937,467090,24.5,0.027,0.0087
617,429.56731141085305,466323,25.0,0.027,0.0087
618,429.56738314975325,465551,25.5,0.027,0.0087
619,429.56727962881297,464771,26.0,0.027,0.0087
620,429.5672867879656,463982,26.5,0.027,0.0087
621,429.5673317939899,463184,27.0,0.027,0.0087
622,429.5673712493413,462377,27.5,0.027,0.0087
623,429.5673149636903,461562,28.0,0.027,0.0087
624,429.5673241004919,460745,28.5,0.027,0.0087
625,429.5673477890773,459922,29.0,0.027,0.0087
626,429.5673435763885,459093,29.5,0.027,0.0087
627,429.5672555781763,458258,30.0,0.027,0.0087
628,429.5672219309312,457418,30.5,0.027,0.0087
629,429.5673224399423,456576,31.0,0.027,0.0087
630,429.56722731683794,455730,31.5,0.027,0.0087
631,429.56726350296066,454881,32.0,0.027,0.0087
632,429.5673278056849,454029,32.5,0.027,0.0087
633,429.56735555179466,453174,33.0,0.027,0.0087
634,429.5672769360585,452316,33.5,0.027,0.0087
635,429.56724169020316,451456,34.0,0.027,0.0087
636,429.56736170397943,450595,34.5,0.027,0.0087
637,429.5672467277692,449731,35.0,0.027,0.0087
638,429.5672453595699,448866,35.5,0.027,0.0087
639,429.5672983257355,448000,36.0,0.027,0.0087
640,429.5672111285898,447132,36.5,0.027,0.0087
641,429.56728747815083,446264,37.0,0.027,0.0087
642,429.5672298756369,445395,37.5,0.027,0.0087
643,429.5673315039016,444527,38.0,0.027,0.0087
644,429.56737454306057,443659,38.5,0.027,0.0087
645,429.56723051480174,442789,39.0,0.027,0.0087
646,429.5673543277081,441920,39.5,0.027,0.0087
647,429.56725672112765,441050,40.0,0.027,0.0087
648,429.9974004539982,443016,0.0,0.019,0.0087
649,429.5674317032743,444248,0.5,0.019,0.0087
650,429.5675265451992,446092,1.0,0.019,0.0087
651,429.5674066371734,447671,1.5,0.019,0.0087
652,429.56747069066483,449029,2.0,0.019,0.0087
653,429.567495011794,450177,2.5,0.019,0.0087
654,429.5675968080215,451117,3.0,0.019,0.0087
655,429.56747179229444,451909,3.5,0.019,0.0087
656,429.56770540722647,452541,4.0,0.019,0.0087
657,429.5674541205216,453061,4.5,0.019,0.0087
658,429.56755129301644,453472,5.0,0.019,0.0087
659,429.5676415362745,453773,5.5,0.019,0.0087
660,429.56751470300355,453967,6.0,0.019,0.0087
661,429.5674848186317,454083,6.5,0.019,0.0087
662,429.567436778873,454114,7.0,0.019,0.0087
663,429.5675259366061,454065,7.5,0.019,0.0087
664,429.56752738701095,453946,8.0,0.019,0.0087
665,429.5675166483199,453759,8.5,0.019,0.0087
666,429.5674550305659,453515,9.0,0.019,0.0087
667,429.56755880006506,453216,9.5,0.019,0.0087
668,429.5675204901415,452875,10.0,0.019,0.0087
669,429.5674277954184,452484,10.5,0.019,0.0087
670,429.5674504628875,452043,11.0,0.019,0.0087
671,429.56750056226196,451555,11.5,0.019,0.0087
672,429.5676295206392,451034,12.0,0.019,0.0087
673,429.5675363524807,450469,12.5,0.019,0.0087
674,429.5675671034246,449862,13.0,0.019,0.0087
675,429.56742302520604,449213,13.5,0.019,0.0087
676,429.5674593420388,448544,14.0,0.019,0.0087
677,429.5674444465064,447842,14.5,0.019,0.0087
678,429.56747113869864,447108,15.0,0.019,0.0087
679,429.5675957303367,446343,15.5,0.019,0.0087
680,429.5674504443934,445556,16.0,0.019,0.0087
681,429.5676145570984,444746,16.5,0.019,0.0087
682,429.5675046818415,443909,17.0,0.019,0.0087
683,429.56757797219666,443049,17.5,0.019,0.0087
684,429.56754122295206,442172,18.0,0.019,0.0087
685,429.56745328878804,441279,18.5,0.019,0.0087
686,429.5675376813985,440369,19.0,0.019,0.0087
687,429.56742172685983,439440,19.5,0.019,0.0087
688,429.5674409816034,438495,20.0,0.019,0.0087
689,429.5675298535279,437536,20.5,0.019,0.0087
690,429.5675883958071,436565,21.0,0.019,0.0087
691,429.56751491441673,435582,21.5,0.019,0.0087
692,429.56750163185774,434588,22.0,0.019,0.0087
693,429.56742744497467,433582,22.5,0.019,0.0087
694,429.56758066558814,432565,23.0,0.019,0.0087
695,429.56745508236855,431539,23.5,0.019,0.0087
696,429.56750275353096,430507,24.0,0.019,0.0087
697,429.56751590874075,429466,24.5,0.019,0.0087
698,429.5675248250616,428415,25.0,0.019,0.0087
699,429.567536404916,427356,25.5,0.019,0.0087
700,429.56748347797105,426292,26.0,0.019,0.0087
701,429.56742180732977,425223,26.5,0.019,0.0087
702,429.5674530764608,424148,27.0,0.019,0.0087
703,429.567575685475,423067,27.5,0.019,0.0087
704,429.56753802111115,421983,28.0,0.019,0.0087
705,429.56744749194377,420892,28.5,0.019,0.0087
706,429.56747219570883,419797,29.0,0.019,0.0087
707,429.5675955242985,418697,29.5,0.019,0.0087
708,429.56750686466444,417595,30.0,0.019,0.0087
709,429.56752809431,416493,30.5,0.019,0.0087
710,429.5674417653435,415389,31.0,0.019,0.0087
711,429.56740630083596,414283,31.5,0.019,0.0087
712,429.56742907891544,413179,32.0,0.019,0.0087
713,429.56746700985275,412067,32.5,0.019,0.0087
714,429.56743620394826,410953,33.0,0.019,0.0087
715,429.56741647625665,409837,33.5,0.019,0.0087
716,429.56741069528255,408723,34.0,0.019,0.0087
717,429.56745842351137,407611,34.5,0.019,0.0087
718,429.567571192172,406500,35.0,0.019,0.0087
719,429.5674108152589,405389,35.5,0.019,0.0087
720,429.56743124552304,404283,36.0,0.019,0.0087
721,429.5675030759387,403169,36.5,0.019,0.0087
722,429.56749323605385,402054,37.0,0.019,0.0087
723,429.5675236794674,400941,37.5,0.019,0.0087
724,429.5674956688402,399831,38.0,0.019,0.0087
725,429.56753390479287,398724,38.5,0.019,0.0087
726,429.567422551544,397618,39.0,0.019,0.0087
727,429.567495744691,396518,39.5,0.019,0.0087
728,429.5674684813015,395422,40.0,0.019,0.0087
729,429.99784449536907,443016,0.0,0.001,0.0087
730,429.5683534827411,438679,0.5,0.001,0.0087
731,429.568106330279,435180,1.0,0.001,0.0087
732,429.56830689504113,431731,1.5,0.001,0.0087
733,429.56829269719435,428309,2.0,0.001,0.0087
734,429.5679369309451,424903,2.5,0.001,0.0087
735,429.5679903441533,421531,3.0,0.001,0.0087
736,429.56836973421827,418201,3.5,0.001,0.0087
737,429.5680904391865,414887,4.0,0.001,0.0087
738,429.5681682378636,411591,4.5,0.001,0.0087
739,429.5680785556152,408343,5.0,0.001,0.0087
740,429.56805204895903,405120,5.5,0.001,0.0087
741,429.56803414783565,401915,6.0,0.001,0.0087
742,429.5683581176357,398728,6.5,0.001,0.0087
743,429.5679899762314,395587,7.0,0.001,0.0087
744,429.56835921529193,392472,7.5,0.001,0.0087
745,429.5680313556965,389373,8.0,0.001,0.0087
746,429.5679164800646,386295,8.5,0.001,0.0087
747,429.56785200952817,383254,9.0,0.001,0.0087
748,429.56832368290816,380245,9.5,0.001,0.0087
749,429.5680494421816,377253,10.0,0.001,0.0087
750,429.56788984885173,374280,10.5,0.001,0.0087
751,429.56791666527437,371328,11.0,0.001,0.0087
752,429.5683512090924,368416,11.5,0.001,0.0087
753,429.56788651712617,365528,12.0,0.001,0.0087
754,429.56828437711226,362659,12.5,0.001,0.0087
755,429.5681740848165,359810,13.0,0.001,0.0087
756,429.56830497425545,356980,13.5,0.001,0.0087
757,429.56809938727656,354177,14.0,0.001,0.0087
758,429.5681542939242,351409,14.5,0.001,0.0087
759,429.56792440857413,348659,15.0,0.001,0.0087
760,429.5678997879712,345931,15.5,0.001,0.0087
761,429.5683912385499,343221,16.0,0.001,0.0087
762,429.56832012242205,340532,16.5,0.001,0.0087
763,429.5680955148994,337861,17.0,0.001,0.0087
764,429.5679391843063,335222,17.5,0.001,0.0087
765,429.56796411168983,332609,18.0,0.001,0.0087
766,429.56799979190106,330015,18.5,0.001,0.0087
767,429.567930042286,327442,19.0,0.001,0.0087
768,429.56826510722806,324887,19.5,0.001,0.0087
769,429.56792908260365,322353,20.0,0.001,0.0087
770,429.56809818023356,319837,20.5,0.001,0.0087
771,429.56794855098116,317342,21.0,0.001,0.0087
772,429.56830773913737,314867,21.5,0.001,0.0087
773,429.5683164868678,312417,22.0,0.001,0.0087
774,429.5682329711524,309991,22.5,0.001,0.0087
775,429.5678934204422,307583,23.0,0.001,0.0087
776,429.5678829180671,305197,23.5,0.001,0.0087
777,429.5684379466482,302828,24.0,0.001,0.0087
778,429.5680306574601,300479,24.5,0.001,0.0087
779,429.56829012120346,298148,25.0,0.001,0.0087
780,429.5678973606179,295836,25.5,0.001,0.0087
781,429.5683555423004,293544,26.0,0.001,0.0087
782,429.5680781564036,291269,26.5,0.001,0.0087
783,429.5683144888989,289015,27.0,0.001,0.0087
784,429.56832028090315,286777,27.5,0.001,0.0087
785,429.56810955311346,284560,28.0,0.001,0.0087
786,429.56786157177316,282358,28.5,0.001,0.0087
787,429.5683920702576,280178,29.0,0.001,0.0087
788,429.5678877100381,278013,29.5,0.001,0.0087
789,429.5682313687432,275868,30.0,0.001,0.0087
790,429.5683590837169,273741,30.5,0.001,0.0087
791,429.56816314620403,271630,31.0,0.001,0.0087
792,429.56812293249624,269539,31.5,0.001,0.0087
793,429.5682806850817,267463,32.0,0.001,0.0087
794,429.56837651724453,265407,32.5,0.001,0.0087
795,429.5681831056595,263365,33.0,0.001,0.0087
796,429.56815376258135,261342,33.5,0.001,0.0087
797,429.5680548469315,259335,34.0,0.001,0.0087
798,429.56826592676543,257345,34.5,0.001,0.0087
799,429.5681704012503,255372,35.0,0.001,0.0087
800,429.5684128060091,253414,35.5,0.001,0.0087
801,429.5683162515404,251474,36.0,0.001,0.0087
802,429.568392152563,249547,36.5,0.001,0.0087
803,429.56832259960186,247638,37.0,0.001,0.0087
804,429.5678790243367,245742,37.5,0.001,0.0087
805,429.56793079138237,243863,38.0,0.001,0.0087
806,429.56799231575764,241999,38.5,0.001,0.0087
807,429.56798367166465,240149,39.0,0.001,0.0087
808,429.56789075001825,238315,39.5,0.001,0.0087
809,429.5680238085312,236494,40.0,0.001,0.0087
810,429.9974991291694,443016,0.0,0.015,0.0087
811,429.56752065541576,443012,0.5,0.015,0.0087
812,429.5678043982217,443732,1.0,0.015,0.0087
813,429.56770185182774,444282,1.5,0.015,0.0087
814,429.56758981320746,444680,2.0,0.015,0.0087
815,429.5675292007201,444957,2.5,0.015,0.0087
816,429.5676898343643,445099,3.0,0.015,0.0087
817,429.5677561522981,445114,3.5,0.015,0.0087
818,429.56758274091123,445021,4.0,0.015,0.0087
819,429.5677452492769,444839,4.5,0.015,0.0087
820,429.5676316757845,444569,5.0,0.015,0.0087
821,429.56753230567216,444224,5.5,0.015,0.0087
822,429.5676209824383,443821,6.0,0.015,0.0087
823,429.5676933371165,443353,6.5,0.015,0.0087
824,429.5676137240016,442825,7.0,0.015,0.0087
825,429.5675978767965,442246,7.5,0.015,0.0087
826,429.5675697586142,441610,8.0,0.015,0.0087
827,429.5676100150351,440928,8.5,0.015,0.0087
828,429.5675446419259,440203,9.0,0.015,0.0087
829,429.56766500267213,439433,9.5,0.015,0.0087
830,429.56759502537597,438632,10.0,0.015,0.0087
831,429.56775588706097,437801,10.5,0.015,0.0087
832,429.56767477197474,436935,11.0,0.015,0.0087
833,429.567524966583,436038,11.5,0.015,0.0087
834,429.56767122714285,435110,12.0,0.015,0.0087
835,429.56760412659145,434157,12.5,0.015,0.0087
836,429.56759498463913,433186,13.0,0.015,0.0087
837,429.56758739557705,432191,13.5,0.015,0.0087
838,429.5676337681611,431170,14.0,0.015,0.0087
839,429.5676025042536,430127,14.5,0.015,0.0087
840,429.56754421838815,429071,15.0,0.015,0.0087
841,429.5677034843221,427997,15.5,0.015,0.0087
842,429.5676325725785,426900,16.0,0.015,0.0087
843,429.5676341739131,425791,16.5,0.015,0.0087
844,429.5676200616977,424669,17.0,0.015,0.0087
845,429.56760322255485,423529,17.5,0.015,0.0087
846,429.5675785690483,422373,18.0,0.015,0.0087
847,429.56751668151884,421213,18.5,0.015,0.0087
848,429.5676591422064,420045,19.0,0.015,0.0087
849,429.56754710971103,418860,19.5,0.015,0.0087
850,429.5676615732062,417666,20.0,0.015,0.0087
851,429.56762646091533,416465,20.5,0.015,0.0087
852,429.5675382571698,415251,21.0,0.015,0.0087
853,429.56764614599126,414037,21.5,0.015,0.0087
854,429.5676447123587,412822,22.0,0.015,0.0087
855,429.5675949564007,411589,22.5,0.015,0.0087
856,429.5676359864592,410352,23.0,0.015,0.0087
857,429.56755503155426,409113,23.5,0.015,0.0087
858,429.56754262147416,407866,24.0,0.015,0.0087
859,429.56751658278887,406622,24.5,0.015,0.0087
860,429.56755629130424,405378,25.0,0.015,0.0087
861,429.5675219956359,404117,25.5,0.015,0.0087
862,429.56761811514247,402859,26.0,0.015,0.0087
863,429.56760974705827,401600,26.5,0.015,0.0087
864,429.56761009449076,400337,27.0,0.015,0.0087
865,429.5676593863608,399081,27.5,0.015,0.0087
866,429.56765553131777,397818,28.0,0.015,0.0087
867,429.56754604992364,396547,28.5,0.015,0.0087
868,429.56766554649425,395282,29.0,0.015,0.0087
869,429.56756825303796,394014,29.5,0.015,0.0087
870,429.5676776595143,392750,30.0,0.015,0.0087
871,429.5675457902851,391491,30.5,0.015,0.0087
872,429.56759094963,390220,31.0,0.015,0.0087
873,429.5676595808905,388953,31.5,0.015,0.0087
874,429.56769042450543,387689,32.0,0.015,0.0087
875,429.5676461426332,386424,32.5,0.015,0.0087
876,429.56763101317097,385167,33.0,0.015,0.0087
877,429.56771028802154,383909,33.5,0.015,0.0087
878,429.56760701647556,382645,34.0,0.015,0.0087
879,429.5675141313334,381387,34.5,0.015,0.0087
880,429.56751018534953,380130,35.0,0.015,0.0087
881,429.5675913515888,378879,35.5,0.015,0.0087
882,429.56765507970334,377635,36.0,0.015,0.0087
883,429.5675619829807,376379,36.5,0.015,0.0087
884,429.56761781018747,375127,37.0,0.015,0.0087
885,429.56759148056653,373877,37.5,0.015,0.0087
886,429.56758841191635,372628,38.0,0.015,0.0087
887,429.56757189128837,371386,38.5,0.015,0.0087
888,429.56756899586037,370147,39.0,0.015,0.0087
889,429.56764236913784,368914,39.5,0.015,0.0087
890,429.5676265454801,367689,40.0,0.015,0.0087
891,429.9975978047584,443016,0.0,0.011,0.0087
892,429.5679337481328,441788,0.5,0.011,0.0087
893,429.56761361111836,441329,1.0,0.011,0.0087
894,429.5676377089975,440799,1.5,0.011,0.0087
895,429.56768924423807,440192,2.0,0.011,0.0087
896,429.5678262561952,439506,2.5,0.011,0.0087
897,429.567864400263,438755,3.0,0.011,0.0087
898,429.5676017116839,437944,3.5,0.011,0.0087
899,429.56791353035817,437067,4.0,0.011,0.0087
900,429.56781668391557,436125,4.5,0.011,0.0087
901,429.5676767811174,435135,5.0,0.011,0.0087
902,429.5678789045721,434111,5.5,0.011,0.0087
903,429.567879253433,433035,6.0,0.011,0.0087
904,429.5677105470975,431914,6.5,0.011,0.0087
905,429.5677682386695,430776,7.0,0.011,0.0087
906,429.56783198075226,429595,7.5,0.011,0.0087
907,429.56784786151104,428382,8.0,0.011,0.0087
908,429.56785374090765,427155,8.5,0.011,0.0087
909,429.56789804765555,425889,9.0,0.011,0.0087
910,429.56771877926667,424603,9.5,0.011,0.0087
911,429.5676776535781,423296,10.0,0.011,0.0087
912,429.56782887511287,421963,10.5,0.011,0.0087
913,429.5676727300558,420624,11.0,0.011,0.0087
914,429.5677070540286,419250,11.5,0.011,0.0087
915,429.56787688700473,417877,12.0,0.011,0.0087
916,429.5678748335846,416489,12.5,0.011,0.0087
917,429.5676348717191,415087,13.0,0.011,0.0087
918,429.5678022711589,413672,13.5,0.011,0.0087
919,429.5676719456475,412241,14.0,0.011,0.0087
920,429.5677785866015,410819,14.5,0.011,0.0087
921,429.5676399559624,409374,15.0,0.011,0.0087
922,429.56768949578606,407928,15.5,0.011,0.0087
923,429.5678323075799,406466,16.0,0.011,0.0087
924,429.5676051849218,405015,16.5,0.011,0.0087
925,429.5678525180176,403548,17.0,0.011,0.0087
926,429.56784604734963,402078,17.5,0.011,0.0087
927,429.5676324754293,400598,18.0,0.011,0.0087
928,429.56775430319885,399128,18.5,0.011,0.0087
929,429.5677347376925,397648,19.0,0.011,0.0087
930,429.56762747097355,396162,19.5,0.011,0.0087
931,429.5676253123211,394675,20.0,0.011,0.0087
932,429.5677577165226,393193,20.5,0.011,0.0087
933,429.56780282606667,391708,21.0,0.011,0.0087
934,429.56775524786843,390215,21.5,0.011,0.0087
935,429.5678223539948,388726,22.0,0.011,0.0087
936,429.5677669311535,387239,22.5,0.011,0.0087
937,429.56762250799915,385753,23.0,0.011,0.0087
938,429.56767208063684,384260,23.5,0.011,0.0087
939,429.5676658397302,382773,24.0,0.011,0.0087
940,429.56763221811303,381288,24.5,0.011,0.0087
941,429.56779356809136,379803,25.0,0.011,0.0087
942,429.5677022467817,378302,25.5,0.011,0.0087
943,429.56765110915893,376804,26.0,0.011,0.0087
944,429.5676722873603,375304,26.5,0.011,0.0087
945,429.56781423420546,373810,27.0,0.011,0.0087
946,429.5677673838146,372317,27.5,0.011,0.0087
947,429.56782704372887,370833,28.0,0.011,0.0087
948,429.56768021108536,369354,28.5,0.011,0.0087
949,429.5678226468047,367873,29.0,0.011,0.0087
950,429.5677068521112,366379,29.5,0.011,0.0087
951,429.56780367737434,364892,30.0,0.011,0.0087
952,429.56771858901794,363410,30.5,0.011,0.0087
953,429.5677310888102,361937,31.0,0.011,0.0087
954,429.567796529397,360474,31.5,0.011,0.0087
955,429.5677239468927,359022,32.0,0.011,0.0087
956,429.5677882742896,357584,32.5,0.011,0.0087
957,429.56770134409715,356139,33.0,0.011,0.0087
958,429.5676946816689,354680,33.5,0.011,0.0087
959,429.5678319621729,353228,34.0,0.011,0.0087
960,429.56769998423385,351783,34.5,0.011,0.0087
961,429.56783624557403,350348,35.0,0.011,0.0087
962,429.56772164772434,348923,35.5,0.011,0.0087
963,429.5676034252851,347510,36.0,0.011,0.0087
964,429.56761551613704,346111,36.5,0.011,0.0087
965,429.5676936360293,344708,37.0,0.011,0.0087
966,429.56769725199706,343292,37.5,0.011,0.0087
967,429.5676927973265,341884,38.0,0.011,0.0087
968,429.5676519637345,340483,38.5,0.011,0.0087
969,429.5676540255734,339093,39.0,0.011,0.0087
970,429.56766157794834,337712,39.5,0.011,0.0087
971,429.567661435813,336345,40.0,0.011,0.0087
972,429.9977458189073,443016,0.0,0.005,0.0087
973,429.5679492269125,439917,0.5,0.005,0.0087
974,429.5679096991809,437655,1.0,0.005,0.0087
975,429.5678550007537,435405,1.5,0.005,0.0087
976,429.5679248922197,433154,2.0,0.005,0.0087
977,429.56789905775986,430905,2.5,0.005,0.0087
978,429.56815776641974,428657,3.0,0.005,0.0087
979,429.56818910820397,426408,3.5,0.005,0.0087
980,429.56817042800037,424155,4.0,0.005,0.0087
981,429.56798183776465,421905,4.5,0.005,0.0087
982,429.5680184681917,419656,5.0,0.005,0.0087
983,429.56784294347216,417396,5.5,0.005,0.0087
984,429.5678815021373,415157,6.0,0.005,0.0087
985,429.56799259318996,412905,6.5,0.005,0.0087
986,429.56783923717336,410673,7.0,0.005,0.0087
987,429.56812657236634,408460,7.5,0.005,0.0087
988,429.5677693564796,406230,8.0,0.005,0.0087
989,429.568113070699,404019,8.5,0.005,0.0087
990,429.56778450272856,401802,9.0,0.005,0.0087
991,429.5680349083578,399591,9.5,0.005,0.0087
992,429.56774869358384,397408,10.0,0.005,0.0087
993,429.5679430075779,395217,10.5,0.005,0.0087
994,429.56805211301366,393040,11.0,0.005,0.0087
995,429.5680280953233,390865,11.5,0.005,0.0087
996,429.56802874129494,388690,12.0,0.005,0.0087
997,429.56806161657363,386537,12.5,0.005,0.0087
998,429.5678208118232,384386,13.0,0.005,0.0087
999,429.56802527350624,382250,13.5,0.005,0.0087
1000,429.5680068583868,380120,14.0,0.005,0.0087
1001,429.5680070697374,377989,14.5,0.005,0.0087
1002,429.56782219402174,375874,15.0,0.005,0.0087
1003,429.56805087177673,373766,15.5,0.005,0.0087
1004,429.5681067939859,371675,16.0,0.005,0.0087
1005,429.5677743442717,369587,16.5,0.005,0.0087
1006,429.5678662808475,367483,17.0,0.005,0.0087
1007,429.5680442704659,365383,17.5,0.005,0.0087
1008,429.56794555973977,363296,18.0,0.005,0.0087
1009,429.56802360942186,361235,18.5,0.005,0.0087
1010,429.56806719896554,359186,19.0,0.005,0.0087
1011,429.56788322227766,357121,19.5,0.005,0.0087
1012,429.5680191100622,355071,20.0,0.005,0.0087
1013,429.568097745818,353042,20.5,0.005,0.0087
1014,429.56778657207013,351046,21.0,0.005,0.0087
1015,429.5679066203576,349049,21.5,0.005,0.0087
1016,429.56788232929495,347045,22.0,0.005,0.0087
1017,429.56776807862724,345055,22.5,0.005,0.0087
1018,429.5679523993919,343087,23.0,0.005,0.0087
1019,429.56791240569277,341151,23.5,0.005,0.0087
1020,429.56800664115866,339195,24.0,0.005,0.0087
1021,429.56807275491894,337250,24.5,0.005,0.0087
1022,429.5678787560485,335319,25.0,0.005,0.0087
1023,429.5678442848493,333412,25.5,0.005,0.0087
1024,429.5679966356326,331522,26.0,0.005,0.0087
1025,429.5678850415041,329622,26.5,0.005,0.0087
1026,429.56798556712414,327734,27.0,0.005,0.0087
1027,429.5678170568765,325862,27.5,0.005,0.0087
1028,429.56800043509867,324020,28.0,0.005,0.0087
1029,429.5677875581158,322172,28.5,0.005,0.0087
1030,429.567833748613,320327,29.0,0.005,0.0087
1031,429.567939044444,318495,29.5,0.005,0.0087
1032,429.5677753394798,316686,30.0,0.005,0.0087
1033,429.56791408750405,314899,30.5,0.005,0.0087
1034,429.56776553572746,313097,31.0,0.005,0.0087
1035,429.5679599335072,311306,31.5,0.005,0.0087
1036,429.5678206157939,309535,32.0,0.005,0.0087
1037,429.5680258686022,307790,32.5,0.005,0.0087
1038,429.56797702990673,306042,33.0,0.005,0.0087
1039,429.5679426064376,304292,33.5,0.005,0.0087
1040,429.56787401472235,302562,34.0,0.005,0.0087
1041,429.56792336837896,300853,34.5,0.005,0.0087
1042,429.5678560920014,299157,35.0,0.005,0.0087
1043,429.56806121358653,297451,35.5,0.005,0.0087
1044,429.5680163784899,295764,36.0,0.005,0.0087
1045,429.56797788879936,294091,36.5,0.005,0.0087
1046,429.5677860887734,292429,37.0,0.005,0.0087
1047,429.5679409043061,290780,37.5,0.005,0.0087
1048,429.5677984488045,289135,38.0,0.005,0.0087
1049,429.5677845643268,287498,38.5,0.005,0.0087
1050,429.56796704739423,285874,39.0,0.005,0.0087
1051,429.56799446698096,284274,39.5,0.005,0.0087
1052,429.56786856937487,282672,40.0,0.005,0.0087
1053,429.9973511165715,443016,0.0,0.021,0.0087
1054,429.5675722636312,444851,0.5,0.021,0.0087
1055,429.56762211556025,447245,1.0,0.021,0.0087
1056,429.56764162563405,449337,1.5,0.021,0.0087
1057,429.56771321969364,451157,2.0,0.021,0.0087
1058,429.56763607197587,452714,2.5,0.021,0.0087
1059,429.5673915245389,454040,3.0,0.021,0.0087
1060,429.56737302536595,455207,3.5,0.021,0.0087
1061,429.56735965355045,456210,4.0,0.021,0.0087
1062,429.5674555428246,457069,4.5,0.021,0.0087
1063,429.56742626979303,457776,5.0,0.021,0.0087
1064,429.5675550321018,458379,5.5,0.021,0.0087
1065,429.56755925080176,458846,6.0,0.021,0.0087
1066,429.5674275776256,459237,6.5,0.021,0.0087
1067,429.56742764241255,459517,7.0,0.021,0.0087
1068,429.56746560264565,459714,7.5,0.021,0.0087
1069,429.567510092361,459839,8.0,0.021,0.0087
1070,429.56756223357064,459906,8.5,0.021,0.0087
1071,429.5675352171737,459897,9.0,0.021,0.0087
1072,429.5674328644929,459812,9.5,0.021,0.0087
1073,429.56750204435076,459674,10.0,0.021,0.0087
1074,429.5674689537857,459481,10.5,0.021,0.0087
1075,429.56752874755307,459226,11.0,0.021,0.0087
1076,429.5675294397354,458906,11.5,0.021,0.0087
1077,429.56750171806675,458555,12.0,0.021,0.0087
1078,429.56743686937943,458153,12.5,0.021,0.0087
1079,429.5675605113602,457701,13.0,0.021,0.0087
1080,429.56755887458735,457204,13.5,0.021,0.0087
1081,429.5673695224909,456678,14.0,0.021,0.0087
1082,429.56747846551133,456114,14.5,0.021,0.0087
1083,429.56737941947955,455510,15.0,0.021,0.0087
1084,429.5674589294653,454877,15.5,0.021,0.0087
1085,429.5674961076472,454218,16.0,0.021,0.0087
1086,429.5674667812173,453528,16.5,0.021,0.0087
1087,429.56750789295086,452808,17.0,0.021,0.0087
1088,429.56735502469917,452067,17.5,0.021,0.0087
1089,429.5674309316689,451305,18.0,0.021,0.0087
1090,429.5675255332831,450520,18.5,0.021,0.0087
1091,429.5674347959125,449713,19.0,0.021,0.0087
1092,429.5675108497301,448896,19.5,0.021,0.0087
1093,429.5673987790698,448061,20.0,0.021,0.0087
1094,429.56742672991135,447210,20.5,0.021,0.0087
1095,429.56741903724577,446342,21.0,0.021,0.0087
1096,429.56752571693073,445458,21.5,0.021,0.0087
1097,429.56743476857616,444557,22.0,0.021,0.0087
1098,429.56744429513947,443643,22.5,0.021,0.0087
1099,429.5673721789476,442720,23.0,0.021,0.0087
1100,429.56740778915923,441788,23.5,0.021,0.0087
1101,429.56749388418257,440845,24.0,0.021,0.0087
1102,429.56746146496937,439890,24.5,0.021,0.0087
1103,429.56751953618334,438924,25.0,0.021,0.0087
1104,429.56748157450164,437948,25.5,0.021,0.0087
1105,429.56751284425957,436965,26.0,0.021,0.0087
1106,429.5674377783889,435975,26.5,0.021,0.0087
1107,429.56752101233945,434981,27.0,0.021,0.0087
1108,429.5675010539052,433979,27.5,0.021,0.0087
1109,429.5675096843315,432970,28.0,0.021,0.0087
1110,429.56741046662586,431956,28.5,0.021,0.0087
1111,429.5674394164703,430939,29.0,0.021,0.0087
1112,429.56739672466546,429918,29.5,0.021,0.0087
1113,429.5675069935305,428894,30.0,0.021,0.0087
1114,429.5674556992841,427863,30.5,0.021,0.0087
1115,429.56735410382936,426829,31.0,0.021,0.0087
1116,429.56738326668903,425794,31.5,0.021,0.0087
1117,429.56737899139154,424757,32.0,0.021,0.0087
1118,429.56744950916305,423718,32.5,0.021,0.0087
1119,429.5674802042652,422677,33.0,0.021,0.0087
1120,429.56738416669486,421636,33.5,0.021,0.0087
1121,429.5674939117571,420595,34.0,0.021,0.0087
1122,429.56739431524045,419549,34.5,0.021,0.0087
1123,429.56743318814284,418502,35.0,0.021,0.0087
1124,429.56742858890965,417455,35.5,0.021,0.0087
1125,429.56736959192244,416409,36.0,0.021,0.0087
1126,429.56743896502303,415365,36.5,0.021,0.0087
1127,429.5674889288181,414322,37.0,0.021,0.0087
1128,429.5674996801442,413280,37.5,0.021,0.0087
1129,429.56748598906523,412234,38.0,0.021,0.0087
1130,429.56746594863785,411189,38.5,0.021,0.0087
1131,429.56741973334084,410145,39.0,0.021,0.0087
1132,429.56740206565337,409102,39.5,0.021,0.0087
1133,429.5674423755813,408062,40.0,0.021,0.0087
1134,429.9971044310661,443016,0.0,0.031,0.0087
1135,429.56744596083655,447861,0.5,0.031,0.0087
1136,429.5674526391045,452916,1.0,0.031,0.0087
1137,429.56711510419655,457342,1.5,0.031,0.0087
1138,429.5673168290233,461250,2.0,0.031,0.0087
1139,429.5672074330556,464773,2.5,0.031,0.0087
1140,429.5671296774963,467934,3.0,0.031,0.0087
1141,429.56726508549815,470775,3.5,0.031,0.0087
1142,429.5673115464381,473352,4.0,0.031,0.0087
1143,429.5672301114344,475683,4.5,0.031,0.0087
1144,429.5672286071612,477797,5.0,0.031,0.0087
1145,429.5671108245452,479738,5.5,0.031,0.0087
1146,429.5671713163805,481481,6.0,0.031,0.0087
1147,429.56717567128055,483054,6.5,0.031,0.0087
1148,429.56726650445984,484447,7.0,0.031,0.0087
1149,429.56710821000263,485673,7.5,0.031,0.0087
1150,429.56721553067734,486768,8.0,0.031,0.0087
1151,429.5672849213719,487696,8.5,0.031,0.0087
1152,429.5672910105887,488515,9.0,0.031,0.0087
1153,429.5671485580666,489202,9.5,0.031,0.0087
1154,429.567109971322,489774,10.0,0.031,0.0087
1155,429.56718566797747,490250,10.5,0.031,0.0087
1156,429.56728578723204,490622,11.0,0.031,0.0087
1157,429.56722429183566,490935,11.5,0.031,0.0087
1158,429.5671967714113,491165,12.0,0.031,0.0087
1159,429.56721221841326,491312,12.5,0.031,0.0087
1160,429.56729700236923,491383,13.0,0.031,0.0087
1161,429.56713363874115,491395,13.5,0.031,0.0087
1162,429.56729472399627,491357,14.0,0.031,0.0087
1163,429.567273009847,491257,14.5,0.031,0.0087
1164,429.56729494088495,491092,15.0,0.031,0.0087
1165,429.5672326128227,490861,15.5,0.031,0.0087
1166,429.56722615422336,490615,16.0,0.031,0.0087
1167,429.5671595313501,490329,16.5,0.031,0.0087
1168,429.56718212924676,490000,17.0,0.031,0.0087
1169,429.5672620018035,489626,17.5,0.031,0.0087
1170,429.5671609547003,489213,18.0,0.031,0.0087
1171,429.5671364130784,488790,18.5,0.031,0.0087
1172,429.56713049133754,488337,19.0,0.031,0.0087
1173,429.5672712342007,487855,19.5,0.031,0.0087
1174,429.5671599786627,487342,20.0,0.031,0.0087
1175,429.5671489313728,486811,20.5,0.031,0.0087
1176,429.5672229376864,486269,21.0,0.031,0.0087
1177,429.5672747439603,485706,21.5,0.031,0.0087
1178,429.56728843059466,485122,22.0,0.031,0.0087
1179,429.5671851279003,484517,22.5,0.031,0.0087
1180,429.5671366051989,483904,23.0,0.031,0.0087
1181,429.56718207414553,483280,23.5,0.031,0.0087
1182,429.5672467733377,482642,24.0,0.031,0.0087
1183,429.56712297752665,481989,24.5,0.031,0.0087
1184,429.5671875031312,481324,25.0,0.031,0.0087
1185,429.56717001957855,480658,25.5,0.031,0.0087
1186,429.56710971169764,479983,26.0,0.031,0.0087
1187,429.567146055077,479300,26.5,0.031,0.0087
1188,429.56725889905397,478609,27.0,0.031,0.0087
1189,429.5672272358868,477909,27.5,0.031,0.0087
1190,429.5671878301799,477201,28.0,0.031,0.0087
1191,429.56711462507405,476485,28.5,0.031,0.0087
1192,429.5672488467607,475763,29.0,0.031,0.0087
1193,429.56717942724856,475040,29.5,0.031,0.0087
1194,429.5672010864981,474312,30.0,0.031,0.0087
1195,429.56711094664973,473578,30.5,0.031,0.0087
1196,429.5672040697648,472840,31.0,0.031,0.0087
1197,429.5672756016628,472097,31.5,0.031,0.0087
1198,429.56710817630983,471348,32.0,0.031,0.0087
1199,429.5671908750613,470596,32.5,0.031,0.0087
1200,429.5672434693185,469840,33.0,0.031,0.0087
1201,429.56719368629535,469085,33.5,0.031,0.0087
1202,429.5672544300232,468328,34.0,0.031,0.0087
1203,429.56721718273434,467568,34.5,0.031,0.0087
1204,429.5672016394202,466806,35.0,0.031,0.0087
1205,429.5671513747865,466042,35.5,0.031,0.0087
1206,429.5672142785298,465277,36.0,0.031,0.0087
1207,429.56717420661647,464510,36.5,0.031,0.0087
1208,429.567143703995,463742,37.0,0.031,0.0087
1209,429.56722348089033,462975,37.5,0.031,0.0087
1210,429.56721032356376,462207,38.0,0.031,0.0087
1211,429.5672647541876,461439,38.5,0.031,0.0087
1212,429.56716981117745,460670,39.0,0.031,0.0087
1213,429.5672323136921,459902,39.5,0.031,0.0087
1214,429.56723562126484,459134,40.0,0.031,0.0087
1215,429.99725244204126,443016,0.0,0.025,0.0087
1216,429.5672642427467,446071,0.5,0.025,0.0087
1217,429.5674343361236,449542,1.0,0.025,0.0087
1218,429.56727398519814,452603,1.5,0.025,0.0087
1219,429.5673326653199,455288,2.0,0.025,0.0087
1220,429.5675248894303,457638,2.5,0.025,0.0087
1221,429.5672552908605,459745,3.0,0.025,0.0087
1222,429.567308659,461617,3.5,0.025,0.0087
1223,429.5674886032676,463271,4.0,0.025,0.0087
1224,429.5673972538885,464743,4.5,0.025,0.0087
1225,429.5673594427656,466048,5.0,0.025,0.0087
1226,429.5673998194337,467200,5.5,0.025,0.0087
1227,429.5674477177188,468211,6.0,0.025,0.0087
1228,429.5674557121561,469107,6.5,0.025,0.0087
1229,429.5672695239699,469893,7.0,0.025,0.0087
1230,429.5674856226454,470579,7.5,0.025,0.0087
1231,429.56726708796424,471141,8.0,0.025,0.0087
1232,429.5674553338062,471631,8.5,0.025,0.0087
1233,429.5673849275311,472005,9.0,0.025,0.0087
1234,429.56734567695503,472282,9.5,0.025,0.0087
1235,429.56737760282635,472502,10.0,0.025,0.0087
1236,429.5673400125521,472627,10.5,0.025,0.0087
1237,429.567346259129,472671,11.0,0.025,0.0087
1238,429.567367582737,472667,11.5,0.025,0.0087
1239,429.5672881067629,472591,12.0,0.025,0.0087
1240,429.5672564980031,472446,12.5,0.025,0.0087
1241,429.5674015921114,472257,13.0,0.025,0.0087
1242,429.5674082808462,472011,13.5,0.025,0.0087
1243,429.5672612452245,471712,14.0,0.025,0.0087
1244,429.5673197513425,471379,14.5,0.025,0.0087
1245,429.567311973933,470999,15.0,0.025,0.0087
1246,429.56730885840994,470576,15.5,0.025,0.0087
1247,429.5673793105524,470132,16.0,0.025,0.0087
1248,429.56728888060974,469654,16.5,0.025,0.0087
1249,429.5673216813934,469144,17.0,0.025,0.0087
1250,429.56742391015945,468602,17.5,0.025,0.0087
1251,429.56735682072036,468027,18.0,0.025,0.0087
1252,429.5673170661475,467423,18.5,0.025,0.0087
1253,429.56740179702496,466808,19.0,0.025,0.0087
1254,429.5673324296013,466167,19.5,0.025,0.0087
1255,429.56742890592545,465502,20.0,0.025,0.0087
1256,429.567444266862,464812,20.5,0.025,0.0087
1257,429.567264916261,464097,21.0,0.025,0.0087
1258,429.56744291846405,463362,21.5,0.025,0.0087
1259,429.5674135037844,462624,22.0,0.025,0.0087
1260,429.5673373142702,461869,22.5,0.025,0.0087
1261,429.56734252156303,461098,23.0,0.025,0.0087
1262,429.56735072223535,460311,23.5,0.025,0.0087
1263,429.56730295167705,459508,24.0,0.025,0.0087
1264,429.5674192982188,458691,24.5,0.025,0.0087
1265,429.5672681100036,457871,25.0,0.025,0.0087
1266,429.56740357194866,457042,25.5,0.025,0.0087
1267,429.5673739443986,456202,26.0,0.025,0.0087
1268,429.56729241635037,455352,26.5,0.025,0.0087
1269,429.567255585066,454493,27.0,0.025,0.0087
1270,429.56737544216907,453626,27.5,0.025,0.0087
1271,429.5672611150085,452756,28.0,0.025,0.0087
1272,429.5673968483435,451881,28.5,0.025,0.0087
1273,429.5674096933488,450999,29.0,0.025,0.0087
1274,429.5672614401882,450110,29.5,0.025,0.0087
1275,429.5672561798301,449216,30.0,0.025,0.0087
1276,429.56738792984777,448318,30.5,0.025,0.0087
1277,429.56730449832617,447417,31.0,0.025,0.0087
1278,429.56725859324996,446513,31.5,0.025,0.0087
1279,429.56742917344326,445607,32.0,0.025,0.0087
1280,429.5674007819026,444697,32.5,0.025,0.0087
1281,429.56732167862395,443784,33.0,0.025,0.0087
1282,429.5673518770883,442869,33.5,0.025,0.0087
1283,429.56728608959514,441951,34.0,0.025,0.0087
1284,429.56732148373453,441032,34.5,0.025,0.0087
1285,429.567389849826,440112,35.0,0.025,0.0087
1286,429.5672955909993,439190,35.5,0.025,0.0087
1287,429.5673354236789,438268,36.0,0.025,0.0087
1288,429.56730989946465,437345,36.5,0.025,0.0087
1289,429.5673686818312,436422,37.0,0.025,0.0087
1290,429.56725543653664,435498,37.5,0.025,0.0087
1291,429.5673121456091,434573,38.0,0.025,0.0087
1292,429.5673790031709,433648,38.5,0.025,0.0087
1293,429.5673837449849,432723,39.0,0.025,0.0087
1294,429.5672667213767,431798,39.5,0.025,0.0087
1295,429.5673595607561,430875,40.0,0.025,0.0087
