,total_counts,area,time,D (um^2/s),alpha (1/s)
0,429.9975296058751,443016,0.0,0.0065,0.0042
1,429.56777792954847,442526,1.0,0.0065,0.0042
2,429.56778741388626,442789,2.0,0.0065,0.0042
3,429.56769112199794,442948,3.0,0.0065,0.0042
4,429.5678890853623,442989,4.0,0.0065,0.0042
5,429.5676733022058,442919,5.0,0.0065,0.0042
6,429.567605827067,442750,6.0,0.0065,0.0042
7,429.56783661377074,442491,7.0,0.0065,0.0042
8,429.5678502698745,442141,8.0,0.0065,0.0042
9,429.5676468673111,441717,9.0,0.0065,0.0042
10,429.5676773516386,441221,10.0,0.0065,0.0042
11,429.56783063784985,440661,11.0,0.0065,0.0042
12,429.56770112405957,440043,12.0,0.0065,0.0042
13,429.5675740547189,439372,13.0,0.0065,0.0042
14,429.56771429504136,438665,14.0,0.0065,0.0042
15,429.5676012236751,437914,15.0,0.0065,0.0042
16,429.5676878777159,437118,16.0,0.0065,0.0042
17,429.56775410829863,436283,17.0,0.0065,0.0042
18,429.5675409191212,435406,18.0,0.0065,0.0042
19,429.5677771641405,434502,19.0,0.0065,0.0042
20,429.5675828876784,433572,20.0,0.0065,0.0042
21,429.56777788814725,432611,21.0,0.0065,0.0042
22,429.5677839144438,431617,22.0,0.0065,0.0042
23,429.5677103929242,430603,23.0,0.0065,0.0042
24,429.5676648223905,429572,24.0,0.0065,0.0042
25,429.5676347941631,428515,25.0,0.0065,0.0042
26,429.56776460434327,427435,26.0,0.0065,0.0042
27,429.5675633290201,426343,27.0,0.0065,0.0042
28,429.56767628205625,425235,28.0,0.0065,0.0042
29,429.5677445787585,424105,29.0,0.0065,0.0042
30,429.56770994913603,422964,30.0,0.0065,0.0042
31,429.5675914049101,421812,31.0,0.0065,0.0042
32,429.5677719658332,420642,32.0,0.0065,0.0042
33,429.5675505571468,419460,33.0,0.0065,0.0042
34,429.56776982292587,418268,34.0,0.0065,0.0042
35,429.56773175857415,417055,35.0,0.0065,0.0042
36,429.5675463106807,415836,36.0,0.0065,0.0042
37,429.5676779561519,414613,37.0,0.0065,0.0042
38,429.567756478253,413375,38.0,0.0065,0.0042
39,429.5675390472385,412138,39.0,0.0065,0.0042
40,429.5677252296489,410884,40.0,0.0065,0.0042
41,429.5676297847394,409616,41.0,0.0065,0.0042
42,429.56763341607234,408352,42.0,0.0065,0.0042
43,429.56763107800873,407081,43.0,0.0065,0.0042
44,429.56757798974996,405807,44.0,0.0065,0.0042
45,429.567649489197,404541,45.0,0.0065,0.0042
46,429.5676051797709,403260,46.0,0.0065,0.0042
47,429.56776157590895,401970,47.0,0.0065,0.0042
48,429.56765180018704,400678,48.0,0.0065,0.0042
49,429.56759313523094,399380,49.0,0.0065,0.0042
50,429.567672009489,398091,50.0,0.0065,0.0042
51,429.5677545554161,396800,51.0,0.0065,0.0042
52,429.5676734230301,395514,52.0,0.0065,0.0042
53,429.5676864265798,394216,53.0,0.0065,0.0042
54,429.56753900036074,392908,54.0,0.0065,0.0042
55,429.56758200253637,391608,55.0,0.0065,0.0042
56,429.5675831411518,390307,56.0,0.0065,0.0042
57,429.5675367074193,389009,57.0,0.0065,0.0042
58,429.5676395159587,387721,58.0,0.0065,0.0042
59,429.567706096138,386427,59.0,0.0065,0.0042
60,429.56767826715316,385126,60.0,0.0065,0.0042
61,429.56770077158797,383825,61.0,0.0065,0.0042
62,429.56754223934837,382525,62.0,0.0065,0.0042
63,429.5675398552474,381234,63.0,0.0065,0.0042
64,429.56754624824123,379943,64.0,0.0065,0.0042
65,429.56769924874493,378664,65.0,0.0065,0.0042
66,429.5677213250965,377375,66.0,0.0065,0.0042
67,429.5676603166263,376082,67.0,0.0065,0.0042
68,429.5675421300939,374796,68.0,0.0065,0.0042
69,429.567746826454,373511,69.0,0.0065,0.0042
70,429.5675848572898,372234,70.0,0.0065,0.0042
71,429.56765905982996,370963,71.0,0.0065,0.0042
72,429.5675822270125,369695,72.0,0.0065,0.0042
73,429.56753589171706,368421,73.0,0.0065,0.0042
74,429.56763436905374,367147,74.0,0.0065,0.0042
75,429.56767529606725,365881,75.0,0.0065,0.0042
76,429.5677110343824,364619,76.0,0.0065,0.0042
77,429.5676033029508,363362,77.0,0.0065,0.0042
78,429.5676799763586,362116,78.0,0.0065,0.0042
79,429.5677388354131,360864,79.0,0.0065,0.0042
80,429.56773853711826,359613,80.0,0.0065,0.0042
81,429.5676087148567,358365,81.0,0.0065,0.0042
82,429.56762356151853,357122,82.0,0.0065,0.0042
83,429.56762981714536,355888,83.0,0.0065,0.0042
84,429.56772687650033,354658,84.0,0.0065,0.0042
85,429.56760204468475,353437,85.0,0.0065,0.0042
86,429.56770585177225,352209,86.0,0.0065,0.0042
87,429.5675673003363,350983,87.0,0.0065,0.0042
88,429.56765348479524,349766,88.0,0.0065,0.0042
89,429.56769971760536,348552,89.0,0.0065,0.0042
90,429.5675623216889,347346,90.0,0.0065,0.0042
91,429.56771269933677,346149,91.0,0.0065,0.0042
92,429.56774583399925,344951,92.0,0.0065,0.0042
93,429.5675792857329,343753,93.0,0.0065,0.0042
94,429.5676312980836,342559,94.0,0.0065,0.0042
95,429.5676808050092,341372,95.0,0.0065,0.0042
96,429.5676485519556,340192,96.0,0.0065,0.0042
97,429.56766889377843,339017,97.0,0.0065,0.0042
98,429.5676470023384,337852,98.0,0.0065,0.0042
99,429.5677144497093,336678,99.0,0.0065,0.0042
100,429.567564040933,335505,100.0,0.0065,0.0042
101,429.9974987698662,443016,0.0,0.007,0.0042
102,429.5679395691841,442833,1.0,0.007,0.0042
103,429.56752965274865,443397,2.0,0.007,0.0042
104,429.5675766562201,443820,3.0,0.007,0.0042
105,429.5676395039831,444100,4.0,0.007,0.0042
106,429.5677116168511,444262,5.0,0.007,0.0042
107,429.567535847872,444318,6.0,0.007,0.0042
108,429.5675362077837,444265,7.0,0.007,0.0042
109,429.56756667911475,444116,8.0,0.007,0.0042
110,429.5676875331129,443876,9.0,0.007,0.0042
111,429.5675328898617,443558,10.0,0.007,0.0042
112,429.5676024633892,443171,11.0,0.007,0.0042
113,429.5677882606413,442720,12.0,0.007,0.0042
114,429.56753731096694,442216,13.0,0.007,0.0042
115,429.567760359955,441657,14.0,0.007,0.0042
116,429.567501315096,441046,15.0,0.007,0.0042
117,429.5677165843339,440397,16.0,0.007,0.0042
118,429.5676236401065,439702,17.0,0.007,0.0042
119,429.5676031937236,438965,18.0,0.007,0.0042
120,429.5676076433076,438193,19.0,0.007,0.0042
121,429.5676768828773,437382,20.0,0.007,0.0042
122,429.56764617718005,436535,21.0,0.007,0.0042
123,429.5677120435709,435666,22.0,0.007,0.0042
124,429.56771548369346,434772,23.0,0.007,0.0042
125,429.5675938438976,433849,24.0,0.007,0.0042
126,429.56770228861336,432899,25.0,0.007,0.0042
127,429.5677308208023,431925,26.0,0.007,0.0042
128,429.56768458140266,430937,27.0,0.007,0.0042
129,429.5677225344195,429929,28.0,0.007,0.0042
130,429.56766267928396,428897,29.0,0.007,0.0042
131,429.5676161667852,427847,30.0,0.007,0.0042
132,429.5677367205265,426786,31.0,0.007,0.0042
133,429.5676603129036,425706,32.0,0.007,0.0042
134,429.56757423291845,424605,33.0,0.007,0.0042
135,429.56759997002916,423496,34.0,0.007,0.0042
136,429.5676417814524,422379,35.0,0.007,0.0042
137,429.5676749884552,421244,36.0,0.007,0.0042
138,429.5675582359412,420092,37.0,0.007,0.0042
139,429.5675971422197,418937,38.0,0.007,0.0042
140,429.5677217709251,417770,39.0,0.007,0.0042
141,429.5676439240221,416592,40.0,0.007,0.0042
142,429.5675675336082,415416,41.0,0.007,0.0042
143,429.5676572325061,414231,42.0,0.007,0.0042
144,429.56760533015824,413026,43.0,0.007,0.0042
145,429.56761159773026,411822,44.0,0.007,0.0042
146,429.56768477567323,410612,45.0,0.007,0.0042
147,429.567516825496,409394,46.0,0.007,0.0042
148,429.5675082426999,408182,47.0,0.007,0.0042
149,429.567575719335,406964,48.0,0.007,0.0042
150,429.56765783905314,405730,49.0,0.007,0.0042
151,429.56770264015375,404499,50.0,0.007,0.0042
152,429.56754873723776,403262,51.0,0.007,0.0042
153,429.5676379887089,402025,52.0,0.007,0.0042
154,429.5677079194852,400794,53.0,0.007,0.0042
155,429.5676105386288,399556,54.0,0.007,0.0042
156,429.5675304321848,398309,55.0,0.007,0.0042
157,429.56755966312534,397065,56.0,0.007,0.0042
158,429.5675575377957,395816,57.0,0.007,0.0042
159,429.5676582039235,394573,58.0,0.007,0.0042
160,429.5676057436439,393333,59.0,0.007,0.0042
161,429.56757567153454,392089,60.0,0.007,0.0042
162,429.5675244540952,390841,61.0,0.007,0.0042
163,429.5676179769878,389593,62.0,0.007,0.0042
164,429.5675278190317,388344,63.0,0.007,0.0042
165,429.5676045897422,387103,64.0,0.007,0.0042
166,429.5676104419555,385862,65.0,0.007,0.0042
167,429.56761718249714,384624,66.0,0.007,0.0042
168,429.5675691228553,383381,67.0,0.007,0.0042
169,429.56756550973927,382136,68.0,0.007,0.0042
170,429.5676898365921,380898,69.0,0.007,0.0042
171,429.5676072369906,379663,70.0,0.007,0.0042
172,429.56756691445094,378430,71.0,0.007,0.0042
173,429.56760835808024,377204,72.0,0.007,0.0042
174,429.56765779597964,375970,73.0,0.007,0.0042
175,429.5675193085069,374738,74.0,0.007,0.0042
176,429.56752445761754,373513,75.0,0.007,0.0042
177,429.5676966856228,372290,76.0,0.007,0.0042
178,429.56753924709943,371073,77.0,0.007,0.0042
179,429.56770709703494,369862,78.0,0.007,0.0042
180,429.5675887383879,368642,79.0,0.007,0.0042
181,429.5675321610026,367429,80.0,0.007,0.0042
182,429.56763904092725,366220,81.0,0.007,0.0042
183,429.56755353176953,365014,82.0,0.007,0.0042
184,429.567575579983,363817,83.0,0.007,0.0042
185,429.56764792495375,362621,84.0,0.007,0.0042
186,429.5675714868209,361417,85.0,0.007,0.0042
187,429.56755197851055,360217,86.0,0.007,0.0042
188,429.5676736263093,359018,87.0,0.007,0.0042
189,429.56762268322655,357824,88.0,0.007,0.0042
190,429.5675730622397,356634,89.0,0.007,0.0042
191,429.5675086253587,355447,90.0,0.007,0.0042
192,429.56769337274727,354269,91.0,0.007,0.0042
193,429.56754010029255,353094,92.0,0.007,0.0042
194,429.56763470990785,351927,93.0,0.007,0.0042
195,429.56753691319227,350764,94.0,0.007,0.0042
196,429.5676867431978,349591,95.0,0.007,0.0042
197,429.5676716132952,348423,96.0,0.007,0.0042
198,429.56752384285534,347260,97.0,0.007,0.0042
199,429.56765776048616,346102,98.0,0.007,0.0042
200,429.56757629370264,344951,99.0,0.007,0.0042
201,429.56760044433787,343807,100.0,0.007,0.0042
202,429.99771462278176,443016,0.0,0.0035,0.0042
203,429.5677840711664,440675,1.0,0.0035,0.0042
204,429.56808068961533,439157,2.0,0.0035,0.0042
205,429.56780462336445,437605,3.0,0.0035,0.0042
206,429.5678216037532,436052,4.0,0.0035,0.0042
207,429.56814674113434,434457,5.0,0.0035,0.0042
208,429.56781543818374,432870,6.0,0.0035,0.0042
209,429.56773265229947,431243,7.0,0.0035,0.0042
210,429.56795248274904,429617,8.0,0.0035,0.0042
211,429.56782021454393,427960,9.0,0.0035,0.0042
212,429.5679754737455,426290,10.0,0.0035,0.0042
213,429.56792147030905,424595,11.0,0.0035,0.0042
214,429.5680892688697,422871,12.0,0.0035,0.0042
215,429.5677445816225,421160,13.0,0.0035,0.0042
216,429.5679947198852,419412,14.0,0.0035,0.0042
217,429.568003794251,417666,15.0,0.0035,0.0042
218,429.5679517315343,415930,16.0,0.0035,0.0042
219,429.56795337149083,414154,17.0,0.0035,0.0042
220,429.5680212603945,412398,18.0,0.0035,0.0042
221,429.56799875990686,410639,19.0,0.0035,0.0042
222,429.56774581898566,408850,20.0,0.0035,0.0042
223,429.5679825541568,407086,21.0,0.0035,0.0042
224,429.567837322152,405312,22.0,0.0035,0.0042
225,429.5677240290861,403522,23.0,0.0035,0.0042
226,429.5678444589352,401750,24.0,0.0035,0.0042
227,429.56793290484364,399969,25.0,0.0035,0.0042
228,429.56787759295827,398183,26.0,0.0035,0.0042
229,429.5679439501014,396407,27.0,0.0035,0.0042
230,429.56788366759025,394624,28.0,0.0035,0.0042
231,429.5677559083122,392844,29.0,0.0035,0.0042
232,429.56789185713035,391069,30.0,0.0035,0.0042
233,429.56788908864337,389290,31.0,0.0035,0.0042
234,429.5677515674534,387518,32.0,0.0035,0.0042
235,429.56803278595135,385748,33.0,0.0035,0.0042
236,429.56791565747625,383977,34.0,0.0035,0.0042
237,429.56789919880157,382215,35.0,0.0035,0.0042
238,429.56794705835676,380452,36.0,0.0035,0.0042
239,429.56773190101086,378689,37.0,0.0035,0.0042
240,429.56790250149663,376923,38.0,0.0035,0.0042
241,429.56784012380706,375147,39.0,0.0035,0.0042
242,429.56793410327197,373376,40.0,0.0035,0.0042
243,429.567974412372,371622,41.0,0.0035,0.0042
244,429.56798874098763,369869,42.0,0.0035,0.0042
245,429.56782568433914,368121,43.0,0.0035,0.0042
246,429.56800899254006,366366,44.0,0.0035,0.0042
247,429.5679248229279,364609,45.0,0.0035,0.0042
248,429.5678452602386,362868,46.0,0.0035,0.0042
249,429.56801845039445,361148,47.0,0.0035,0.0042
250,429.56796915968334,359436,48.0,0.0035,0.0042
251,429.56773982593694,357735,49.0,0.0035,0.0042
252,429.5677791218108,356015,50.0,0.0035,0.0042
253,429.56783370152016,354297,51.0,0.0035,0.0042
254,429.56799720074184,352601,52.0,0.0035,0.0042
255,429.5677443972704,350917,53.0,0.0035,0.0042
256,429.56781121303226,349246,54.0,0.0035,0.0042
257,429.5678914345919,347590,55.0,0.0035,0.0042
258,429.56778766820423,345910,56.0,0.0035,0.0042
259,429.5677692106736,344238,57.0,0.0035,0.0042
260,429.5678156496711,342588,58.0,0.0035,0.0042
261,429.56793702780425,340945,59.0,0.0035,0.0042
262,429.5679866812983,339321,60.0,0.0035,0.0042
263,429.56795846151437,337707,61.0,0.0035,0.0042
264,429.5677861827276,336070,62.0,0.0035,0.0042
265,429.5678322303118,334451,63.0,0.0035,0.0042
266,429.56782541768524,332843,64.0,0.0035,0.0042
267,429.5678758726258,331244,65.0,0.0035,0.0042
268,429.5677629198697,329670,66.0,0.0035,0.0042
269,429.56801441070445,328095,67.0,0.0035,0.0042
270,429.5679218398867,326509,68.0,0.0035,0.0042
271,429.56798730766053,324939,69.0,0.0035,0.0042
272,429.5678175538169,323372,70.0,0.0035,0.0042
273,429.5679890273048,321827,71.0,0.0035,0.0042
274,429.5679748921986,320294,72.0,0.0035,0.0042
275,429.5679596380519,318763,73.0,0.0035,0.0042
276,429.56797783169446,317231,74.0,0.0035,0.0042
277,429.56796803598974,315701,75.0,0.0035,0.0042
278,429.5678050890689,314187,76.0,0.0035,0.0042
279,429.56800793308463,312687,77.0,0.0035,0.0042
280,429.56776513875803,311196,78.0,0.0035,0.0042
281,429.5680123699293,309719,79.0,0.0035,0.0042
282,429.5679861239676,308227,80.0,0.0035,0.0042
283,429.5677778584234,306749,81.0,0.0035,0.0042
284,429.5677577700731,305282,82.0,0.0035,0.0042
285,429.5679685673433,303825,83.0,0.0035,0.0042
286,429.56771754539193,302387,84.0,0.0035,0.0042
287,429.5678874063555,300948,85.0,0.0035,0.0042
288,429.5677286738207,299509,86.0,0.0035,0.0042
289,429.5678292285799,298077,87.0,0.0035,0.0042
290,429.5678176112491,296655,88.0,0.0035,0.0042
291,429.5677416113072,295249,89.0,0.0035,0.0042
292,429.5678521346555,293851,90.0,0.0035,0.0042
293,429.567809124171,292464,91.0,0.0035,0.0042
294,429.5679980566305,291068,92.0,0.0035,0.0042
295,429.5677414618363,289684,93.0,0.0035,0.0042
296,429.56784771409133,288310,94.0,0.0035,0.0042
297,429.567820184645,286946,95.0,0.0035,0.0042
298,429.56794721964513,285599,96.0,0.0035,0.0042
299,429.567920222584,284251,97.0,0.0035,0.0042
300,429.56801653162694,282907,98.0,0.0035,0.0042
301,429.56778425726117,281565,99.0,0.0035,0.0042
302,429.56778719023555,280239,100.0,0.0035,0.0042
303,429.9974679338987,443016,0.0,0.0075,0.0042
304,429.56758225035094,443147,1.0,0.0075,0.0042
305,429.5674761837968,443995,2.0,0.0075,0.0042
306,429.5678566875356,444671,3.0,0.0075,0.0042
307,429.56776220159855,445214,4.0,0.0075,0.0042
308,429.5675697726255,445614,5.0,0.0075,0.0042
309,429.5676654210173,445878,6.0,0.0075,0.0042
310,429.5675750116665,446015,7.0,0.0075,0.0042
311,429.5677375821181,446053,8.0,0.0075,0.0042
312,429.56750358628125,446001,9.0,0.0075,0.0042
313,429.56748066847837,445859,10.0,0.0075,0.0042
314,429.5676870748944,445640,11.0,0.0075,0.0042
315,429.56767901659657,445360,12.0,0.0075,0.0042
316,429.56755645077834,445012,13.0,0.0075,0.0042
317,429.5677288222694,444605,14.0,0.0075,0.0042
318,429.56764815553544,444144,15.0,0.0075,0.0042
319,429.56774349133957,443624,16.0,0.0075,0.0042
320,429.56766767837917,443059,17.0,0.0075,0.0042
321,429.5676868207141,442450,18.0,0.0075,0.0042
322,429.5675663739395,441796,19.0,0.0075,0.0042
323,429.56748384294684,441112,20.0,0.0075,0.0042
324,429.5676757674064,440393,21.0,0.0075,0.0042
325,429.56752195795013,439637,22.0,0.0075,0.0042
326,429.5676460501145,438852,23.0,0.0075,0.0042
327,429.5676542314488,438034,24.0,0.0075,0.0042
328,429.56752884204076,437186,25.0,0.0075,0.0042
329,429.5675349207939,436318,26.0,0.0075,0.0042
330,429.5676190044921,435429,27.0,0.0075,0.0042
331,429.567476574159,434516,28.0,0.0075,0.0042
332,429.5674810571858,433579,29.0,0.0075,0.0042
333,429.5674755623308,432619,30.0,0.0075,0.0042
334,429.56758151727513,431645,31.0,0.0075,0.0042
335,429.56754179131,430655,32.0,0.0075,0.0042
336,429.5676211764409,429646,33.0,0.0075,0.0042
337,429.56761676844667,428615,34.0,0.0075,0.0042
338,429.5676797946801,427573,35.0,0.0075,0.0042
339,429.5675833686107,426520,36.0,0.0075,0.0042
340,429.56750900257066,425452,37.0,0.0075,0.0042
341,429.56752651508066,424370,38.0,0.0075,0.0042
342,429.56757744271596,423280,39.0,0.0075,0.0042
343,429.56759732494044,422179,40.0,0.0075,0.0042
344,429.56762245964387,421064,41.0,0.0075,0.0042
345,429.5675268254985,419940,42.0,0.0075,0.0042
346,429.5675634171991,418815,43.0,0.0075,0.0042
347,429.5676695883732,417683,44.0,0.0075,0.0042
348,429.5674848456613,416532,45.0,0.0075,0.0042
349,429.56763352310384,415381,46.0,0.0075,0.0042
350,429.56759008674055,414225,47.0,0.0075,0.0042
351,429.5675458308776,413060,48.0,0.0075,0.0042
352,429.56763594237515,411896,49.0,0.0075,0.0042
353,429.56751053207984,410727,50.0,0.0075,0.0042
354,429.5676642707779,409547,51.0,0.0075,0.0042
355,429.56762545864945,408364,52.0,0.0075,0.0042
356,429.5676716924189,407183,53.0,0.0075,0.0042
357,429.56758339510634,405997,54.0,0.0075,0.0042
358,429.5675453047251,404811,55.0,0.0075,0.0042
359,429.5674727406606,403619,56.0,0.0075,0.0042
360,429.5676787632218,402424,57.0,0.0075,0.0042
361,429.5676354071463,401226,58.0,0.0075,0.0042
362,429.567539392114,400032,59.0,0.0075,0.0042
363,429.5676237370055,398838,60.0,0.0075,0.0042
364,429.567472189651,397639,61.0,0.0075,0.0042
365,429.56752753130496,396440,62.0,0.0075,0.0042
366,429.5675235913668,395239,63.0,0.0075,0.0042
367,429.5675185446536,394038,64.0,0.0075,0.0042
368,429.5675968063854,392843,65.0,0.0075,0.0042
369,429.56748351238076,391648,66.0,0.0075,0.0042
370,429.56756953388987,390447,67.0,0.0075,0.0042
371,429.56749273498434,389249,68.0,0.0075,0.0042
372,429.5675052675429,388051,69.0,0.0075,0.0042
373,429.5676411471633,386856,70.0,0.0075,0.0042
374,429.56751474670443,385666,71.0,0.0075,0.0042
375,429.5675867308755,384473,72.0,0.0075,0.0042
376,429.56755168004656,383273,73.0,0.0075,0.0042
377,429.56757526183384,382076,74.0,0.0075,0.0042
378,429.5675051454182,380877,75.0,0.0075,0.0042
379,429.5675049694327,379681,76.0,0.0075,0.0042
380,429.5676721280822,378490,77.0,0.0075,0.0042
381,429.567562730407,377298,78.0,0.0075,0.0042
382,429.56760600833053,376112,79.0,0.0075,0.0042
383,429.56750794639584,374931,80.0,0.0075,0.0042
384,429.5676724432616,373754,81.0,0.0075,0.0042
385,429.56759698716553,372576,82.0,0.0075,0.0042
386,429.5675193582129,371392,83.0,0.0075,0.0042
387,429.5675059057877,370209,84.0,0.0075,0.0042
388,429.5675114684561,369032,85.0,0.0075,0.0042
389,429.5675312672896,367860,86.0,0.0075,0.0042
390,429.5675574013392,366691,87.0,0.0075,0.0042
391,429.5676258641859,365530,88.0,0.0075,0.0042
392,429.56757433184185,364375,89.0,0.0075,0.0042
393,429.56765151458376,363226,90.0,0.0075,0.0042
394,429.5675585081727,362086,91.0,0.0075,0.0042
395,429.5674773137769,360944,92.0,0.0075,0.0042
396,429.567574757645,359792,93.0,0.0075,0.0042
397,429.5676653370695,358646,94.0,0.0075,0.0042
398,429.56767017436937,357504,95.0,0.0075,0.0042
399,429.5676079971322,356366,96.0,0.0075,0.0042
400,429.56763918881927,355236,97.0,0.0075,0.0042
401,429.5674879345995,354111,98.0,0.0075,0.0042
402,429.56767329966584,352994,99.0,0.0075,0.0042
403,429.5676501300245,351885,100.0,0.0075,0.0042
404,429.9974370979726,443016,0.0,0.008,0.0042
405,429.5675523692291,443459,1.0,0.008,0.0042
406,429.56761016604963,444583,2.0,0.008,0.0042
407,429.56764335651724,445538,3.0,0.008,0.0042
408,429.56749756444987,446315,4.0,0.008,0.0042
409,429.56759059116354,446931,5.0,0.008,0.0042
410,429.56772431892796,447415,6.0,0.008,0.0042
411,429.56767243702285,447758,7.0,0.008,0.0042
412,429.5676033711513,447975,8.0,0.008,0.0042
413,429.5675237549666,448092,9.0,0.008,0.0042
414,429.5675411136299,448123,10.0,0.008,0.0042
415,429.56753737085387,448081,11.0,0.008,0.0042
416,429.56764481609065,447958,12.0,0.008,0.0042
417,429.5677170929103,447763,13.0,0.008,0.0042
418,429.56744192946337,447503,14.0,0.008,0.0042
419,429.5674927754675,447172,15.0,0.008,0.0042
420,429.56765494501064,446796,16.0,0.008,0.0042
421,429.56749603424134,446362,17.0,0.008,0.0042
422,429.56759699236073,445878,18.0,0.008,0.0042
423,429.5675772156699,445353,19.0,0.008,0.0042
424,429.5675292282273,444781,20.0,0.008,0.0042
425,429.56758435042065,444173,21.0,0.008,0.0042
426,429.5676852858882,443527,22.0,0.008,0.0042
427,429.56759463633983,442844,23.0,0.008,0.0042
428,429.5674785657684,442135,24.0,0.008,0.0042
429,429.5674677553563,441398,25.0,0.008,0.0042
430,429.5674852434534,440633,26.0,0.008,0.0042
431,429.56760034729695,439840,27.0,0.008,0.0042
432,429.56745975009983,439018,28.0,0.008,0.0042
433,429.56763092430043,438174,29.0,0.008,0.0042
434,429.56764165268737,437303,30.0,0.008,0.0042
435,429.5676000523803,436411,31.0,0.008,0.0042
436,429.5676542603875,435501,32.0,0.008,0.0042
437,429.56751293759214,434571,33.0,0.008,0.0042
438,429.5674780959585,433623,34.0,0.008,0.0042
439,429.56756315437764,432655,35.0,0.008,0.0042
440,429.56762169070174,431673,36.0,0.008,0.0042
441,429.56755709854417,430679,37.0,0.008,0.0042
442,429.5676525792666,429672,38.0,0.008,0.0042
443,429.5676086900078,428647,39.0,0.008,0.0042
444,429.56753536522587,427609,40.0,0.008,0.0042
445,429.56749260137207,426564,41.0,0.008,0.0042
446,429.5674897586106,425510,42.0,0.008,0.0042
447,429.5675580432875,424444,43.0,0.008,0.0042
448,429.56754220829504,423366,44.0,0.008,0.0042
449,429.56756165504163,422283,45.0,0.008,0.0042
450,429.5676340568564,421193,46.0,0.008,0.0042
451,429.5676079146115,420092,47.0,0.008,0.0042
452,429.56749621541496,418987,48.0,0.008,0.0042
453,429.5675829879808,417878,49.0,0.008,0.0042
454,429.56760158097086,416760,50.0,0.008,0.0042
455,429.56759609988535,415634,51.0,0.008,0.0042
456,429.5676112663097,414508,52.0,0.008,0.0042
457,429.56752379409124,413380,53.0,0.008,0.0042
458,429.5676443164074,412244,54.0,0.008,0.0042
459,429.56750688548465,411102,55.0,0.008,0.0042
460,429.567528342423,409961,56.0,0.008,0.0042
461,429.56761370896317,408817,57.0,0.008,0.0042
462,429.5675279416501,407669,58.0,0.008,0.0042
463,429.5675396705031,406522,59.0,0.008,0.0042
464,429.56744650210584,405370,60.0,0.008,0.0042
465,429.5674449440393,404214,61.0,0.008,0.0042
466,429.5675840563301,403061,62.0,0.008,0.0042
467,429.5675115079343,401909,63.0,0.008,0.0042
468,429.5674671764361,400752,64.0,0.008,0.0042
469,429.56758478261696,399589,65.0,0.008,0.0042
470,429.5676058224022,398426,66.0,0.008,0.0042
471,429.56760937476827,397260,67.0,0.008,0.0042
472,429.56763894393225,396093,68.0,0.008,0.0042
473,429.56749956462295,394928,69.0,0.008,0.0042
474,429.56754329432675,393764,70.0,0.008,0.0042
475,429.56762698969413,392600,71.0,0.008,0.0042
476,429.5675091996777,391440,72.0,0.008,0.0042
477,429.5675757147396,390284,73.0,0.008,0.0042
478,429.567597154379,389124,74.0,0.008,0.0042
479,429.5675705716756,387958,75.0,0.008,0.0042
480,429.5675322615647,386794,76.0,0.008,0.0042
481,429.5675280952585,385630,77.0,0.008,0.0042
482,429.5675827926046,384471,78.0,0.008,0.0042
483,429.5675321308611,383316,79.0,0.008,0.0042
484,429.5674779292216,382163,80.0,0.008,0.0042
485,429.56755801037275,381017,81.0,0.008,0.0042
486,429.56746867746836,379877,82.0,0.008,0.0042
487,429.56747292078654,378742,83.0,0.008,0.0042
488,429.5674603181798,377607,84.0,0.008,0.0042
489,429.5674423718181,376462,85.0,0.008,0.0042
490,429.56748902686377,375319,86.0,0.008,0.0042
491,429.5675778089002,374180,87.0,0.008,0.0042
492,429.5675230332446,373046,88.0,0.008,0.0042
493,429.5674897104591,371916,89.0,0.008,0.0042
494,429.56745089168214,370791,90.0,0.008,0.0042
495,429.5674948390022,369674,91.0,0.008,0.0042
496,429.56750537246336,368563,92.0,0.008,0.0042
497,429.5674526364516,367458,93.0,0.008,0.0042
498,429.5674462739059,366355,94.0,0.008,0.0042
499,429.56745240973356,365242,95.0,0.008,0.0042
500,429.5675042956184,364132,96.0,0.008,0.0042
501,429.567588394691,363028,97.0,0.008,0.0042
502,429.5674511395489,361928,98.0,0.008,0.0042
503,429.56746746867765,360833,99.0,0.008,0.0042
504,429.5674881608994,359745,100.0,0.008,0.0042
505,429.99777629540307,443016,0.0,0.0025,0.0042
506,429.56803759858616,440047,1.0,0.0025,0.0042
507,429.56779757915865,437922,2.0,0.0025,0.0042
508,429.5682505473156,435800,3.0,0.0025,0.0042
509,429.5680112123599,433671,4.0,0.0025,0.0042
510,429.5681302675548,431531,5.0,0.0025,0.0042
511,429.5681328758069,429403,6.0,0.0025,0.0042
512,429.56804705954625,427289,7.0,0.0025,0.0042
513,429.5677878426971,425167,8.0,0.0025,0.0042
514,429.56811385659984,423046,9.0,0.0025,0.0042
515,429.56784739651283,420915,10.0,0.0025,0.0042
516,429.5681441659822,418796,11.0,0.0025,0.0042
517,429.56779106928343,416660,12.0,0.0025,0.0042
518,429.5680352021375,414527,13.0,0.0025,0.0042
519,429.56809728822304,412391,14.0,0.0025,0.0042
520,429.5678131403524,410242,15.0,0.0025,0.0042
521,429.5680424853423,408127,16.0,0.0025,0.0042
522,429.56780820545237,406026,17.0,0.0025,0.0042
523,429.5680935762735,403898,18.0,0.0025,0.0042
524,429.56809319893347,401781,19.0,0.0025,0.0042
525,429.56788196166167,399693,20.0,0.0025,0.0042
526,429.5678777021705,397592,21.0,0.0025,0.0042
527,429.56802921299425,395501,22.0,0.0025,0.0042
528,429.5679378620356,393427,23.0,0.0025,0.0042
529,429.56791417198417,391340,24.0,0.0025,0.0042
530,429.5680241240243,389267,25.0,0.0025,0.0042
531,429.56811029839827,387219,26.0,0.0025,0.0042
532,429.5679509118459,385167,27.0,0.0025,0.0042
533,429.5681167328394,383110,28.0,0.0025,0.0042
534,429.56780975187144,381068,29.0,0.0025,0.0042
535,429.56788515111634,379049,30.0,0.0025,0.0042
536,429.5679512435836,377023,31.0,0.0025,0.0042
537,429.56803307518317,375008,32.0,0.0025,0.0042
538,429.5680922304527,373004,33.0,0.0025,0.0042
539,429.5678418934066,370998,34.0,0.0025,0.0042
540,429.5678960015945,369014,35.0,0.0025,0.0042
541,429.56781520759773,367044,36.0,0.0025,0.0042
542,429.56799301781814,365061,37.0,0.0025,0.0042
543,429.56795301747206,363091,38.0,0.0025,0.0042
544,429.5680488506721,361150,39.0,0.0025,0.0042
545,429.568105062677,359205,40.0,0.0025,0.0042
546,429.5679182971507,357262,41.0,0.0025,0.0042
547,429.56799731831813,355334,42.0,0.0025,0.0042
548,429.5681028251943,353422,43.0,0.0025,0.0042
549,429.5680892233645,351513,44.0,0.0025,0.0042
550,429.5681051210444,349614,45.0,0.0025,0.0042
551,429.56803041581543,347722,46.0,0.0025,0.0042
552,429.56781716694456,345840,47.0,0.0025,0.0042
553,429.56785275135763,343974,48.0,0.0025,0.0042
554,429.56787105064336,342116,49.0,0.0025,0.0042
555,429.5680793796392,340255,50.0,0.0025,0.0042
556,429.56784792465425,338415,51.0,0.0025,0.0042
557,429.5679241820642,336593,52.0,0.0025,0.0042
558,429.56807634541667,334749,53.0,0.0025,0.0042
559,429.56810748139344,332908,54.0,0.0025,0.0042
560,429.5680539882252,331084,55.0,0.0025,0.0042
561,429.56809530181994,329271,56.0,0.0025,0.0042
562,429.5679968035955,327466,57.0,0.0025,0.0042
563,429.56782329440364,325677,58.0,0.0025,0.0042
564,429.56785536875253,323896,59.0,0.0025,0.0042
565,429.56781766360393,322112,60.0,0.0025,0.0042
566,429.5680657306753,320338,61.0,0.0025,0.0042
567,429.5680034262431,318582,62.0,0.0025,0.0042
568,429.5679054883939,316854,63.0,0.0025,0.0042
569,429.5678214475485,315143,64.0,0.0025,0.0042
570,429.56804683881586,313412,65.0,0.0025,0.0042
571,429.56788050506805,311692,66.0,0.0025,0.0042
572,429.5681036997527,309990,67.0,0.0025,0.0042
573,429.56796618081626,308297,68.0,0.0025,0.0042
574,429.56790133681943,306623,69.0,0.0025,0.0042
575,429.5679821619113,304976,70.0,0.0025,0.0042
576,429.5680576693357,303305,71.0,0.0025,0.0042
577,429.5680630859586,301642,72.0,0.0025,0.0042
578,429.56779242122275,300000,73.0,0.0025,0.0042
579,429.56782536414255,298375,74.0,0.0025,0.0042
580,429.5680070629201,296762,75.0,0.0025,0.0042
581,429.56804210394324,295162,76.0,0.0025,0.0042
582,429.5679142219032,293556,77.0,0.0025,0.0042
583,429.56811653043627,291956,78.0,0.0025,0.0042
584,429.5678254800855,290370,79.0,0.0025,0.0042
585,429.5679485649792,288808,80.0,0.0025,0.0042
586,429.5679169784751,287256,81.0,0.0025,0.0042
587,429.5679973415136,285705,82.0,0.0025,0.0042
588,429.56785908650284,284159,83.0,0.0025,0.0042
589,429.5677908914124,282619,84.0,0.0025,0.0042
590,429.56778231995196,281092,85.0,0.0025,0.0042
591,429.56778628723845,279588,86.0,0.0025,0.0042
592,429.56795703189243,278095,87.0,0.0025,0.0042
593,429.5680371939817,276595,88.0,0.0025,0.0042
594,429.56802430887353,275107,89.0,0.0025,0.0042
595,429.5678944445792,273624,90.0,0.0025,0.0042
596,429.5680953969937,272156,91.0,0.0025,0.0042
597,429.5678613506826,270708,92.0,0.0025,0.0042
598,429.56803624985366,269269,93.0,0.0025,0.0042
599,429.5680644972792,267822,94.0,0.0025,0.0042
600,429.56803914583975,266389,95.0,0.0025,0.0042
601,429.5680815821138,264961,96.0,0.0025,0.0042
602,429.56782256142856,263551,97.0,0.0025,0.0042
603,429.5679269200392,262156,98.0,0.0025,0.0042
604,429.5678725337528,260765,99.0,0.0025,0.0042
605,429.568055823803,259377,100.0,0.0025,0.0042
606,429.9977454590728,443016,0.0,0.003,0.0042
607,429.56780650086887,440358,1.0,0.003,0.0042
608,429.5679921706897,438545,2.0,0.003,0.0042
609,429.5677955360619,436705,3.0,0.003,0.0042
610,429.5678629991704,434856,4.0,0.003,0.0042
611,429.5680752475357,433009,5.0,0.003,0.0042
612,429.5681339910454,431146,6.0,0.003,0.0042
613,429.5678352192714,429273,7.0,0.003,0.0042
614,429.5679009637775,427406,8.0,0.003,0.0042
615,429.5680041571811,425522,9.0,0.003,0.0042
616,429.5678988926853,423624,10.0,0.003,0.0042
617,429.5680394024753,421731,11.0,0.003,0.0042
618,429.5678776145514,419804,12.0,0.003,0.0042
619,429.5678346408825,417869,13.0,0.003,0.0042
620,429.5679977535375,415951,14.0,0.003,0.0042
621,429.5679799871659,414007,15.0,0.003,0.0042
622,429.56794214671555,412064,16.0,0.003,0.0042
623,429.567829774667,410146,17.0,0.003,0.0042
624,429.56807863717916,408204,18.0,0.003,0.0042
625,429.5680807714582,406262,19.0,0.003,0.0042
626,429.56794552606584,404339,20.0,0.003,0.0042
627,429.56781680737475,402404,21.0,0.003,0.0042
628,429.56776350763704,400469,22.0,0.003,0.0042
629,429.56793663912396,398544,23.0,0.003,0.0042
630,429.5678235685749,396621,24.0,0.003,0.0042
631,429.56794595204394,394698,25.0,0.003,0.0042
632,429.5680562879599,392781,26.0,0.003,0.0042
633,429.56801644519436,390865,27.0,0.003,0.0042
634,429.56787002383646,388956,28.0,0.003,0.0042
635,429.56789840711053,387052,29.0,0.003,0.0042
636,429.5680092364738,385149,30.0,0.003,0.0042
637,429.5679141308169,383252,31.0,0.003,0.0042
638,429.5677859908681,381364,32.0,0.003,0.0042
639,429.5680713115076,379481,33.0,0.003,0.0042
640,429.56802363197784,377593,34.0,0.003,0.0042
641,429.56793371998265,375724,35.0,0.003,0.0042
642,429.5677591858435,373862,36.0,0.003,0.0042
643,429.567872079239,371988,37.0,0.003,0.0042
644,429.5677968151497,370136,38.0,0.003,0.0042
645,429.56805098875645,368295,39.0,0.003,0.0042
646,429.5679509916151,366444,40.0,0.003,0.0042
647,429.56805006119487,364607,41.0,0.003,0.0042
648,429.5678540405823,362786,42.0,0.003,0.0042
649,429.5680547919563,360962,43.0,0.003,0.0042
650,429.5679274140471,359140,44.0,0.003,0.0042
651,429.5678853700721,357341,45.0,0.003,0.0042
652,429.56775885291654,355538,46.0,0.003,0.0042
653,429.5679975468065,353720,47.0,0.003,0.0042
654,429.56801145291297,351916,48.0,0.003,0.0042
655,429.5677568814059,350116,49.0,0.003,0.0042
656,429.56795546404777,348321,50.0,0.003,0.0042
657,429.56776613967537,346544,51.0,0.003,0.0042
658,429.5678254923338,344789,52.0,0.003,0.0042
659,429.5678505898783,343007,53.0,0.003,0.0042
660,429.5679400025007,341237,54.0,0.003,0.0042
661,429.5679694696225,339490,55.0,0.003,0.0042
662,429.56783650195615,337753,56.0,0.003,0.0042
663,429.5679378004095,336033,57.0,0.003,0.0042
664,429.5678575110786,334334,58.0,0.003,0.0042
665,429.5678160323905,332611,59.0,0.003,0.0042
666,429.5678774759261,330895,60.0,0.003,0.0042
667,429.56799463631717,329202,61.0,0.003,0.0042
668,429.56791723173654,327523,62.0,0.003,0.0042
669,429.56796111219165,325857,63.0,0.003,0.0042
670,429.56792288156,324200,64.0,0.003,0.0042
671,429.56781871581506,322534,65.0,0.003,0.0042
672,429.56790119911733,320874,66.0,0.003,0.0042
673,429.56795639436336,319235,67.0,0.003,0.0042
674,429.5679147231382,317612,68.0,0.003,0.0042
675,429.5680220401641,316001,69.0,0.003,0.0042
676,429.56774983286556,314389,70.0,0.003,0.0042
677,429.56804115635714,312779,71.0,0.003,0.0042
678,429.5680037325952,311174,72.0,0.003,0.0042
679,429.5677551076509,309590,73.0,0.003,0.0042
680,429.5680239189929,308021,74.0,0.003,0.0042
681,429.5679907297407,306464,75.0,0.003,0.0042
682,429.567750233967,304900,76.0,0.003,0.0042
683,429.5677687088615,303341,77.0,0.003,0.0042
684,429.5678136878924,301792,78.0,0.003,0.0042
685,429.5680576421799,300265,79.0,0.003,0.0042
686,429.5678696542883,298745,80.0,0.003,0.0042
687,429.56799169653374,297239,81.0,0.003,0.0042
688,429.56778711931975,295727,82.0,0.003,0.0042
689,429.5678982033613,294219,83.0,0.003,0.0042
690,429.56782928890357,292728,84.0,0.003,0.0042
691,429.5677822564181,291250,85.0,0.003,0.0042
692,429.5679902703059,289783,86.0,0.003,0.0042
693,429.568049220108,288328,87.0,0.003,0.0042
694,429.5679445313635,286863,88.0,0.003,0.0042
695,429.5680020101037,285410,89.0,0.003,0.0042
696,429.5679384876601,283973,90.0,0.003,0.0042
697,429.56782940251003,282542,91.0,0.003,0.0042
698,429.56799109529146,281133,92.0,0.003,0.0042
699,429.5677658173484,279718,93.0,0.003,0.0042
700,429.5677926134562,278305,94.0,0.003,0.0042
701,429.5677901237254,276908,95.0,0.003,0.0042
702,429.5678829831734,275516,96.0,0.003,0.0042
703,429.5677603044444,274142,97.0,0.003,0.0042
704,429.56793390521534,272780,98.0,0.003,0.0042
705,429.567972699102,271410,99.0,0.003,0.0042
706,429.567816804423,270052,100.0,0.003,0.0042
707,429.9976529503184,443016,0.0,0.0045,0.0042
708,429.5680520726522,441302,1.0,0.0045,0.0042
709,429.56779091759165,440371,2.0,0.0045,0.0042
710,429.5677460776322,439406,3.0,0.0045,0.0042
711,429.5676963502867,438404,4.0,0.0045,0.0042
712,429.5678076390459,437345,5.0,0.0045,0.0042
713,429.56786280119593,436245,6.0,0.0045,0.0042
714,429.56783711487884,435113,7.0,0.0045,0.0042
715,429.5679699543344,433924,8.0,0.0045,0.0042
716,429.5678527133377,432705,9.0,0.0045,0.0042
717,429.56787334900196,431448,10.0,0.0045,0.0042
718,429.5678289572868,430149,11.0,0.0045,0.0042
719,429.5677354798672,428837,12.0,0.0045,0.0042
720,429.56771228462947,427486,13.0,0.0045,0.0042
721,429.5676735053942,426124,14.0,0.0045,0.0042
722,429.56781958075476,424730,15.0,0.0045,0.0042
723,429.56791059592143,423327,16.0,0.0045,0.0042
724,429.56771084066344,421896,17.0,0.0045,0.0042
725,429.5678846137048,420459,18.0,0.0045,0.0042
726,429.5678510377999,418999,19.0,0.0045,0.0042
727,429.56791480092204,417530,20.0,0.0045,0.0042
728,429.56770330754756,416048,21.0,0.0045,0.0042
729,429.56782627681383,414553,22.0,0.0045,0.0042
730,429.5677842879204,413052,23.0,0.0045,0.0042
731,429.5678667634149,411526,24.0,0.0045,0.0042
732,429.5677273913384,409990,25.0,0.0045,0.0042
733,429.5677472359113,408448,26.0,0.0045,0.0042
734,429.5678868538782,406902,27.0,0.0045,0.0042
735,429.5677699998085,405353,28.0,0.0045,0.0042
736,429.5678136405566,403779,29.0,0.0045,0.0042
737,429.567929407483,402214,30.0,0.0045,0.0042
738,429.56773542271645,400639,31.0,0.0045,0.0042
739,429.567785163877,399086,32.0,0.0045,0.0042
740,429.5677400946637,397514,33.0,0.0045,0.0042
741,429.56786798754433,395938,34.0,0.0045,0.0042
742,429.56785653515675,394351,35.0,0.0045,0.0042
743,429.5677645458876,392781,36.0,0.0045,0.0042
744,429.5677104766259,391212,37.0,0.0045,0.0042
745,429.56767564857586,389644,38.0,0.0045,0.0042
746,429.5678855522432,388061,39.0,0.0045,0.0042
747,429.567784850886,386480,40.0,0.0045,0.0042
748,429.5678107084616,384912,41.0,0.0045,0.0042
749,429.5676903999053,383346,42.0,0.0045,0.0042
750,429.56767995155303,381785,43.0,0.0045,0.0042
751,429.5677718821113,380205,44.0,0.0045,0.0042
752,429.56778943017207,378642,45.0,0.0045,0.0042
753,429.56786173439923,377077,46.0,0.0045,0.0042
754,429.56774913852047,375531,47.0,0.0045,0.0042
755,429.56789605717825,373973,48.0,0.0045,0.0042
756,429.56787063422877,372414,49.0,0.0045,0.0042
757,429.56770936020297,370861,50.0,0.0045,0.0042
758,429.5677448584621,369314,51.0,0.0045,0.0042
759,429.5678199098381,367785,52.0,0.0045,0.0042
760,429.56777238320905,366240,53.0,0.0045,0.0042
761,429.5679107878966,364705,54.0,0.0045,0.0042
762,429.5679163109819,363167,55.0,0.0045,0.0042
763,429.567841038747,361647,56.0,0.0045,0.0042
764,429.5676657645761,360130,57.0,0.0045,0.0042
765,429.56785758337577,358613,58.0,0.0045,0.0042
766,429.5676608057185,357093,59.0,0.0045,0.0042
767,429.56772014327544,355583,60.0,0.0045,0.0042
768,429.56782996726525,354084,61.0,0.0045,0.0042
769,429.56776417186444,352592,62.0,0.0045,0.0042
770,429.56776327642115,351098,63.0,0.0045,0.0042
771,429.567786993567,349602,64.0,0.0045,0.0042
772,429.56785227849576,348122,65.0,0.0045,0.0042
773,429.5677892664037,346643,66.0,0.0045,0.0042
774,429.56791168469334,345184,67.0,0.0045,0.0042
775,429.56769274222285,343708,68.0,0.0045,0.0042
776,429.56791425720724,342247,69.0,0.0045,0.0042
777,429.5679126732043,340788,70.0,0.0045,0.0042
778,429.5677111449126,339342,71.0,0.0045,0.0042
779,429.567696939906,337904,72.0,0.0045,0.0042
780,429.56768007797785,336461,73.0,0.0045,0.0042
781,429.56770069054147,335026,74.0,0.0045,0.0042
782,429.56789292120266,333598,75.0,0.0045,0.0042
783,429.5678102620577,332182,76.0,0.0045,0.0042
784,429.5677467558534,330769,77.0,0.0045,0.0042
785,429.5676654426054,329347,78.0,0.0045,0.0042
786,429.56790217365506,327924,79.0,0.0045,0.0042
787,429.5678086853528,326510,80.0,0.0045,0.0042
788,429.56790736570804,325096,81.0,0.0045,0.0042
789,429.5678402873409,323694,82.0,0.0045,0.0042
790,429.5678675492926,322294,83.0,0.0045,0.0042
791,429.56777406795715,320908,84.0,0.0045,0.0042
792,429.5677773686239,319527,85.0,0.0045,0.0042
793,429.5677953320784,318162,86.0,0.0045,0.0042
794,429.5677704855472,316795,87.0,0.0045,0.0042
795,429.56791359722314,315422,88.0,0.0045,0.0042
796,429.56782895865837,314053,89.0,0.0045,0.0042
797,429.56788790430073,312696,90.0,0.0045,0.0042
798,429.56784916432446,311347,91.0,0.0045,0.0042
799,429.56773504473665,310010,92.0,0.0045,0.0042
800,429.5677336150421,308685,93.0,0.0045,0.0042
801,429.5678431656337,307374,94.0,0.0045,0.0042
802,429.5676655090014,306076,95.0,0.0045,0.0042
803,429.5676587887599,304775,96.0,0.0045,0.0042
804,429.5677603711924,303463,97.0,0.0045,0.0042
805,429.5678715441477,302159,98.0,0.0045,0.0042
806,429.5676955608816,300863,99.0,0.0045,0.0042
807,429.56766693676104,299577,100.0,0.0045,0.0042
808,429.99756044192486,443016,0.0,0.006,0.0042
809,429.56803255259865,442224,1.0,0.006,0.0042
810,429.5675730005224,442187,2.0,0.006,0.0042
811,429.5676336624489,442064,3.0,0.006,0.0042
812,429.56777866285154,441848,4.0,0.006,0.0042
813,429.5676297039714,441539,5.0,0.006,0.0042
814,429.5676078377251,441149,6.0,0.006,0.0042
815,429.567771012456,440678,7.0,0.006,0.0042
816,429.5676536851688,440134,8.0,0.006,0.0042
817,429.56760423092254,439519,9.0,0.006,0.0042
818,429.56757053332944,438842,10.0,0.006,0.0042
819,429.56762032374036,438106,11.0,0.006,0.0042
820,429.56786310534795,437318,12.0,0.006,0.0042
821,429.5677411143514,436494,13.0,0.006,0.0042
822,429.5677235953523,435628,14.0,0.006,0.0042
823,429.5675800596269,434719,15.0,0.006,0.0042
824,429.56765772422335,433768,16.0,0.006,0.0042
825,429.56780444780577,432792,17.0,0.006,0.0042
826,429.56770318612064,431788,18.0,0.006,0.0042
827,429.5675982898137,430747,19.0,0.006,0.0042
828,429.56758231667646,429676,20.0,0.006,0.0042
829,429.56763215271695,428595,21.0,0.006,0.0042
830,429.5676699412885,427484,22.0,0.006,0.0042
831,429.56777050495,426344,23.0,0.006,0.0042
832,429.5677831407286,425198,24.0,0.006,0.0042
833,429.56774340384544,424033,25.0,0.006,0.0042
834,429.5678063994828,422839,26.0,0.006,0.0042
835,429.5676945344306,421642,27.0,0.006,0.0042
836,429.5677513132319,420430,28.0,0.006,0.0042
837,429.56763473480396,419197,29.0,0.006,0.0042
838,429.5676334682101,417961,30.0,0.006,0.0042
839,429.56767942539705,416708,31.0,0.006,0.0042
840,429.5677827280014,415449,32.0,0.006,0.0042
841,429.56760422901965,414180,33.0,0.006,0.0042
842,429.5676720122391,412894,34.0,0.006,0.0042
843,429.5675974272636,411611,35.0,0.006,0.0042
844,429.5675960810189,410319,36.0,0.006,0.0042
845,429.56776956011566,409012,37.0,0.006,0.0042
846,429.5675754927826,407708,38.0,0.006,0.0042
847,429.5676012124609,406393,39.0,0.006,0.0042
848,429.5676979200416,405072,40.0,0.006,0.0042
849,429.567734839294,403739,41.0,0.006,0.0042
850,429.5677619054442,402396,42.0,0.006,0.0042
851,429.5676654536805,401056,43.0,0.006,0.0042
852,429.56768902803907,399705,44.0,0.006,0.0042
853,429.5675799836172,398361,45.0,0.006,0.0042
854,429.5675972329314,397014,46.0,0.006,0.0042
855,429.56772561223323,395659,47.0,0.006,0.0042
856,429.56774382474697,394297,48.0,0.006,0.0042
857,429.5677258131574,392928,49.0,0.006,0.0042
858,429.5676194337537,391568,50.0,0.006,0.0042
859,429.567685027826,390204,51.0,0.006,0.0042
860,429.56765288228104,388851,52.0,0.006,0.0042
861,429.5677215203399,387502,53.0,0.006,0.0042
862,429.56759466986466,386150,54.0,0.006,0.0042
863,429.5676676056439,384785,55.0,0.006,0.0042
864,429.56766973009815,383416,56.0,0.006,0.0042
865,429.5676304766602,382057,57.0,0.006,0.0042
866,429.5675732874259,380696,58.0,0.006,0.0042
867,429.5676520825846,379348,59.0,0.006,0.0042
868,429.5676778297551,378004,60.0,0.006,0.0042
869,429.56762161940566,376667,61.0,0.006,0.0042
870,429.5677749764976,375313,62.0,0.006,0.0042
871,429.56767308833844,373957,63.0,0.006,0.0042
872,429.567587784392,372611,64.0,0.006,0.0042
873,429.56757854625374,371265,65.0,0.006,0.0042
874,429.5676446002997,369932,66.0,0.006,0.0042
875,429.56771161294097,368603,67.0,0.006,0.0042
876,429.5677180480486,367286,68.0,0.006,0.0042
877,429.567685101148,365953,69.0,0.006,0.0042
878,429.5675993532964,364619,70.0,0.006,0.0042
879,429.56771970988717,363295,71.0,0.006,0.0042
880,429.567598934602,361971,72.0,0.006,0.0042
881,429.5676599569927,360660,73.0,0.006,0.0042
882,429.56769178819883,359353,74.0,0.006,0.0042
883,429.5676275064754,358058,75.0,0.006,0.0042
884,429.56777342084604,356756,76.0,0.006,0.0042
885,429.56760731694436,355449,77.0,0.006,0.0042
886,429.56758181218277,354151,78.0,0.006,0.0042
887,429.5677740928657,352856,79.0,0.006,0.0042
888,429.5675899970832,351571,80.0,0.006,0.0042
889,429.567772967078,350292,81.0,0.006,0.0042
890,429.5677500478568,349024,82.0,0.006,0.0042
891,429.5677608756868,347755,83.0,0.006,0.0042
892,429.56766415482105,346479,84.0,0.006,0.0042
893,429.5677105796252,345212,85.0,0.006,0.0042
894,429.5676166469343,343947,86.0,0.006,0.0042
895,429.5675683915606,342693,87.0,0.006,0.0042
896,429.5676804083464,341445,88.0,0.006,0.0042
897,429.5676806046619,340207,89.0,0.006,0.0042
898,429.5676820200075,338974,90.0,0.006,0.0042
899,429.56756638366215,337731,91.0,0.006,0.0042
900,429.56774550847683,336498,92.0,0.006,0.0042
901,429.5676689748932,335267,93.0,0.006,0.0042
902,429.56766878422656,334046,94.0,0.006,0.0042
903,429.56774548894356,332832,95.0,0.006,0.0042
904,429.56773214727224,331626,96.0,0.006,0.0042
905,429.56767729988985,330430,97.0,0.006,0.0042
906,429.56775324049295,329223,98.0,0.006,0.0042
907,429.56773481315696,328024,99.0,0.006,0.0042
908,429.56760448503763,326829,100.0,0.006,0.0042
909,429.99731375468804,443016,0.0,0.01,0.0042
910,429.56762420026206,444682,1.0,0.01,0.0042
911,429.5676707296587,446936,2.0,0.01,0.0042
912,429.56740667738336,448909,3.0,0.01,0.0042
913,429.5675175998505,450632,4.0,0.01,0.0042
914,429.5675412448307,452107,5.0,0.01,0.0042
915,429.5674839470783,453379,6.0,0.01,0.0042
916,429.56755724550504,454487,7.0,0.01,0.0042
917,429.56732454375987,455442,8.0,0.01,0.0042
918,429.5675415458027,456272,9.0,0.01,0.0042
919,429.5673514876845,456959,10.0,0.01,0.0042
920,429.56751676955275,457532,11.0,0.01,0.0042
921,429.5673982947087,458002,12.0,0.01,0.0042
922,429.56741803462114,458362,13.0,0.01,0.0042
923,429.56739620113814,458648,14.0,0.01,0.0042
924,429.56755728254495,458849,15.0,0.01,0.0042
925,429.56737612444095,458969,16.0,0.01,0.0042
926,429.5673958922471,459023,17.0,0.01,0.0042
927,429.5674411945978,459027,18.0,0.01,0.0042
928,429.56750702562175,458970,19.0,0.01,0.0042
929,429.5674128882312,458844,20.0,0.01,0.0042
930,429.5673900964243,458668,21.0,0.01,0.0042
931,429.56741733172083,458441,22.0,0.01,0.0042
932,429.5674982225831,458157,23.0,0.01,0.0042
933,429.56738962718094,457815,24.0,0.01,0.0042
934,429.5673369271521,457440,25.0,0.01,0.0042
935,429.5673277043724,457026,26.0,0.01,0.0042
936,429.5674748843468,456568,27.0,0.01,0.0042
937,429.56752832324156,456065,28.0,0.01,0.0042
938,429.5673892648924,455536,29.0,0.01,0.0042
939,429.56740295681277,454975,30.0,0.01,0.0042
940,429.56735899971625,454379,31.0,0.01,0.0042
941,429.567523240366,453750,32.0,0.01,0.0042
942,429.567500764332,453101,33.0,0.01,0.0042
943,429.56738693592575,452425,34.0,0.01,0.0042
944,429.56738330122056,451723,35.0,0.01,0.0042
945,429.5673369152443,450995,36.0,0.01,0.0042
946,429.56742462712145,450252,37.0,0.01,0.0042
947,429.56739836581676,449487,38.0,0.01,0.0042
948,429.5674040700374,448701,39.0,0.01,0.0042
949,429.5673967896096,447895,40.0,0.01,0.0042
950,429.5673616123824,447076,41.0,0.01,0.0042
951,429.5674101270096,446242,42.0,0.01,0.0042
952,429.5674259234421,445393,43.0,0.01,0.0042
953,429.5673315381923,444530,44.0,0.01,0.0042
954,429.5674039575973,443659,45.0,0.01,0.0042
955,429.56733986462655,442775,46.0,0.01,0.0042
956,429.5673786114869,441879,47.0,0.01,0.0042
957,429.56738373453857,440971,48.0,0.01,0.0042
958,429.5674943582347,440054,49.0,0.01,0.0042
959,429.56737152817146,439127,50.0,0.01,0.0042
960,429.5673875752238,438192,51.0,0.01,0.0042
961,429.5674147234498,437249,52.0,0.01,0.0042
962,429.5674172574034,436298,53.0,0.01,0.0042
963,429.56736140771795,435338,54.0,0.01,0.0042
964,429.56746725425614,434373,55.0,0.01,0.0042
965,429.5674768250054,433402,56.0,0.01,0.0042
966,429.5673494164112,432425,57.0,0.01,0.0042
967,429.56733662662697,431443,58.0,0.01,0.0042
968,429.5674936002828,430456,59.0,0.01,0.0042
969,429.5673256882889,429463,60.0,0.01,0.0042
970,429.5674793212182,428468,61.0,0.01,0.0042
971,429.5674581250565,427469,62.0,0.01,0.0042
972,429.56733234630497,426466,63.0,0.01,0.0042
973,429.5673962032982,425460,64.0,0.01,0.0042
974,429.56738988851197,424452,65.0,0.01,0.0042
975,429.56747102280525,423444,66.0,0.01,0.0042
976,429.5674347990316,422435,67.0,0.01,0.0042
977,429.5673260504931,421421,68.0,0.01,0.0042
978,429.5674049710454,420404,69.0,0.01,0.0042
979,429.5673260112671,419386,70.0,0.01,0.0042
980,429.56738972078716,418369,71.0,0.01,0.0042
981,429.5674211361115,417352,72.0,0.01,0.0042
982,429.56733263511694,416334,73.0,0.01,0.0042
983,429.56734596759975,415317,74.0,0.01,0.0042
984,429.567437656679,414303,75.0,0.01,0.0042
985,429.56742248476695,413284,76.0,0.01,0.0042
986,429.56749402458547,412265,77.0,0.01,0.0042
987,429.56744886328505,411245,78.0,0.01,0.0042
988,429.56742028284793,410227,79.0,0.01,0.0042
989,429.56733503993996,409211,80.0,0.01,0.0042
990,429.56737639616574,408198,81.0,0.01,0.0042
991,429.5674564930297,407187,82.0,0.01,0.0042
992,429.56745346258225,406178,83.0,0.01,0.0042
993,429.56732481299514,405164,84.0,0.01,0.0042
994,429.5673788891778,404153,85.0,0.01,0.0042
995,429.56748636989903,403144,86.0,0.01,0.0042
996,429.5674671623323,402136,87.0,0.01,0.0042
997,429.56737046159776,401131,88.0,0.01,0.0042
998,429.56731975246976,400130,89.0,0.01,0.0042
999,429.5673521926421,399133,90.0,0.01,0.0042
1000,429.5673168630071,398137,91.0,0.01,0.0042
1001,429.5674594453702,397139,92.0,0.01,0.0042
1002,429.56741417472153,396143,93.0,0.01,0.0042
1003,429.5673741061393,395150,94.0,0.01,0.0042
1004,429.5674008825708,394160,95.0,0.01,0.0042
1005,429.5673270451166,393173,96.0,0.01,0.0042
1006,429.56735575251093,392191,97.0,0.01,0.0042
1007,429.5674535379695,391214,98.0,0.01,0.0042
1008,429.56749554464284,390237,99.0,0.01,0.0042
1009,429.5674168018446,389256,100.0,0.01,0.0042
1010,429.9978379681776,443016,0.0,0.0015,0.0042
1011,429.5680848757593,439434,1.0,0.0015,0.0042
1012,429.56803231159216,436691,2.0,0.0015,0.0042
1013,429.56806598837755,433964,3.0,0.0015,0.0042
1014,429.568195328972,431252,4.0,0.0015,0.0042
1015,429.5681929150118,428561,5.0,0.0015,0.0042
1016,429.56805499939765,425885,6.0,0.0015,0.0042
1017,429.56807868936255,423226,7.0,0.0015,0.0042
1018,429.56829612648295,420587,8.0,0.0015,0.0042
1019,429.56787645524133,417959,9.0,0.0015,0.0042
1020,429.5679613695327,415350,10.0,0.0015,0.0042
1021,429.5681223957297,412759,11.0,0.0015,0.0042
1022,429.56796204358875,410161,12.0,0.0015,0.0042
1023,429.5682923653176,407579,13.0,0.0015,0.0042
1024,429.56820968365884,405021,14.0,0.0015,0.0042
1025,429.5682147441161,402461,15.0,0.0015,0.0042
1026,429.567903974598,399920,16.0,0.0015,0.0042
1027,429.5678594398776,397411,17.0,0.0015,0.0042
1028,429.56807287735,394904,18.0,0.0015,0.0042
1029,429.56821287983684,392409,19.0,0.0015,0.0042
1030,429.56824467947393,389943,20.0,0.0015,0.0042
1031,429.5679108284516,387485,21.0,0.0015,0.0042
1032,429.5680394235284,385035,22.0,0.0015,0.0042
1033,429.56823783071303,382613,23.0,0.0015,0.0042
1034,429.5680158905713,380206,24.0,0.0015,0.0042
1035,429.5682383584142,377804,25.0,0.0015,0.0042
1036,429.5680083542784,375428,26.0,0.0015,0.0042
1037,429.5680412051901,373072,27.0,0.0015,0.0042
1038,429.5681502173606,370715,28.0,0.0015,0.0042
1039,429.5679953820818,368381,29.0,0.0015,0.0042
1040,429.5678694598421,366070,30.0,0.0015,0.0042
1041,429.5679790383063,363756,31.0,0.0015,0.0042
1042,429.5682251878767,361464,32.0,0.0015,0.0042
1043,429.5682244839264,359197,33.0,0.0015,0.0042
1044,429.5678994949749,356924,34.0,0.0015,0.0042
1045,429.56799788439463,354672,35.0,0.0015,0.0042
1046,429.56824381568276,352445,36.0,0.0015,0.0042
1047,429.56808914661497,350217,37.0,0.0015,0.0042
1048,429.56816293271186,348008,38.0,0.0015,0.0042
1049,429.5682145542098,345827,39.0,0.0015,0.0042
1050,429.5681906724496,343652,40.0,0.0015,0.0042
1051,429.5679482264886,341488,41.0,0.0015,0.0042
1052,429.5678764409874,339346,42.0,0.0015,0.0042
1053,429.5680634443721,337213,43.0,0.0015,0.0042
1054,429.56791522261443,335087,44.0,0.0015,0.0042
1055,429.56817348152566,332982,45.0,0.0015,0.0042
1056,429.56795780359585,330888,46.0,0.0015,0.0042
1057,429.5682402271003,328803,47.0,0.0015,0.0042
1058,429.568097111939,326742,48.0,0.0015,0.0042
1059,429.5678745535221,324699,49.0,0.0015,0.0042
1060,429.5679014475052,322659,50.0,0.0015,0.0042
1061,429.5682266687038,320637,51.0,0.0015,0.0042
1062,429.5679097474184,318630,52.0,0.0015,0.0042
1063,429.5681191116262,316625,53.0,0.0015,0.0042
1064,429.5681502643884,314637,54.0,0.0015,0.0042
1065,429.56792912840035,312673,55.0,0.0015,0.0042
1066,429.56817390910754,310716,56.0,0.0015,0.0042
1067,429.56797074431677,308773,57.0,0.0015,0.0042
1068,429.5678549046117,306848,58.0,0.0015,0.0042
1069,429.5678653200839,304924,59.0,0.0015,0.0042
1070,429.5679786633907,303013,60.0,0.0015,0.0042
1071,429.5682167192352,301124,61.0,0.0015,0.0042
1072,429.5680343544944,299247,62.0,0.0015,0.0042
1073,429.5679018398433,297381,63.0,0.0015,0.0042
1074,429.56809980907826,295531,64.0,0.0015,0.0042
1075,429.5681841581177,293687,65.0,0.0015,0.0042
1076,429.5682431691627,291851,66.0,0.0015,0.0042
1077,429.5681747524956,290037,67.0,0.0015,0.0042
1078,429.5679249160005,288239,68.0,0.0015,0.0042
1079,429.5679739634966,286446,69.0,0.0015,0.0042
1080,429.56809018503844,284666,70.0,0.0015,0.0042
1081,429.5682344518479,282897,71.0,0.0015,0.0042
1082,429.56795422359613,281137,72.0,0.0015,0.0042
1083,429.56813901505365,279400,73.0,0.0015,0.0042
1084,429.56812109461555,277674,74.0,0.0015,0.0042
1085,429.5682299292135,275949,75.0,0.0015,0.0042
1086,429.5679758956732,274236,76.0,0.0015,0.0042
1087,429.5678728929764,272545,77.0,0.0015,0.0042
1088,429.56792873809974,270850,78.0,0.0015,0.0042
1089,429.56817288891716,269160,79.0,0.0015,0.0042
1090,429.5678729942624,267476,80.0,0.0015,0.0042
1091,429.56795079245535,265807,81.0,0.0015,0.0042
1092,429.56785354868794,264161,82.0,0.0015,0.0042
1093,429.5681472966506,262532,83.0,0.0015,0.0042
1094,429.5681453784501,260894,84.0,0.0015,0.0042
1095,429.56786159669855,259262,85.0,0.0015,0.0042
1096,429.5679056475202,257653,86.0,0.0015,0.0042
1097,429.5678656029125,256064,87.0,0.0015,0.0042
1098,429.56793417571794,254489,88.0,0.0015,0.0042
1099,429.56801817983103,252926,89.0,0.0015,0.0042
1100,429.5682405165842,251358,90.0,0.0015,0.0042
1101,429.5682052055985,249806,91.0,0.0015,0.0042
1102,429.56792117347396,248263,92.0,0.0015,0.0042
1103,429.56786869612273,246734,93.0,0.0015,0.0042
1104,429.5680483984643,245231,94.0,0.0015,0.0042
1105,429.5681917954936,243733,95.0,0.0015,0.0042
1106,429.5680516444942,242227,96.0,0.0015,0.0042
1107,429.5681322997909,240734,97.0,0.0015,0.0042
1108,429.56807034703496,239264,98.0,0.0015,0.0042
1109,429.5680069121106,237807,99.0,0.0015,0.0042
1110,429.5681024203525,236362,100.0,0.0015,0.0042
1111,429.9975912780155,443016,0.0,0.0055,0.0042
1112,429.5679729606648,441919,1.0,0.0055,0.0042
1113,429.5679124668009,441592,2.0,0.0055,0.0042
1114,429.56788956950294,441194,3.0,0.0055,0.0042
1115,429.5677378603983,440719,4.0,0.0055,0.0042
1116,429.5677676672454,440166,5.0,0.0055,0.0042
1117,429.56790715608906,439538,6.0,0.0055,0.0042
1118,429.56773856861207,438839,7.0,0.0055,0.0042
1119,429.5677096902937,438090,8.0,0.0055,0.0042
1120,429.56774656531985,437284,9.0,0.0055,0.0042
1121,429.5677809417707,436420,10.0,0.0055,0.0042
1122,429.5676689456096,435501,11.0,0.0055,0.0042
1123,429.56770066036194,434546,12.0,0.0055,0.0042
1124,429.5678951606461,433559,13.0,0.0055,0.0042
1125,429.56768372075123,432526,14.0,0.0055,0.0042
1126,429.567706669011,431455,15.0,0.0055,0.0042
1127,429.5676290089069,430369,16.0,0.0055,0.0042
1128,429.56779811529526,429248,17.0,0.0055,0.0042
1129,429.56784373432134,428092,18.0,0.0055,0.0042
1130,429.56782282783644,426924,19.0,0.0055,0.0042
1131,429.56783344138375,425725,20.0,0.0055,0.0042
1132,429.5677238184513,424502,21.0,0.0055,0.0042
1133,429.5677040204595,423271,22.0,0.0055,0.0042
1134,429.5676192833993,422007,23.0,0.0055,0.0042
1135,429.5676565178645,420736,24.0,0.0055,0.0042
1136,429.5676712535698,419457,25.0,0.0055,0.0042
1137,429.5677755958603,418152,26.0,0.0055,0.0042
1138,429.5676974145818,416843,27.0,0.0055,0.0042
1139,429.56785277061095,415515,28.0,0.0055,0.0042
1140,429.56769882353547,414187,29.0,0.0055,0.0042
1141,429.5676774948868,412847,30.0,0.0055,0.0042
1142,429.5676558368456,411487,31.0,0.0055,0.0042
1143,429.56768714400846,410133,32.0,0.0055,0.0042
1144,429.5677484069407,408765,33.0,0.0055,0.0042
1145,429.56762019820644,407398,34.0,0.0055,0.0042
1146,429.56765511905377,406013,35.0,0.0055,0.0042
1147,429.56768859910267,404630,36.0,0.0055,0.0042
1148,429.56766075825743,403247,37.0,0.0055,0.0042
1149,429.5677125466981,401852,38.0,0.0055,0.0042
1150,429.5677193693892,400457,39.0,0.0055,0.0042
1151,429.567745661738,399052,40.0,0.0055,0.0042
1152,429.5676717670661,397659,41.0,0.0055,0.0042
1153,429.56776498180216,396250,42.0,0.0055,0.0042
1154,429.5677055241162,394845,43.0,0.0055,0.0042
1155,429.56768292404746,393433,44.0,0.0055,0.0042
1156,429.5676756456136,392030,45.0,0.0055,0.0042
1157,429.56781235812093,390620,46.0,0.0055,0.0042
1158,429.56777178769164,389206,47.0,0.0055,0.0042
1159,429.5676249075241,387796,48.0,0.0055,0.0042
1160,429.5676076786102,386386,49.0,0.0055,0.0042
1161,429.5677812836495,384974,50.0,0.0055,0.0042
1162,429.56770543315713,383546,51.0,0.0055,0.0042
1163,429.5676763557356,382125,52.0,0.0055,0.0042
1164,429.56768420937254,380696,53.0,0.0055,0.0042
1165,429.56760993034305,379277,54.0,0.0055,0.0042
1166,429.5677733339687,377854,55.0,0.0055,0.0042
1167,429.5677158832216,376443,56.0,0.0055,0.0042
1168,429.56776154394765,375032,57.0,0.0055,0.0042
1169,429.56760535191734,373615,58.0,0.0055,0.0042
1170,429.56781488162625,372190,59.0,0.0055,0.0042
1171,429.567725858571,370772,60.0,0.0055,0.0042
1172,429.56777421102,369357,61.0,0.0055,0.0042
1173,429.5676179386616,367950,62.0,0.0055,0.0042
1174,429.5676816970405,366552,63.0,0.0055,0.0042
1175,429.56770650291344,365163,64.0,0.0055,0.0042
1176,429.5677132451181,363788,65.0,0.0055,0.0042
1177,429.5677420837993,362393,66.0,0.0055,0.0042
1178,429.5677544795327,360998,67.0,0.0055,0.0042
1179,429.56765936557457,359603,68.0,0.0055,0.0042
1180,429.5677035342909,358221,69.0,0.0055,0.0042
1181,429.56767482474606,356841,70.0,0.0055,0.0042
1182,429.56776999048554,355477,71.0,0.0055,0.0042
1183,429.56765753300056,354117,72.0,0.0055,0.0042
1184,429.56782513685965,352776,73.0,0.0055,0.0042
1185,429.56762692378135,351413,74.0,0.0055,0.0042
1186,429.56779250744114,350054,75.0,0.0055,0.0042
1187,429.56776827345345,348697,76.0,0.0055,0.0042
1188,429.5677378800926,347350,77.0,0.0055,0.0042
1189,429.56769018033674,346010,78.0,0.0055,0.0042
1190,429.5676882229821,344680,79.0,0.0055,0.0042
1191,429.56767692076085,343362,80.0,0.0055,0.0042
1192,429.5676188716811,342053,81.0,0.0055,0.0042
1193,429.56782572716116,340735,82.0,0.0055,0.0042
1194,429.5676087025749,339411,83.0,0.0055,0.0042
1195,429.5677972907879,338100,84.0,0.0055,0.0042
1196,429.5677451732562,336791,85.0,0.0055,0.0042
1197,429.5677549549994,335495,86.0,0.0055,0.0042
1198,429.56779925589836,334205,87.0,0.0055,0.0042
1199,429.56776884051703,332928,88.0,0.0055,0.0042
1200,429.5677671847278,331661,89.0,0.0055,0.0042
1201,429.5677841559354,330382,90.0,0.0055,0.0042
1202,429.5677702259309,329106,91.0,0.0055,0.0042
1203,429.56769680891273,327834,92.0,0.0055,0.0042
1204,429.56765500365225,326573,93.0,0.0055,0.0042
1205,429.5676633036475,325317,94.0,0.0055,0.0042
1206,429.56772629839156,324074,95.0,0.0055,0.0042
1207,429.5678201961485,322838,96.0,0.0055,0.0042
1208,429.56779254320946,321615,97.0,0.0055,0.0042
1209,429.5676005532707,320379,98.0,0.0055,0.0042
1210,429.5675959992485,319147,99.0,0.0055,0.0042
1211,429.5677878008827,317924,100.0,0.0055,0.0042
1212,429.997375426246,443016,0.0,0.009,0.0042
1213,429.5677653788959,444076,1.0,0.009,0.0042
1214,429.5675753760485,445768,2.0,0.009,0.0042
1215,429.5675753502008,447221,3.0,0.009,0.0042
1216,429.56757195393,448492,4.0,0.009,0.0042
1217,429.56758468584934,449548,5.0,0.009,0.0042
1218,429.56766417233916,450435,6.0,0.009,0.0042
1219,429.56750052003264,451149,7.0,0.009,0.0042
1220,429.56742897566147,451745,8.0,0.009,0.0042
1221,429.5675790268002,452211,9.0,0.009,0.0042
1222,429.5676476320753,452581,10.0,0.009,0.0042
1223,429.5675308614793,452857,11.0,0.009,0.0042
1224,429.56746994223744,453045,12.0,0.009,0.0042
1225,429.567571215033,453129,13.0,0.009,0.0042
1226,429.567466489985,453147,14.0,0.009,0.0042
1227,429.56762373800416,453090,15.0,0.009,0.0042
1228,429.56758769833965,452972,16.0,0.009,0.0042
1229,429.5675552314896,452791,17.0,0.009,0.0042
1230,429.5675667242606,452550,18.0,0.009,0.0042
1231,429.56740243142946,452257,19.0,0.009,0.0042
1232,429.5674902801137,451913,20.0,0.009,0.0042
1233,429.56742211424,451532,21.0,0.009,0.0042
1234,429.5675655392295,451108,22.0,0.009,0.0042
1235,429.5675140577648,450639,23.0,0.009,0.0042
1236,429.5674345981755,450126,24.0,0.009,0.0042
1237,429.5673829704961,449583,25.0,0.009,0.0042
1238,429.5675290252147,449005,26.0,0.009,0.0042
1239,429.567526542922,448389,27.0,0.009,0.0042
1240,429.56750767715334,447736,28.0,0.009,0.0042
1241,429.5674927721221,447053,29.0,0.009,0.0042
1242,429.56746109250645,446348,30.0,0.009,0.0042
1243,429.567589384783,445616,31.0,0.009,0.0042
1244,429.5674160809755,444856,32.0,0.009,0.0042
1245,429.5674397534876,444071,33.0,0.009,0.0042
1246,429.5675024696637,443271,34.0,0.009,0.0042
1247,429.567513435757,442449,35.0,0.009,0.0042
1248,429.56753817050867,441605,36.0,0.009,0.0042
1249,429.56744777044935,440739,37.0,0.009,0.0042
1250,429.56748544794743,439857,38.0,0.009,0.0042
1251,429.56743812435127,438962,39.0,0.009,0.0042
1252,429.56743495505486,438053,40.0,0.009,0.0042
1253,429.56756064848156,437130,41.0,0.009,0.0042
1254,429.5675094164072,436191,42.0,0.009,0.0042
1255,429.5674721191281,435239,43.0,0.009,0.0042
1256,429.5674508700639,434276,44.0,0.009,0.0042
1257,429.56744023552176,433304,45.0,0.009,0.0042
1258,429.56747664767545,432323,46.0,0.009,0.0042
1259,429.567390349812,431331,47.0,0.009,0.0042
1260,429.56756296783453,430329,48.0,0.009,0.0042
1261,429.56752838028945,429319,49.0,0.009,0.0042
1262,429.56739185630715,428303,50.0,0.009,0.0042
1263,429.56755573069944,427282,51.0,0.009,0.0042
1264,429.5675384779229,426250,52.0,0.009,0.0042
1265,429.5675554781308,425210,53.0,0.009,0.0042
1266,429.56757469263243,424166,54.0,0.009,0.0042
1267,429.5674638886591,423117,55.0,0.009,0.0042
1268,429.56749370169746,422063,56.0,0.009,0.0042
1269,429.5674513465251,421002,57.0,0.009,0.0042
1270,429.5674068365996,419939,58.0,0.009,0.0042
1271,429.56741609963063,418875,59.0,0.009,0.0042
1272,429.5675423902885,417807,60.0,0.009,0.0042
1273,429.5673786042113,416728,61.0,0.009,0.0042
1274,429.56751068707433,415649,62.0,0.009,0.0042
1275,429.5675694344152,414569,63.0,0.009,0.0042
1276,429.5673992173698,413486,64.0,0.009,0.0042
1277,429.567417222444,412401,65.0,0.009,0.0042
1278,429.56738264587193,411317,66.0,0.009,0.0042
1279,429.5675446590173,410236,67.0,0.009,0.0042
1280,429.567523063835,409155,68.0,0.009,0.0042
1281,429.56755889590346,408069,69.0,0.009,0.0042
1282,429.5674711051711,406977,70.0,0.009,0.0042
1283,429.56739275711834,405886,71.0,0.009,0.0042
1284,429.5675622029243,404796,72.0,0.009,0.0042
1285,429.5675621629965,403705,73.0,0.009,0.0042
1286,429.567509161992,402617,74.0,0.009,0.0042
1287,429.5674471992981,401532,75.0,0.009,0.0042
1288,429.56744820622583,400449,76.0,0.009,0.0042
1289,429.56753198283377,399370,77.0,0.009,0.0042
1290,429.5675149802961,398288,78.0,0.009,0.0042
1291,429.5673894713786,397201,79.0,0.009,0.0042
1292,429.567403339928,396115,80.0,0.009,0.0042
1293,429.56744056099996,395032,81.0,0.009,0.0042
1294,429.567528812703,393953,82.0,0.009,0.0042
1295,429.5674167428434,392876,83.0,0.009,0.0042
1296,429.5673873846735,391802,84.0,0.009,0.0042
1297,429.5674259265552,390734,85.0,0.009,0.0042
1298,429.56755164963835,389672,86.0,0.009,0.0042
1299,429.5674010281413,388603,87.0,0.009,0.0042
1300,429.5674785951095,387533,88.0,0.009,0.0042
1301,429.5673992828572,386466,89.0,0.009,0.0042
1302,429.5674009327556,385403,90.0,0.009,0.0042
1303,429.56748741189153,384343,91.0,0.009,0.0042
1304,429.5674082377059,383287,92.0,0.009,0.0042
1305,429.56744026413423,382237,93.0,0.009,0.0042
1306,429.56747353250233,381192,94.0,0.009,0.0042
1307,429.56755380367684,380152,95.0,0.009,0.0042
1308,429.5675514439764,379107,96.0,0.009,0.0042
1309,429.56737988736006,378062,97.0,0.009,0.0042
1310,429.56740862872834,377021,98.0,0.009,0.0042
1311,429.56747597413596,375984,99.0,0.009,0.0042
1312,429.56750860191585,374952,100.0,0.009,0.0042
1313,429.9978996410071,443016,0.0,0.0005,0.0042
1314,429.56834580445116,438811,1.0,0.0005,0.0042
1315,429.5680267594496,435446,2.0,0.0005,0.0042
1316,429.56837790410714,432112,3.0,0.0005,0.0042
1317,429.56821966863083,428820,4.0,0.0005,0.0042
1318,429.5683644549868,425547,5.0,0.0005,0.0042
1319,429.5683697882657,422292,6.0,0.0005,0.0042
1320,429.5682755248926,419064,7.0,0.0005,0.0042
1321,429.5680352930574,415879,8.0,0.0005,0.0042
1322,429.56790947946473,412713,9.0,0.0005,0.0042
1323,429.5679078606433,409566,10.0,0.0005,0.0042
1324,429.5679261280889,406438,11.0,0.0005,0.0042
1325,429.5684156477561,403353,12.0,0.0005,0.0042
1326,429.56841908809497,400293,13.0,0.0005,0.0042
1327,429.56841461718125,397249,14.0,0.0005,0.0042
1328,429.56803906973846,394225,15.0,0.0005,0.0042
1329,429.5683215847085,391223,16.0,0.0005,0.0042
1330,429.5679404799249,388257,17.0,0.0005,0.0042
1331,429.56790214559396,385320,18.0,0.0005,0.0042
1332,429.5682354683284,382401,19.0,0.0005,0.0042
1333,429.56843068723566,379503,20.0,0.0005,0.0042
1334,429.5679675995334,376622,21.0,0.0005,0.0042
1335,429.56817664189333,373763,22.0,0.0005,0.0042
1336,429.5681892518689,370940,23.0,0.0005,0.0042
1337,429.567955495696,368139,24.0,0.0005,0.0042
1338,429.56807153144234,365360,25.0,0.0005,0.0042
1339,429.56795520291536,362598,26.0,0.0005,0.0042
1340,429.5682818957818,359858,27.0,0.0005,0.0042
1341,429.56808650540853,357136,28.0,0.0005,0.0042
1342,429.56815822807414,354434,29.0,0.0005,0.0042
1343,429.5679837514652,351761,30.0,0.0005,0.0042
1344,429.5681361232989,349113,31.0,0.0005,0.0042
1345,429.56828423147556,346487,32.0,0.0005,0.0042
1346,429.56814753577186,343878,33.0,0.0005,0.0042
1347,429.5682633093695,341290,34.0,0.0005,0.0042
1348,429.5681247198959,338721,35.0,0.0005,0.0042
1349,429.5683252059747,336171,36.0,0.0005,0.0042
1350,429.5680978831126,333642,37.0,0.0005,0.0042
1351,429.5683564556219,331130,38.0,0.0005,0.0042
1352,429.5680754876669,328639,39.0,0.0005,0.0042
1353,429.5681109412332,326168,40.0,0.0005,0.0042
1354,429.5680458723644,323721,41.0,0.0005,0.0042
1355,429.5680267837805,321296,42.0,0.0005,0.0042
1356,429.5683375792101,318889,43.0,0.0005,0.0042
1357,429.567922124771,316502,44.0,0.0005,0.0042
1358,429.56832573158107,314132,45.0,0.0005,0.0042
1359,429.56838003878806,311782,46.0,0.0005,0.0042
1360,429.56803656583884,309449,47.0,0.0005,0.0042
1361,429.5682069599764,307135,48.0,0.0005,0.0042
1362,429.567935267475,304840,49.0,0.0005,0.0042
1363,429.5684346331681,302562,50.0,0.0005,0.0042
1364,429.56848613513534,300304,51.0,0.0005,0.0042
1365,429.5682799620589,298061,52.0,0.0005,0.0042
1366,429.5684642917895,295838,53.0,0.0005,0.0042
1367,429.5682889856908,293632,54.0,0.0005,0.0042
1368,429.56828192834996,291443,55.0,0.0005,0.0042
1369,429.5679131621229,289273,56.0,0.0005,0.0042
1370,429.56798554926513,287118,57.0,0.0005,0.0042
1371,429.56816269130843,284983,58.0,0.0005,0.0042
1372,429.5683054441068,282863,59.0,0.0005,0.0042
1373,429.5680207149392,280760,60.0,0.0005,0.0042
1374,429.5681996895351,278675,61.0,0.0005,0.0042
1375,429.5683578937722,276605,62.0,0.0005,0.0042
1376,429.5685115075577,274554,63.0,0.0005,0.0042
1377,429.56819754716065,272515,64.0,0.0005,0.0042
1378,429.56819655433475,270495,65.0,0.0005,0.0042
1379,429.5684832384902,268490,66.0,0.0005,0.0042
1380,429.56826371543474,266500,67.0,0.0005,0.0042
1381,429.5683361764414,264527,68.0,0.0005,0.0042
1382,429.5681849090089,262567,69.0,0.0005,0.0042
1383,429.5684558873384,260626,70.0,0.0005,0.0042
1384,429.5679788560619,258697,71.0,0.0005,0.0042
1385,429.56839810964937,256789,72.0,0.0005,0.0042
1386,429.56826122030793,254897,73.0,0.0005,0.0042
1387,429.56851841796373,253020,74.0,0.0005,0.0042
1388,429.5681631538362,251158,75.0,0.0005,0.0042
1389,429.56802114051226,249308,76.0,0.0005,0.0042
1390,429.568156205144,247475,77.0,0.0005,0.0042
1391,429.5681813233558,245653,78.0,0.0005,0.0042
1392,429.56832782819697,243846,79.0,0.0005,0.0042
1393,429.5683484484374,242052,80.0,0.0005,0.0042
1394,429.5682674244256,240270,81.0,0.0005,0.0042
1395,429.5681004481775,238504,82.0,0.0005,0.0042
1396,429.56844812045324,236754,83.0,0.0005,0.0042
1397,429.56834453302844,235024,84.0,0.0005,0.0042
1398,429.56846895626853,233305,85.0,0.0005,0.0042
1399,429.56807766306923,231598,86.0,0.0005,0.0042
1400,429.56812392111436,229904,87.0,0.0005,0.0042
1401,429.5680307236526,228220,88.0,0.0005,0.0042
1402,429.56814461101726,226550,89.0,0.0005,0.0042
1403,429.56840455013275,224890,90.0,0.0005,0.0042
1404,429.5680227892286,223250,91.0,0.0005,0.0042
1405,429.5683269871996,221627,92.0,0.0005,0.0042
1406,429.5681926143314,220014,93.0,0.0005,0.0042
1407,429.5685725796647,218413,94.0,0.0005,0.0042
1408,429.5680659322261,216819,95.0,0.0005,0.0042
1409,429.5679289612222,215238,96.0,0.0005,0.0042
1410,429.56822869635056,213669,97.0,0.0005,0.0042
1411,429.56795249803594,212122,98.0,0.0005,0.0042
1412,429.56810954208333,210586,99.0,0.0005,0.0042
1413,429.56856944185904,209059,100.0,0.0005,0.0042
1414,429.9978071317718,443016,0.0,0.002,0.0042
1415,429.56806371257284,439742,1.0,0.002,0.0042
1416,429.56792253724103,437301,2.0,0.002,0.0042
1417,429.5679149815233,434871,3.0,0.002,0.0042
1418,429.5680766290374,432461,4.0,0.002,0.0042
1419,429.5679165367098,430053,5.0,0.002,0.0042
1420,429.5678638810154,427660,6.0,0.002,0.0042
1421,429.5678488290524,425274,7.0,0.002,0.0042
1422,429.56783118854327,422894,8.0,0.002,0.0042
1423,429.56825182018105,420527,9.0,0.002,0.0042
1424,429.5678272551647,418161,10.0,0.002,0.0042
1425,429.5680992436211,415797,11.0,0.002,0.0042
1426,429.56806782290613,413430,12.0,0.002,0.0042
1427,429.56790466585994,411084,13.0,0.002,0.0042
1428,429.56785505808455,408746,14.0,0.002,0.0042
1429,429.567869460988,406401,15.0,0.002,0.0042
1430,429.56791786578543,404079,16.0,0.002,0.0042
1431,429.56801159726353,401779,17.0,0.002,0.0042
1432,429.5681643387296,399460,18.0,0.002,0.0042
1433,429.5680535303539,397161,19.0,0.002,0.0042
1434,429.5681561936084,394894,20.0,0.002,0.0042
1435,429.56816610572145,392614,21.0,0.002,0.0042
1436,429.56815083679174,390355,22.0,0.002,0.0042
1437,429.5678448250301,388121,23.0,0.002,0.0042
1438,429.5679872829047,385880,24.0,0.002,0.0042
1439,429.56782117457425,383646,25.0,0.002,0.0042
1440,429.5679457103553,381435,26.0,0.002,0.0042
1441,429.5680915045621,379228,27.0,0.002,0.0042
1442,429.5678093692834,377027,28.0,0.002,0.0042
1443,429.5681480563523,374856,29.0,0.002,0.0042
1444,429.5679748666897,372695,30.0,0.002,0.0042
1445,429.56816408239473,370530,31.0,0.002,0.0042
1446,429.5680686816332,368382,32.0,0.002,0.0042
1447,429.5681452153937,366251,33.0,0.002,0.0042
1448,429.56803666728456,364114,34.0,0.002,0.0042
1449,429.56803489106466,362002,35.0,0.002,0.0042
1450,429.56813428264525,359917,36.0,0.002,0.0042
1451,429.5680539791743,357821,37.0,0.002,0.0042
1452,429.56802416188606,355739,38.0,0.002,0.0042
1453,429.5681131265,353676,39.0,0.002,0.0042
1454,429.5681535743339,351613,40.0,0.002,0.0042
1455,429.56781211143596,349566,41.0,0.002,0.0042
1456,429.5679583650883,347544,42.0,0.002,0.0042
1457,429.5679836839139,345526,43.0,0.002,0.0042
1458,429.5680697633538,343511,44.0,0.002,0.0042
1459,429.5680372439233,341511,45.0,0.002,0.0042
1460,429.5678518377371,339525,46.0,0.002,0.0042
1461,429.5678283839918,337550,47.0,0.002,0.0042
1462,429.56781599952023,335591,48.0,0.002,0.0042
1463,429.5678280293613,333645,49.0,0.002,0.0042
1464,429.56794093641525,331696,50.0,0.002,0.0042
1465,429.56813425317745,329763,51.0,0.002,0.0042
1466,429.5681311019474,327857,52.0,0.002,0.0042
1467,429.5678720773118,325949,53.0,0.002,0.0042
1468,429.56801789680776,324053,54.0,0.002,0.0042
1469,429.56809013363625,322171,55.0,0.002,0.0042
1470,429.5680740197839,320294,56.0,0.002,0.0042
1471,429.56814098759287,318436,57.0,0.002,0.0042
1472,429.5680967200174,316593,58.0,0.002,0.0042
1473,429.56800847019093,314754,59.0,0.002,0.0042
1474,429.5678733945165,312919,60.0,0.002,0.0042
1475,429.568056872073,311106,61.0,0.002,0.0042
1476,429.56813778284237,309310,62.0,0.002,0.0042
1477,429.5678163366509,307513,63.0,0.002,0.0042
1478,429.56807565515294,305728,64.0,0.002,0.0042
1479,429.56785580680133,303956,65.0,0.002,0.0042
1480,429.5680886284564,302184,66.0,0.002,0.0042
1481,429.5680222449109,300416,67.0,0.002,0.0042
1482,429.56804070963506,298654,68.0,0.002,0.0042
1483,429.5679732177841,296904,69.0,0.002,0.0042
1484,429.5680971189491,295178,70.0,0.002,0.0042
1485,429.568123577733,293469,71.0,0.002,0.0042
1486,429.567842577229,291748,72.0,0.002,0.0042
1487,429.56786765536884,290034,73.0,0.002,0.0042
1488,429.5678751790226,288343,74.0,0.002,0.0042
1489,429.5681794541155,286671,75.0,0.002,0.0042
1490,429.5680837510891,285012,76.0,0.002,0.0042
1491,429.56799034628034,283372,77.0,0.002,0.0042
1492,429.56805436864687,281722,78.0,0.002,0.0042
1493,429.56812470161776,280083,79.0,0.002,0.0042
1494,429.56799159483995,278453,80.0,0.002,0.0042
1495,429.5680905345261,276842,81.0,0.002,0.0042
1496,429.5680905048494,275257,82.0,0.002,0.0042
1497,429.5679324279677,273677,83.0,0.002,0.0042
1498,429.56794272258054,272084,84.0,0.002,0.0042
1499,429.5681738310342,270511,85.0,0.002,0.0042
1500,429.567905849104,268953,86.0,0.002,0.0042
1501,429.56811635869883,267406,87.0,0.002,0.0042
1502,429.56787301987475,265877,88.0,0.002,0.0042
1503,429.5680449435158,264359,89.0,0.002,0.0042
1504,429.5681656764816,262833,90.0,0.002,0.0042
1505,429.5678720471872,261316,91.0,0.002,0.0042
1506,429.567920019012,259822,92.0,0.002,0.0042
1507,429.5678951668365,258341,93.0,0.002,0.0042
1508,429.56787952882803,256872,94.0,0.002,0.0042
1509,429.5681723396835,255406,95.0,0.002,0.0042
1510,429.56805857739226,253944,96.0,0.002,0.0042
1511,429.567869309957,252488,97.0,0.002,0.0042
1512,429.5681779568047,251052,98.0,0.002,0.0042
1513,429.5680655015434,249633,99.0,0.002,0.0042
1514,429.5678214897142,248223,100.0,0.002,0.0042
1515,429.99734459044583,443016,0.0,0.0095,0.0042
1516,429.5675564489217,444380,1.0,0.0095,0.0042
1517,429.5675078053817,446357,2.0,0.0095,0.0042
1518,429.567613032654,448073,3.0,0.0095,0.0042
1519,429.5676131945914,449553,4.0,0.0095,0.0042
1520,429.56738904633767,450834,5.0,0.0095,0.0042
1521,429.56750758064584,451911,6.0,0.0095,0.0042
1522,429.5675300485963,452823,7.0,0.0095,0.0042
1523,429.56762710468837,453586,8.0,0.0095,0.0042
1524,429.5676290495811,454242,9.0,0.0095,0.0042
1525,429.5673864736445,454764,10.0,0.0095,0.0042
1526,429.5675407114444,455204,11.0,0.0095,0.0042
1527,429.5676039045556,455528,12.0,0.0095,0.0042
1528,429.5674430522609,455759,13.0,0.0095,0.0042
1529,429.56751207379233,455908,14.0,0.0095,0.0042
1530,429.5675809720919,455988,15.0,0.0095,0.0042
1531,429.56741378781174,455992,16.0,0.0095,0.0042
1532,429.5673574966328,455927,17.0,0.0095,0.0042
1533,429.56757516533514,455801,18.0,0.0095,0.0042
1534,429.56752294074914,455619,19.0,0.0095,0.0042
1535,429.56751640445145,455394,20.0,0.0095,0.0042
1536,429.56744853793344,455118,21.0,0.0095,0.0042
1537,429.5673833185024,454790,22.0,0.0095,0.0042
1538,429.56751576307397,454417,23.0,0.0095,0.0042
1539,429.56740498206466,454007,24.0,0.0095,0.0042
1540,429.56743975085107,453552,25.0,0.0095,0.0042
1541,429.56756130499383,453052,26.0,0.0095,0.0042
1542,429.5674123567808,452510,27.0,0.0095,0.0042
1543,429.567560444784,451946,28.0,0.0095,0.0042
1544,429.5675224628596,451346,29.0,0.0095,0.0042
1545,429.5674084354076,450711,30.0,0.0095,0.0042
1546,429.56751549835053,450044,31.0,0.0095,0.0042
1547,429.5675493185145,449359,32.0,0.0095,0.0042
1548,429.5675044339979,448647,33.0,0.0095,0.0042
1549,429.56746688871476,447909,34.0,0.0095,0.0042
1550,429.5675506360313,447146,35.0,0.0095,0.0042
1551,429.56754654922565,446366,36.0,0.0095,0.0042
1552,429.5674328065683,445565,37.0,0.0095,0.0042
1553,429.56735042672346,444743,38.0,0.0095,0.0042
1554,429.56753801440294,443902,39.0,0.0095,0.0042
1555,429.56737571747925,443046,40.0,0.0095,0.0042
1556,429.56750685315717,442178,41.0,0.0095,0.0042
1557,429.5675136562476,441295,42.0,0.0095,0.0042
1558,429.5673831024098,440397,43.0,0.0095,0.0042
1559,429.5675336015235,439488,44.0,0.0095,0.0042
1560,429.56746424199525,438566,45.0,0.0095,0.0042
1561,429.5674939288392,437633,46.0,0.0095,0.0042
1562,429.5673612175334,436690,47.0,0.0095,0.0042
1563,429.5674951141064,435739,48.0,0.0095,0.0042
1564,429.567515875485,434778,49.0,0.0095,0.0042
1565,429.5673980148832,433806,50.0,0.0095,0.0042
1566,429.5674561603508,432825,51.0,0.0095,0.0042
1567,429.56739478394843,431837,52.0,0.0095,0.0042
1568,429.5673500778998,430843,53.0,0.0095,0.0042
1569,429.5674296390386,429843,54.0,0.0095,0.0042
1570,429.56738751160003,428835,55.0,0.0095,0.0042
1571,429.56739956656037,427820,56.0,0.0095,0.0042
1572,429.5675095590633,426802,57.0,0.0095,0.0042
1573,429.5674516556471,425780,58.0,0.0095,0.0042
1574,429.56744009469173,424755,59.0,0.0095,0.0042
1575,429.5674647352834,423726,60.0,0.0095,0.0042
1576,429.56744508606124,422689,61.0,0.0095,0.0042
1577,429.5674607087133,421650,62.0,0.0095,0.0042
1578,429.5674856113487,420609,63.0,0.0095,0.0042
1579,429.56745565523715,419565,64.0,0.0095,0.0042
1580,429.56745442867935,418518,65.0,0.0095,0.0042
1581,429.5673690014948,417471,66.0,0.0095,0.0042
1582,429.56750817594076,416426,67.0,0.0095,0.0042
1583,429.56739682811167,415380,68.0,0.0095,0.0042
1584,429.56741921260686,414329,69.0,0.0095,0.0042
1585,429.5673500486224,413274,70.0,0.0095,0.0042
1586,429.5675111846603,412221,71.0,0.0095,0.0042
1587,429.5674203375002,411167,72.0,0.0095,0.0042
1588,429.5674713234184,410113,73.0,0.0095,0.0042
1589,429.56744096758837,409060,74.0,0.0095,0.0042
1590,429.5674163260549,408010,75.0,0.0095,0.0042
1591,429.5674529484533,406963,76.0,0.0095,0.0042
1592,429.5674456146603,405915,77.0,0.0095,0.0042
1593,429.56743398352364,404861,78.0,0.0095,0.0042
1594,429.56738474981233,403809,79.0,0.0095,0.0042
1595,429.5675329296886,402760,80.0,0.0095,0.0042
1596,429.56748345466895,401711,81.0,0.0095,0.0042
1597,429.56735747904935,400664,82.0,0.0095,0.0042
1598,429.5674230022628,399622,83.0,0.0095,0.0042
1599,429.5674985845352,398584,84.0,0.0095,0.0042
1600,429.5673566174765,397548,85.0,0.0095,0.0042
1601,429.5675114667335,396507,86.0,0.0095,0.0042
1602,429.56741778653327,395467,87.0,0.0095,0.0042
1603,429.5673670525111,394430,88.0,0.0095,0.0042
1604,429.56747456433067,393396,89.0,0.0095,0.0042
1605,429.5675209433334,392365,90.0,0.0095,0.0042
1606,429.5674656119814,391338,91.0,0.0095,0.0042
1607,429.5675071215853,390316,92.0,0.0095,0.0042
1608,429.5673849309239,389297,93.0,0.0095,0.0042
1609,429.56738155576073,388277,94.0,0.0095,0.0042
1610,429.5674579744164,387257,95.0,0.0095,0.0042
1611,429.56747117422094,386240,96.0,0.0095,0.0042
1612,429.5673591031906,385225,97.0,0.0095,0.0042
1613,429.56742480093567,384215,98.0,0.0095,0.0042
1614,429.5673477304797,383209,99.0,0.0095,0.0042
1615,429.56747763475823,382209,100.0,0.0095,0.0042
1616,429.99762211414685,443016,0.0,0.005,0.0042
1617,429.5676948114472,441611,1.0,0.005,0.0042
1618,429.5676658451765,440986,2.0,0.005,0.0042
1619,429.56786070132245,440301,3.0,0.005,0.0042
1620,429.5680344631703,439554,4.0,0.005,0.0042
1621,429.5677329088528,438763,5.0,0.005,0.0042
1622,429.56787529471626,437910,6.0,0.005,0.0042
1623,429.5678365983922,436991,7.0,0.005,0.0042
1624,429.5676612631788,436014,8.0,0.005,0.0042
1625,429.5679432795729,435009,9.0,0.005,0.0042
1626,429.5678271267758,433951,10.0,0.005,0.0042
1627,429.56782727291386,432844,11.0,0.005,0.0042
1628,429.5679200526824,431719,12.0,0.005,0.0042
1629,429.56763265734287,430554,13.0,0.005,0.0042
1630,429.56785629194326,429349,14.0,0.005,0.0042
1631,429.56778843085624,428137,15.0,0.005,0.0042
1632,429.56762684479486,426882,16.0,0.005,0.0042
1633,429.5677301718002,425613,17.0,0.005,0.0042
1634,429.5676905003667,424324,18.0,0.005,0.0042
1635,429.5676979867699,423005,19.0,0.005,0.0042
1636,429.56785104531076,421682,20.0,0.005,0.0042
1637,429.56771512470067,420320,21.0,0.005,0.0042
1638,429.56777547199806,418955,22.0,0.005,0.0042
1639,429.56791590149965,417572,23.0,0.005,0.0042
1640,429.5677217835805,416177,24.0,0.005,0.0042
1641,429.56775440757406,414765,25.0,0.005,0.0042
1642,429.5677708411172,413337,26.0,0.005,0.0042
1643,429.5676573071541,411915,27.0,0.005,0.0042
1644,429.56782155405995,410482,28.0,0.005,0.0042
1645,429.56777626861054,409042,29.0,0.005,0.0042
1646,429.56771138032775,407578,30.0,0.005,0.0042
1647,429.5677743491096,406127,31.0,0.005,0.0042
1648,429.56777461478083,404664,32.0,0.005,0.0042
1649,429.56782706769786,403210,33.0,0.005,0.0042
1650,429.5678119665505,401727,34.0,0.005,0.0042
1651,429.5676308667624,400255,35.0,0.005,0.0042
1652,429.56769828770354,398775,36.0,0.005,0.0042
1653,429.56784401181625,397312,37.0,0.005,0.0042
1654,429.56777945316077,395820,38.0,0.005,0.0042
1655,429.5676459513905,394337,39.0,0.005,0.0042
1656,429.5676638941472,392848,40.0,0.005,0.0042
1657,429.5677754464023,391374,41.0,0.005,0.0042
1658,429.567831642669,389887,42.0,0.005,0.0042
1659,429.56762725291514,388400,43.0,0.005,0.0042
1660,429.56778239404724,386909,44.0,0.005,0.0042
1661,429.56777587179135,385431,45.0,0.005,0.0042
1662,429.5676672222635,383950,46.0,0.005,0.0042
1663,429.567665356863,382466,47.0,0.005,0.0042
1664,429.5676557337664,380977,48.0,0.005,0.0042
1665,429.56784302841385,379502,49.0,0.005,0.0042
1666,429.56771775482446,378025,50.0,0.005,0.0042
1667,429.56787791738446,376553,51.0,0.005,0.0042
1668,429.56764390946165,375070,52.0,0.005,0.0042
1669,429.5676344474868,373601,53.0,0.005,0.0042
1670,429.5676722557617,372131,54.0,0.005,0.0042
1671,429.56763293305187,370673,55.0,0.005,0.0042
1672,429.56776228951935,369202,56.0,0.005,0.0042
1673,429.56768690560693,367743,57.0,0.005,0.0042
1674,429.56769503154794,366283,58.0,0.005,0.0042
1675,429.56767515734964,364839,59.0,0.005,0.0042
1676,429.5676433845133,363374,60.0,0.005,0.0042
1677,429.5677850269251,361915,61.0,0.005,0.0042
1678,429.5677133627889,360449,62.0,0.005,0.0042
1679,429.567669554723,358994,63.0,0.005,0.0042
1680,429.567700862861,357536,64.0,0.005,0.0042
1681,429.56783115814216,356092,65.0,0.005,0.0042
1682,429.5677657329562,354647,66.0,0.005,0.0042
1683,429.56764129821846,353218,67.0,0.005,0.0042
1684,429.5678653065671,351793,68.0,0.005,0.0042
1685,429.56771945094107,350352,69.0,0.005,0.0042
1686,429.5677081861113,348910,70.0,0.005,0.0042
1687,429.5678530097857,347482,71.0,0.005,0.0042
1688,429.56762562580525,346054,72.0,0.005,0.0042
1689,429.567722945631,344643,73.0,0.005,0.0042
1690,429.56768973750087,343236,74.0,0.005,0.0042
1691,429.56762965336804,341847,75.0,0.005,0.0042
1692,429.56767228615246,340466,76.0,0.005,0.0042
1693,429.56764042024986,339098,77.0,0.005,0.0042
1694,429.56772320937455,337699,78.0,0.005,0.0042
1695,429.5676942072985,336312,79.0,0.005,0.0042
1696,429.5676268631754,334927,80.0,0.005,0.0042
1697,429.56769287291627,333557,81.0,0.005,0.0042
1698,429.56786556335334,332192,82.0,0.005,0.0042
1699,429.5676360095462,330842,83.0,0.005,0.0042
1700,429.56763954968926,329500,84.0,0.005,0.0042
1701,429.5677210335244,328177,85.0,0.005,0.0042
1702,429.5677100460568,326850,86.0,0.005,0.0042
1703,429.5678055238723,325511,87.0,0.005,0.0042
1704,429.56781891470234,324174,88.0,0.005,0.0042
1705,429.5676301305214,322849,89.0,0.005,0.0042
1706,429.56780923295764,321530,90.0,0.005,0.0042
1707,429.56767708902237,320224,91.0,0.005,0.0042
1708,429.5677502197388,318926,92.0,0.005,0.0042
1709,429.56776485974285,317643,93.0,0.005,0.0042
1710,429.56772423272633,316370,94.0,0.005,0.0042
1711,429.56779609161896,315096,95.0,0.005,0.0042
1712,429.5676720759143,313810,96.0,0.005,0.0042
1713,429.56775131735327,312533,97.0,0.005,0.0042
1714,429.56784628988925,311264,98.0,0.005,0.0042
1715,429.56786846797365,310003,99.0,0.005,0.0042
1716,429.5678427752304,308753,100.0,0.005,0.0042
1717,429.9978688046112,443016,0.0,0.001,0.0042
1718,429.5683409552803,439124,1.0,0.001,0.0042
1719,429.56829378006125,436074,2.0,0.001,0.0042
1720,429.5681682529649,433044,3.0,0.001,0.0042
1721,429.5682666093432,430034,4.0,0.001,0.0042
1722,429.5680762558903,427045,5.0,0.001,0.0042
1723,429.56811174728483,424091,6.0,0.001,0.0042
1724,429.5683264044647,421161,7.0,0.001,0.0042
1725,429.5680911541882,418250,8.0,0.001,0.0042
1726,429.56820821651934,415361,9.0,0.001,0.0042
1727,429.5679583959151,412491,10.0,0.001,0.0042
1728,429.5682980794341,409641,11.0,0.001,0.0042
1729,429.5679689570941,406807,12.0,0.001,0.0042
1730,429.56804759471,403984,13.0,0.001,0.0042
1731,429.56811470108863,401185,14.0,0.001,0.0042
1732,429.5681878783798,398406,15.0,0.001,0.0042
1733,429.5679414120079,395651,16.0,0.001,0.0042
1734,429.5679697884044,392928,17.0,0.001,0.0042
1735,429.5683130247272,390214,18.0,0.001,0.0042
1736,429.5682551275366,387523,19.0,0.001,0.0042
1737,429.568088175197,384854,20.0,0.001,0.0042
1738,429.56822492148,382197,21.0,0.001,0.0042
1739,429.56806363360016,379566,22.0,0.001,0.0042
1740,429.5680801183791,376949,23.0,0.001,0.0042
1741,429.5682307407944,374351,24.0,0.001,0.0042
1742,429.5680888909393,371778,25.0,0.001,0.0042
1743,429.5678897638349,369213,26.0,0.001,0.0042
1744,429.5681391890587,366674,27.0,0.001,0.0042
1745,429.5683180798452,364153,28.0,0.001,0.0042
1746,429.5678969668531,361645,29.0,0.001,0.0042
1747,429.56789489091733,359164,30.0,0.001,0.0042
1748,429.56815011816195,356693,31.0,0.001,0.0042
1749,429.5681538425048,354243,32.0,0.001,0.0042
1750,429.5683169931319,351815,33.0,0.001,0.0042
1751,429.56822934035,349397,34.0,0.001,0.0042
1752,429.5679650307785,347003,35.0,0.001,0.0042
1753,429.56817821295664,344624,36.0,0.001,0.0042
1754,429.568066502837,342261,37.0,0.001,0.0042
1755,429.56800850571636,339922,38.0,0.001,0.0042
1756,429.568007952855,337591,39.0,0.001,0.0042
1757,429.5682745043425,335283,40.0,0.001,0.0042
1758,429.56790568001674,332991,41.0,0.001,0.0042
1759,429.5681553526297,330713,42.0,0.001,0.0042
1760,429.5683007309022,328458,43.0,0.001,0.0042
1761,429.56803589533257,326212,44.0,0.001,0.0042
1762,429.5680629671897,323985,45.0,0.001,0.0042
1763,429.5682279038648,321778,46.0,0.001,0.0042
1764,429.5680846326988,319580,47.0,0.001,0.0042
1765,429.567900345999,317403,48.0,0.001,0.0042
1766,429.56810223126797,315240,49.0,0.001,0.0042
1767,429.56818992517657,313091,50.0,0.001,0.0042
1768,429.56830904542164,310963,51.0,0.001,0.0042
1769,429.56824864164736,308842,52.0,0.001,0.0042
1770,429.5679242474375,306740,53.0,0.001,0.0042
1771,429.5680337517999,304656,54.0,0.001,0.0042
1772,429.5682835842845,302586,55.0,0.001,0.0042
1773,429.5679480496098,300538,56.0,0.001,0.0042
1774,429.5680854384569,298501,57.0,0.001,0.0042
1775,429.56796360495065,296479,58.0,0.001,0.0042
1776,429.56815199122326,294475,59.0,0.001,0.0042
1777,429.56828364324815,292479,60.0,0.001,0.0042
1778,429.5679675563726,290500,61.0,0.001,0.0042
1779,429.5681823133108,288534,62.0,0.001,0.0042
1780,429.56794385449365,286579,63.0,0.001,0.0042
1781,429.56811720888703,284644,64.0,0.001,0.0042
1782,429.5680377320326,282719,65.0,0.001,0.0042
1783,429.56792960290437,280816,66.0,0.001,0.0042
1784,429.56802509377394,278928,67.0,0.001,0.0042
1785,429.5681877858787,277049,68.0,0.001,0.0042
1786,429.5681442963731,275186,69.0,0.001,0.0042
1787,429.567959306917,273331,70.0,0.001,0.0042
1788,429.5679963420804,271489,71.0,0.001,0.0042
1789,429.5681460113367,269664,72.0,0.001,0.0042
1790,429.5679434569327,267852,73.0,0.001,0.0042
1791,429.56816464642185,266061,74.0,0.001,0.0042
1792,429.5680984724437,264274,75.0,0.001,0.0042
1793,429.5682397604457,262489,76.0,0.001,0.0042
1794,429.56811015259046,260714,77.0,0.001,0.0042
1795,429.5682889961383,258953,78.0,0.001,0.0042
1796,429.56812831219173,257211,79.0,0.001,0.0042
1797,429.56801679042826,255487,80.0,0.001,0.0042
1798,429.5679766588388,253766,81.0,0.001,0.0042
1799,429.5682279056496,252060,82.0,0.001,0.0042
1800,429.5680108368378,250369,83.0,0.001,0.0042
1801,429.56795707464005,248696,84.0,0.001,0.0042
1802,429.5681853989564,247029,85.0,0.001,0.0042
1803,429.5679508702259,245375,86.0,0.001,0.0042
1804,429.5681295306333,243736,87.0,0.001,0.0042
1805,429.56807831159983,242111,88.0,0.001,0.0042
1806,429.5682316398866,240502,89.0,0.001,0.0042
1807,429.5680326511106,238888,90.0,0.001,0.0042
1808,429.5682072555292,237297,91.0,0.001,0.0042
1809,429.5680276812969,235720,92.0,0.001,0.0042
1810,429.56818905598465,234157,93.0,0.001,0.0042
1811,429.56833329258205,232602,94.0,0.001,0.0042
1812,429.56835249752675,231050,95.0,0.001,0.0042
1813,429.5680473311496,229519,96.0,0.001,0.0042
1814,429.56817417946706,228001,97.0,0.001,0.0042
1815,429.5681440205655,226495,98.0,0.001,0.0042
1816,429.56796300597074,224992,99.0,0.001,0.0042
1817,429.56826704085216,223504,100.0,0.001,0.0042
1818,429.9974062620883,443016,0.0,0.0085,0.0042
1819,429.56776558074876,443769,1.0,0.0085,0.0042
1820,429.5674417063363,445169,2.0,0.0085,0.0042
1821,429.56780120684937,446390,3.0,0.0085,0.0042
1822,429.5677365262647,447405,4.0,0.0085,0.0042
1823,429.56775357282646,448256,5.0,0.0085,0.0042
1824,429.56763126828423,448923,6.0,0.0085,0.0042
1825,429.56772660451384,449467,7.0,0.0085,0.0042
1826,429.56743729009924,449872,8.0,0.0085,0.0042
1827,429.56768413676,450161,9.0,0.0085,0.0042
1828,429.56747276011396,450366,10.0,0.0085,0.0042
1829,429.5674797962516,450487,11.0,0.0085,0.0042
1830,429.5674188822087,450517,12.0,0.0085,0.0042
1831,429.5674457323202,450472,13.0,0.0085,0.0042
1832,429.5675938809985,450341,14.0,0.0085,0.0042
1833,429.56744552855093,450156,15.0,0.0085,0.0042
1834,429.5675978511275,449904,16.0,0.0085,0.0042
1835,429.5675150936851,449596,17.0,0.0085,0.0042
1836,429.5676029207828,449238,18.0,0.0085,0.0042
1837,429.5674878043298,448826,19.0,0.0085,0.0042
1838,429.5676346635732,448374,20.0,0.0085,0.0042
1839,429.5675270492667,447874,21.0,0.0085,0.0042
1840,429.56747471555667,447342,22.0,0.0085,0.0042
1841,429.5675098645284,446775,23.0,0.0085,0.0042
1842,429.5674228196999,446171,24.0,0.0085,0.0042
1843,429.5675629048592,445532,25.0,0.0085,0.0042
1844,429.5675588795315,444858,26.0,0.0085,0.0042
1845,429.56747977835016,444159,27.0,0.0085,0.0042
1846,429.56745991994967,443429,28.0,0.0085,0.0042
1847,429.56762277432574,442669,29.0,0.0085,0.0042
1848,429.5675589018752,441878,30.0,0.0085,0.0042
1849,429.5674089203842,441064,31.0,0.0085,0.0042
1850,429.5675735835867,440235,32.0,0.0085,0.0042
1851,429.5675672484913,439384,33.0,0.0085,0.0042
1852,429.5674525116237,438511,34.0,0.0085,0.0042
1853,429.5675662755924,437617,35.0,0.0085,0.0042
1854,429.56760661508986,436704,36.0,0.0085,0.0042
1855,429.56759086114965,435776,37.0,0.0085,0.0042
1856,429.5674481518405,434834,38.0,0.0085,0.0042
1857,429.56749293833855,433879,39.0,0.0085,0.0042
1858,429.56761410608215,432909,40.0,0.0085,0.0042
1859,429.5675351020046,431923,41.0,0.0085,0.0042
1860,429.56749745398207,430926,42.0,0.0085,0.0042
1861,429.5675378975632,429921,43.0,0.0085,0.0042
1862,429.56749839102963,428906,44.0,0.0085,0.0042
1863,429.56741156146916,427879,45.0,0.0085,0.0042
1864,429.567464536087,426841,46.0,0.0085,0.0042
1865,429.567613992312,425798,47.0,0.0085,0.0042
1866,429.5675504841506,424748,48.0,0.0085,0.0042
1867,429.56755637575577,423690,49.0,0.0085,0.0042
1868,429.56759961305204,422623,50.0,0.0085,0.0042
1869,429.5675885712862,421551,51.0,0.0085,0.0042
1870,429.56756389730634,420475,52.0,0.0085,0.0042
1871,429.56758690430496,419393,53.0,0.0085,0.0042
1872,429.56742934785143,418304,54.0,0.0085,0.0042
1873,429.56744122173353,417212,55.0,0.0085,0.0042
1874,429.56746683668774,416114,56.0,0.0085,0.0042
1875,429.5674497166186,415009,57.0,0.0085,0.0042
1876,429.5674205817517,413899,58.0,0.0085,0.0042
1877,429.56753940152527,412789,59.0,0.0085,0.0042
1878,429.56748672037804,411676,60.0,0.0085,0.0042
1879,429.56741126172267,410558,61.0,0.0085,0.0042
1880,429.5675421002823,409441,62.0,0.0085,0.0042
1881,429.567568278747,408325,63.0,0.0085,0.0042
1882,429.56742329846776,407207,64.0,0.0085,0.0042
1883,429.5676030108176,406078,65.0,0.0085,0.0042
1884,429.5675599547376,404949,66.0,0.0085,0.0042
1885,429.56742949879725,403820,67.0,0.0085,0.0042
1886,429.5674973314455,402690,68.0,0.0085,0.0042
1887,429.56748028321897,401561,69.0,0.0085,0.0042
1888,429.5675650312432,400436,70.0,0.0085,0.0042
1889,429.5674918245632,399312,71.0,0.0085,0.0042
1890,429.5675090421838,398190,72.0,0.0085,0.0042
1891,429.5675199642916,397074,73.0,0.0085,0.0042
1892,429.5675835907497,395953,74.0,0.0085,0.0042
1893,429.56759273294284,394823,75.0,0.0085,0.0042
1894,429.56753587535115,393695,76.0,0.0085,0.0042
1895,429.5675890708028,392571,77.0,0.0085,0.0042
1896,429.5675069391407,391448,78.0,0.0085,0.0042
1897,429.56756020217836,390328,79.0,0.0085,0.0042
1898,429.5674611192026,389213,80.0,0.0085,0.0042
1899,429.5674130552843,388103,81.0,0.0085,0.0042
1900,429.56743321230726,386997,82.0,0.0085,0.0042
1901,429.5675471507465,385898,83.0,0.0085,0.0042
1902,429.56747949191606,384785,84.0,0.0085,0.0042
1903,429.5675332352865,383674,85.0,0.0085,0.0042
1904,429.56756925070084,382566,86.0,0.0085,0.0042
1905,429.56743705019454,381462,87.0,0.0085,0.0042
1906,429.5675134520826,380363,88.0,0.0085,0.0042
1907,429.56750774256,379267,89.0,0.0085,0.0042
1908,429.56757667570065,378178,90.0,0.0085,0.0042
1909,429.5674149455359,377094,91.0,0.0085,0.0042
1910,429.5674262874628,376016,92.0,0.0085,0.0042
1911,429.5674934004665,374936,93.0,0.0085,0.0042
1912,429.5675740117901,373852,94.0,0.0085,0.0042
1913,429.5674529929256,372770,95.0,0.0085,0.0042
1914,429.5675982271942,371693,96.0,0.0085,0.0042
1915,429.5674268363619,370620,97.0,0.0085,0.0042
1916,429.567435253732,369553,98.0,0.0085,0.0042
1917,429.56756119218574,368491,99.0,0.0085,0.0042
1918,429.5675133727023,367435,100.0,0.0085,0.0042
1919,429.99768378653016,443016,0.0,0.004,0.0042
1920,429.5680648747957,440990,1.0,0.004,0.0042
1921,429.56781010096415,439759,2.0,0.004,0.0042
1922,429.56812857919596,438517,3.0,0.004,0.0042
1923,429.56807134058664,437219,4.0,0.004,0.0042
1924,429.5678047758801,435918,5.0,0.004,0.0042
1925,429.5679008150403,434567,6.0,0.004,0.0042
1926,429.56805918935225,433195,7.0,0.004,0.0042
1927,429.5679211820833,431790,8.0,0.004,0.0042
1928,429.56801808685424,430359,9.0,0.004,0.0042
1929,429.5678106065785,428892,10.0,0.004,0.0042
1930,429.567703650083,427400,11.0,0.004,0.0042
1931,429.56789805055894,425890,12.0,0.004,0.0042
1932,429.56793311068793,424354,13.0,0.004,0.0042
1933,429.5677364747391,422808,14.0,0.004,0.0042
1934,429.5679671520206,421249,15.0,0.004,0.0042
1935,429.5678552337599,419663,16.0,0.004,0.0042
1936,429.5676985929441,418089,17.0,0.004,0.0042
1937,429.56797071798917,416476,18.0,0.004,0.0042
1938,429.56791775607337,414876,19.0,0.004,0.0042
1939,429.56781006266255,413255,20.0,0.004,0.0042
1940,429.5678361379107,411633,21.0,0.004,0.0042
1941,429.56769620224657,409998,22.0,0.004,0.0042
1942,429.56792477626635,408364,23.0,0.004,0.0042
1943,429.5679541199249,406720,24.0,0.004,0.0042
1944,429.5678984101745,405069,25.0,0.004,0.0042
1945,429.56773475516997,403424,26.0,0.004,0.0042
1946,429.56771239370823,401760,27.0,0.004,0.0042
1947,429.5679925675705,400115,28.0,0.004,0.0042
1948,429.5678864929387,398437,29.0,0.004,0.0042
1949,429.56779717480254,396754,30.0,0.004,0.0042
1950,429.56796469780073,395077,31.0,0.004,0.0042
1951,429.56779175656453,393389,32.0,0.004,0.0042
1952,429.56790435067205,391723,33.0,0.004,0.0042
1953,429.5679374459946,390037,34.0,0.004,0.0042
1954,429.567928007326,388343,35.0,0.004,0.0042
1955,429.5676902823838,386659,36.0,0.004,0.0042
1956,429.5679721572057,384975,37.0,0.004,0.0042
1957,429.56788581703006,383316,38.0,0.004,0.0042
1958,429.5677123317664,381659,39.0,0.004,0.0042
1959,429.5678264590389,379976,40.0,0.004,0.0042
1960,429.56777328124144,378304,41.0,0.004,0.0042
1961,429.56775552931384,376631,42.0,0.004,0.0042
1962,429.56791399596995,374983,43.0,0.004,0.0042
1963,429.56779060611245,373342,44.0,0.004,0.0042
1964,429.5678248858591,371691,45.0,0.004,0.0042
1965,429.56783161580813,370039,46.0,0.004,0.0042
1966,429.56790868569,368386,47.0,0.004,0.0042
1967,429.5679157502821,366755,48.0,0.004,0.0042
1968,429.56770754559864,365130,49.0,0.004,0.0042
1969,429.56773833095235,363516,50.0,0.004,0.0042
1970,429.567871257529,361889,51.0,0.004,0.0042
1971,429.56772954995574,360260,52.0,0.004,0.0042
1972,429.56776861300153,358652,53.0,0.004,0.0042
1973,429.56778795738825,357049,54.0,0.004,0.0042
1974,429.56790463107785,355464,55.0,0.004,0.0042
1975,429.56783511971634,353871,56.0,0.004,0.0042
1976,429.56787317084644,352271,57.0,0.004,0.0042
1977,429.56791055035745,350690,58.0,0.004,0.0042
1978,429.5677134636512,349111,59.0,0.004,0.0042
1979,429.5679449183739,347552,60.0,0.004,0.0042
1980,429.5679221670883,345998,61.0,0.004,0.0042
1981,429.5677491890107,344429,62.0,0.004,0.0042
1982,429.5677244966828,342877,63.0,0.004,0.0042
1983,429.56782870570066,341327,64.0,0.004,0.0042
1984,429.5677557582545,339796,65.0,0.004,0.0042
1985,429.56785509346827,338275,66.0,0.004,0.0042
1986,429.5678611207163,336745,67.0,0.004,0.0042
1987,429.5678403597094,335223,68.0,0.004,0.0042
1988,429.5678794966365,333704,69.0,0.004,0.0042
1989,429.5678800203694,332204,70.0,0.004,0.0042
1990,429.5678721860762,330709,71.0,0.004,0.0042
1991,429.5679503684332,329225,72.0,0.004,0.0042
1992,429.5677841630155,327732,73.0,0.004,0.0042
1993,429.5678242668008,326248,74.0,0.004,0.0042
1994,429.5678174461889,324778,75.0,0.004,0.0042
1995,429.5679253324897,323314,76.0,0.004,0.0042
1996,429.56792748928524,321870,77.0,0.004,0.0042
1997,429.56776762139026,320410,78.0,0.004,0.0042
1998,429.5678534789915,318964,79.0,0.004,0.0042
1999,429.5677530606947,317522,80.0,0.004,0.0042
2000,429.5676867673233,316093,81.0,0.004,0.0042
2001,429.5677612386507,314677,82.0,0.004,0.0042
2002,429.567888833502,313262,83.0,0.004,0.0042
2003,429.56787355178477,311850,84.0,0.004,0.0042
2004,429.5679035530653,310441,85.0,0.004,0.0042
2005,429.5678474881676,309048,86.0,0.004,0.0042
2006,429.5678945941831,307660,87.0,0.004,0.0042
2007,429.5677326404726,306289,88.0,0.004,0.0042
2008,429.56774000441186,304907,89.0,0.004,0.0042
2009,429.5677691696143,303537,90.0,0.004,0.0042
2010,429.5678987511584,302174,91.0,0.004,0.0042
2011,429.56771043962567,300821,92.0,0.004,0.0042
2012,429.5677960099743,299481,93.0,0.004,0.0042
2013,429.56769058287296,298141,94.0,0.004,0.0042
2014,429.5677786980193,296806,95.0,0.004,0.0042
2015,429.5679157977396,295476,96.0,0.004,0.0042
2016,429.56784079845113,294159,97.0,0.004,0.0042
2017,429.56782042045,292848,98.0,0.004,0.0042
2018,429.5678947685307,291552,99.0,0.004,0.0042
2019,429.56781239377347,290247,100.0,0.004,0.0042
