,total_counts,area,time,D (um^2/s),alpha (1/s)
0,429.9976623649319,443016,0.0,0.002,0.0025
1,429.56782480692584,441241,1.0,0.002,0.0025
2,429.56804856288625,440274,2.0,0.002,0.0025
3,429.5678047654414,439328,3.0,0.002,0.0025
4,429.5676894028904,438369,4.0,0.002,0.0025
5,429.5676740688464,437388,5.0,0.002,0.0025
6,429.56807845411277,436429,6.0,0.002,0.0025
7,429.56768845409175,435445,7.0,0.002,0.0025
8,429.5679176831498,434443,8.0,0.002,0.0025
9,429.56797657829975,433464,9.0,0.002,0.0025
10,429.5679411461571,432458,10.0,0.002,0.0025
11,429.56801018716686,431441,11.0,0.002,0.0025
12,429.56808269127833,430450,12.0,0.002,0.0025
13,429.56773016424165,429425,13.0,0.002,0.0025
14,429.5680540509877,428398,14.0,0.002,0.0025
15,429.56770609754597,427386,15.0,0.002,0.0025
16,429.5678070806128,426348,16.0,0.002,0.0025
17,429.56775610681524,425313,17.0,0.002,0.0025
18,429.56782091347753,424283,18.0,0.002,0.0025
19,429.5679971105532,423231,19.0,0.002,0.0025
20,429.5679981081887,422192,20.0,0.002,0.0025
21,429.5677591108761,421144,21.0,0.002,0.0025
22,429.56800790476194,420085,22.0,0.002,0.0025
23,429.567668098323,419037,23.0,0.002,0.0025
24,429.56802781657115,417975,24.0,0.002,0.0025
25,429.5677234592012,416914,25.0,0.002,0.0025
26,429.5680212333349,415847,26.0,0.002,0.0025
27,429.5679936811218,414758,27.0,0.002,0.0025
28,429.5679512894119,413686,28.0,0.002,0.0025
29,429.5678048253842,412603,29.0,0.002,0.0025
30,429.5677336413098,411516,30.0,0.002,0.0025
31,429.5678166539772,410447,31.0,0.002,0.0025
32,429.56772966288753,409348,32.0,0.002,0.0025
33,429.5678973833723,408259,33.0,0.002,0.0025
34,429.56795515977257,407167,34.0,0.002,0.0025
35,429.56771214854245,406068,35.0,0.002,0.0025
36,429.5679526294777,404992,36.0,0.002,0.0025
37,429.56787358452436,403906,37.0,0.002,0.0025
38,429.5679118462894,402826,38.0,0.002,0.0025
39,429.5679324998136,401732,39.0,0.002,0.0025
40,429.5678345472814,400628,40.0,0.002,0.0025
41,429.5678531351187,399545,41.0,0.002,0.0025
42,429.56781687812156,398452,42.0,0.002,0.0025
43,429.56793477712984,397372,43.0,0.002,0.0025
44,429.56775423425984,396301,44.0,0.002,0.0025
45,429.567855002942,395199,45.0,0.002,0.0025
46,429.56796461010845,394116,46.0,0.002,0.0025
47,429.56776687979647,393022,47.0,0.002,0.0025
48,429.56773938681425,391937,48.0,0.002,0.0025
49,429.5679527272353,390862,49.0,0.002,0.0025
50,429.567797590263,389780,50.0,0.002,0.0025
51,429.56790849889944,388709,51.0,0.002,0.0025
52,429.5679465728305,387620,52.0,0.002,0.0025
53,429.5679044828078,386536,53.0,0.002,0.0025
54,429.5678325606181,385461,54.0,0.002,0.0025
55,429.5677499949288,384378,55.0,0.002,0.0025
56,429.56783932337294,383317,56.0,0.002,0.0025
57,429.5679742250618,382249,57.0,0.002,0.0025
58,429.5679155418202,381170,58.0,0.002,0.0025
59,429.56780022461606,380100,59.0,0.002,0.0025
60,429.5678034041901,379021,60.0,0.002,0.0025
61,429.5678156894005,377961,61.0,0.002,0.0025
62,429.56775059827896,376897,62.0,0.002,0.0025
63,429.56775328558126,375839,63.0,0.002,0.0025
64,429.567796688956,374781,64.0,0.002,0.0025
65,429.5677240504735,373709,65.0,0.002,0.0025
66,429.56768749694015,372654,66.0,0.002,0.0025
67,429.5678817797873,371596,67.0,0.002,0.0025
68,429.5677490188077,370540,68.0,0.002,0.0025
69,429.56783245438385,369499,69.0,0.002,0.0025
70,429.56775019044386,368445,70.0,0.002,0.0025
71,429.5678390289365,367398,71.0,0.002,0.0025
72,429.56779238342807,366348,72.0,0.002,0.0025
73,429.56774555285494,365298,73.0,0.002,0.0025
74,429.5679391724568,364263,74.0,0.002,0.0025
75,429.56783575942626,363220,75.0,0.002,0.0025
76,429.5676794213256,362193,76.0,0.002,0.0025
77,429.56785391480565,361155,77.0,0.002,0.0025
78,429.56772915000647,360113,78.0,0.002,0.0025
79,429.56776345154816,359086,79.0,0.002,0.0025
80,429.56786088970324,358052,80.0,0.002,0.0025
81,429.56788502118474,357030,81.0,0.002,0.0025
82,429.56780529935924,356013,82.0,0.002,0.0025
83,429.56770530378503,354986,83.0,0.002,0.0025
84,429.56792694794433,353970,84.0,0.002,0.0025
85,429.56791660010856,352947,85.0,0.002,0.0025
86,429.5678097682755,351931,86.0,0.002,0.0025
87,429.56771147669826,350923,87.0,0.002,0.0025
88,429.567771015779,349911,88.0,0.002,0.0025
89,429.56766757122364,348913,89.0,0.002,0.0025
90,429.56780605488524,347904,90.0,0.002,0.0025
91,429.5678936570597,346897,91.0,0.002,0.0025
92,429.56775414343053,345900,92.0,0.002,0.0025
93,429.56769761829185,344897,93.0,0.002,0.0025
94,429.56796546595973,343909,94.0,0.002,0.0025
95,429.5677652821192,342922,95.0,0.002,0.0025
96,429.5677874277621,341927,96.0,0.002,0.0025
97,429.56789422581244,340943,97.0,0.002,0.0025
98,429.56795710384273,339953,98.0,0.002,0.0025
99,429.5678370320977,338971,99.0,0.002,0.0025
100,429.5677739457638,337996,100.0,0.002,0.0025
101,429.9977548741236,443016,0.0,0.0005,0.0025
102,429.56810879288366,440287,1.0,0.0005,0.0025
103,429.5680969702331,438418,2.0,0.0005,0.0025
104,429.5680261772518,436546,3.0,0.0005,0.0025
105,429.5681062154553,434669,4.0,0.0005,0.0025
106,429.5679169970829,432815,5.0,0.0005,0.0025
107,429.56794995300623,430973,6.0,0.0005,0.0025
108,429.56821585102045,429126,7.0,0.0005,0.0025
109,429.5682151599978,427289,8.0,0.0005,0.0025
110,429.56824272928264,425477,9.0,0.0005,0.0025
111,429.5679486691428,423659,10.0,0.0005,0.0025
112,429.5678158777147,421840,11.0,0.0005,0.0025
113,429.5681937833699,420057,12.0,0.0005,0.0025
114,429.56806747193696,418268,13.0,0.0005,0.0025
115,429.56800837810727,416472,14.0,0.0005,0.0025
116,429.5680728389338,414712,15.0,0.0005,0.0025
117,429.568206553769,412951,16.0,0.0005,0.0025
118,429.5680507547293,411180,17.0,0.0005,0.0025
119,429.5680539079663,409441,18.0,0.0005,0.0025
120,429.5680162150693,407705,19.0,0.0005,0.0025
121,429.56801960241694,405960,20.0,0.0005,0.0025
122,429.56816881267736,404243,21.0,0.0005,0.0025
123,429.56805861201684,402531,22.0,0.0005,0.0025
124,429.5681760966318,400811,23.0,0.0005,0.0025
125,429.5680776311536,399116,24.0,0.0005,0.0025
126,429.5679605947074,397427,25.0,0.0005,0.0025
127,429.56820291951607,395731,26.0,0.0005,0.0025
128,429.5678140214756,394059,27.0,0.0005,0.0025
129,429.5682411228447,392393,28.0,0.0005,0.0025
130,429.56808286846456,390719,29.0,0.0005,0.0025
131,429.5680356204879,389072,30.0,0.0005,0.0025
132,429.5680432238046,387426,31.0,0.0005,0.0025
133,429.5681543024484,385775,32.0,0.0005,0.0025
134,429.56787996011184,384152,33.0,0.0005,0.0025
135,429.5679834312905,382526,34.0,0.0005,0.0025
136,429.56777259422046,380897,35.0,0.0005,0.0025
137,429.5679585535445,379299,36.0,0.0005,0.0025
138,429.5681610349399,377692,37.0,0.0005,0.0025
139,429.5677806801505,376089,38.0,0.0005,0.0025
140,429.5680027530542,374511,39.0,0.0005,0.0025
141,429.5677756276686,372921,40.0,0.0005,0.0025
142,429.5680235253785,371347,41.0,0.0005,0.0025
143,429.5681673581676,369787,42.0,0.0005,0.0025
144,429.5679511069785,368214,43.0,0.0005,0.0025
145,429.568010546738,366668,44.0,0.0005,0.0025
146,429.5681123818402,365125,45.0,0.0005,0.0025
147,429.56797771253514,363571,46.0,0.0005,0.0025
148,429.56804095219394,362051,47.0,0.0005,0.0025
149,429.5681346142186,360524,48.0,0.0005,0.0025
150,429.5679277638248,358998,49.0,0.0005,0.0025
151,429.5682438939761,357495,50.0,0.0005,0.0025
152,429.5678113175815,355981,51.0,0.0005,0.0025
153,429.5678044471044,354487,52.0,0.0005,0.0025
154,429.5679312567777,352997,53.0,0.0005,0.0025
155,429.56799477460004,351501,54.0,0.0005,0.0025
156,429.5679258034249,350035,55.0,0.0005,0.0025
157,429.567766196642,348557,56.0,0.0005,0.0025
158,429.5678350019775,347091,57.0,0.0005,0.0025
159,429.5681208822103,345640,58.0,0.0005,0.0025
160,429.5681590196077,344175,59.0,0.0005,0.0025
161,429.5681326325155,342740,60.0,0.0005,0.0025
162,429.5680582937425,341300,61.0,0.0005,0.0025
163,429.56814307567305,339861,62.0,0.0005,0.0025
164,429.5680516305622,338443,63.0,0.0005,0.0025
165,429.5678710832401,337014,64.0,0.0005,0.0025
166,429.56790651742483,335602,65.0,0.0005,0.0025
167,429.567988513336,334186,66.0,0.0005,0.0025
168,429.56820740562017,332771,67.0,0.0005,0.0025
169,429.56820764400726,331379,68.0,0.0005,0.0025
170,429.56780876656717,329975,69.0,0.0005,0.0025
171,429.5679611585121,328599,70.0,0.0005,0.0025
172,429.5680832535556,327216,71.0,0.0005,0.0025
173,429.5680189987263,325831,72.0,0.0005,0.0025
174,429.568123410933,324469,73.0,0.0005,0.0025
175,429.5680900566629,323096,74.0,0.0005,0.0025
176,429.56785969602885,321752,75.0,0.0005,0.0025
177,429.56820438250037,320406,76.0,0.0005,0.0025
178,429.5677729417872,319057,77.0,0.0005,0.0025
179,429.56788489846014,317722,78.0,0.0005,0.0025
180,429.56819853338163,316378,79.0,0.0005,0.0025
181,429.5678312867427,315064,80.0,0.0005,0.0025
182,429.5678033174973,313741,81.0,0.0005,0.0025
183,429.56804403602126,312437,82.0,0.0005,0.0025
184,429.56786881502694,311126,83.0,0.0005,0.0025
185,429.5681051597899,309815,84.0,0.0005,0.0025
186,429.5680908404823,308527,85.0,0.0005,0.0025
187,429.567966643766,307227,86.0,0.0005,0.0025
188,429.5679904030805,305957,87.0,0.0005,0.0025
189,429.5679804915966,304676,88.0,0.0005,0.0025
190,429.56783847101707,303402,89.0,0.0005,0.0025
191,429.56817927829314,302135,90.0,0.0005,0.0025
192,429.5677960500961,300866,91.0,0.0005,0.0025
193,429.5679597813645,299621,92.0,0.0005,0.0025
194,429.56822174868586,298365,93.0,0.0005,0.0025
195,429.56802316412814,297132,94.0,0.0005,0.0025
196,429.5681018913393,295883,95.0,0.0005,0.0025
197,429.5677859902254,294653,96.0,0.0005,0.0025
198,429.56823356672044,293425,97.0,0.0005,0.0025
199,429.5679193825358,292203,98.0,0.0005,0.0025
200,429.5681171036955,290996,99.0,0.0005,0.0025
201,429.568053388727,289775,100.0,0.0005,0.0025
202,429.99744651140026,443016,0.0,0.0055,0.0025
203,429.5677645507913,443416,1.0,0.0055,0.0025
204,429.5678675327628,444585,2.0,0.0055,0.0025
205,429.5677514369264,445677,3.0,0.0055,0.0025
206,429.5675892349116,446682,4.0,0.0055,0.0025
207,429.56762856941197,447594,5.0,0.0055,0.0025
208,429.5674990418183,448449,6.0,0.0055,0.0025
209,429.567723419343,449206,7.0,0.0055,0.0025
210,429.5677979348334,449913,8.0,0.0055,0.0025
211,429.56769290803805,450540,9.0,0.0055,0.0025
212,429.5674664746744,451097,10.0,0.0055,0.0025
213,429.56776156865294,451608,11.0,0.0055,0.0025
214,429.5676033426046,452066,12.0,0.0055,0.0025
215,429.5674685541404,452469,13.0,0.0055,0.0025
216,429.5675382253823,452819,14.0,0.0055,0.0025
217,429.5676336081414,453148,15.0,0.0055,0.0025
218,429.5676193487627,453441,16.0,0.0055,0.0025
219,429.5675522859998,453688,17.0,0.0055,0.0025
220,429.56751373677304,453895,18.0,0.0055,0.0025
221,429.56771231515853,454073,19.0,0.0055,0.0025
222,429.5674640728095,454215,20.0,0.0055,0.0025
223,429.56765521310575,454325,21.0,0.0055,0.0025
224,429.5675717327479,454411,22.0,0.0055,0.0025
225,429.56751937910263,454469,23.0,0.0055,0.0025
226,429.5676400511975,454495,24.0,0.0055,0.0025
227,429.5676791289202,454490,25.0,0.0055,0.0025
228,429.56748719287964,454467,26.0,0.0055,0.0025
229,429.56747780647976,454419,27.0,0.0055,0.0025
230,429.5675710344339,454346,28.0,0.0055,0.0025
231,429.5676068874905,454253,29.0,0.0055,0.0025
232,429.56763747868604,454143,30.0,0.0055,0.0025
233,429.5676786856287,454012,31.0,0.0055,0.0025
234,429.5676253886242,453859,32.0,0.0055,0.0025
235,429.56761873526654,453696,33.0,0.0055,0.0025
236,429.5676246081664,453517,34.0,0.0055,0.0025
237,429.56765623300106,453321,35.0,0.0055,0.0025
238,429.5674811131051,453107,36.0,0.0055,0.0025
239,429.5675851090157,452877,37.0,0.0055,0.0025
240,429.56751563537176,452629,38.0,0.0055,0.0025
241,429.56748927587245,452364,39.0,0.0055,0.0025
242,429.5675032276444,452089,40.0,0.0055,0.0025
243,429.5675107363087,451802,41.0,0.0055,0.0025
244,429.56766267760105,451501,42.0,0.0055,0.0025
245,429.56750063710956,451184,43.0,0.0055,0.0025
246,429.5674739513386,450853,44.0,0.0055,0.0025
247,429.5675457192477,450508,45.0,0.0055,0.0025
248,429.5674697838801,450148,46.0,0.0055,0.0025
249,429.5674562487687,449779,47.0,0.0055,0.0025
250,429.5675508373666,449404,48.0,0.0055,0.0025
251,429.56747417153804,449017,49.0,0.0055,0.0025
252,429.56763280390913,448620,50.0,0.0055,0.0025
253,429.56753999590717,448211,51.0,0.0055,0.0025
254,429.56759395033754,447792,52.0,0.0055,0.0025
255,429.56752853063756,447362,53.0,0.0055,0.0025
256,429.5676284845712,446924,54.0,0.0055,0.0025
257,429.56754982139284,446481,55.0,0.0055,0.0025
258,429.567563789588,446030,56.0,0.0055,0.0025
259,429.5674640081944,445570,57.0,0.0055,0.0025
260,429.567453705986,445102,58.0,0.0055,0.0025
261,429.56751743285855,444626,59.0,0.0055,0.0025
262,429.5676295347743,444142,60.0,0.0055,0.0025
263,429.5675763122001,443649,61.0,0.0055,0.0025
264,429.56748502395874,443152,62.0,0.0055,0.0025
265,429.5676030605531,442649,63.0,0.0055,0.0025
266,429.56761113491393,442139,64.0,0.0055,0.0025
267,429.56754803277704,441623,65.0,0.0055,0.0025
268,429.567606162126,441102,66.0,0.0055,0.0025
269,429.56755790789225,440575,67.0,0.0055,0.0025
270,429.5675861527107,440043,68.0,0.0055,0.0025
271,429.5675396057039,439507,69.0,0.0055,0.0025
272,429.5676116237525,438967,70.0,0.0055,0.0025
273,429.56752839737686,438421,71.0,0.0055,0.0025
274,429.5675205880724,437870,72.0,0.0055,0.0025
275,429.5675508404777,437314,73.0,0.0055,0.0025
276,429.56753175114756,436753,74.0,0.0055,0.0025
277,429.5676111756727,436189,75.0,0.0055,0.0025
278,429.56745144952566,435621,76.0,0.0055,0.0025
279,429.5674676648225,435051,77.0,0.0055,0.0025
280,429.5675399286614,434478,78.0,0.0055,0.0025
281,429.5674878284998,433901,79.0,0.0055,0.0025
282,429.5675584981194,433321,80.0,0.0055,0.0025
283,429.56761490417483,432737,81.0,0.0055,0.0025
284,429.56763874020004,432149,82.0,0.0055,0.0025
285,429.5676360343383,431558,83.0,0.0055,0.0025
286,429.56764031330977,430965,84.0,0.0055,0.0025
287,429.5674541678528,430369,85.0,0.0055,0.0025
288,429.5674967702163,429772,86.0,0.0055,0.0025
289,429.56759459922597,429173,87.0,0.0055,0.0025
290,429.5675876048814,428571,88.0,0.0055,0.0025
291,429.5675748471545,427966,89.0,0.0055,0.0025
292,429.5675560320931,427358,90.0,0.0055,0.0025
293,429.567489815595,426748,91.0,0.0055,0.0025
294,429.5676156712113,426138,92.0,0.0055,0.0025
295,429.5676188993793,425526,93.0,0.0055,0.0025
296,429.5674595507653,424911,94.0,0.0055,0.0025
297,429.56759888138237,424296,95.0,0.0055,0.0025
298,429.56751326361325,423678,96.0,0.0055,0.0025
299,429.56749801942954,423058,97.0,0.0055,0.0025
300,429.56746943247947,422436,98.0,0.0055,0.0025
301,429.5675310847094,421814,99.0,0.0055,0.0025
302,429.5674602489442,421191,100.0,0.0055,0.0025
303,429.9976932013066,443016,0.0,0.0015,0.0025
304,429.56783540954507,440925,1.0,0.0015,0.0025
305,429.56778410632234,439660,2.0,0.0015,0.0025
306,429.5677601474731,438403,3.0,0.0015,0.0025
307,429.56782234212517,437134,4.0,0.0015,0.0025
308,429.56787132528666,435886,5.0,0.0015,0.0025
309,429.5677682244981,434606,6.0,0.0015,0.0025
310,429.5679880626786,433357,7.0,0.0015,0.0025
311,429.5678327337647,432084,8.0,0.0015,0.0025
312,429.5678030387454,430829,9.0,0.0015,0.0025
313,429.5681312861258,429557,10.0,0.0015,0.0025
314,429.56784919899354,428308,11.0,0.0015,0.0025
315,429.5679976662954,427042,12.0,0.0015,0.0025
316,429.567852791208,425780,13.0,0.0015,0.0025
317,429.5681120354973,424526,14.0,0.0015,0.0025
318,429.56779624823713,423263,15.0,0.0015,0.0025
319,429.56805504731466,422008,16.0,0.0015,0.0025
320,429.56775638578017,420742,17.0,0.0015,0.0025
321,429.5680215417228,419499,18.0,0.0015,0.0025
322,429.5679136526822,418226,19.0,0.0015,0.0025
323,429.56791453463694,416984,20.0,0.0015,0.0025
324,429.5677722098395,415721,21.0,0.0015,0.0025
325,429.56804441977215,414476,22.0,0.0015,0.0025
326,429.56782101669455,413214,23.0,0.0015,0.0025
327,429.56786918339304,411974,24.0,0.0015,0.0025
328,429.5678244665217,410716,25.0,0.0015,0.0025
329,429.56787196918424,409467,26.0,0.0015,0.0025
330,429.5677240006859,408222,27.0,0.0015,0.0025
331,429.567782145766,406964,28.0,0.0015,0.0025
332,429.56773781449493,405708,29.0,0.0015,0.0025
333,429.56800552750775,404442,30.0,0.0015,0.0025
334,429.56774893796006,403191,31.0,0.0015,0.0025
335,429.56785462771614,401928,32.0,0.0015,0.0025
336,429.5679667018006,400691,33.0,0.0015,0.0025
337,429.5677108379285,399430,34.0,0.0015,0.0025
338,429.5680658570599,398183,35.0,0.0015,0.0025
339,429.56780134903124,396916,36.0,0.0015,0.0025
340,429.56807121392666,395678,37.0,0.0015,0.0025
341,429.5679580805485,394427,38.0,0.0015,0.0025
342,429.5677625430216,393202,39.0,0.0015,0.0025
343,429.56791691822554,391976,40.0,0.0015,0.0025
344,429.56800984965435,390735,41.0,0.0015,0.0025
345,429.56793218495613,389492,42.0,0.0015,0.0025
346,429.5679760183077,388257,43.0,0.0015,0.0025
347,429.567999860585,387030,44.0,0.0015,0.0025
348,429.5677787453739,385806,45.0,0.0015,0.0025
349,429.567844941692,384601,46.0,0.0015,0.0025
350,429.56794795669344,383377,47.0,0.0015,0.0025
351,429.56792713326655,382161,48.0,0.0015,0.0025
352,429.56803917603077,380933,49.0,0.0015,0.0025
353,429.5677422836265,379729,50.0,0.0015,0.0025
354,429.56778183813407,378514,51.0,0.0015,0.0025
355,429.56779618225653,377327,52.0,0.0015,0.0025
356,429.56786995089294,376128,53.0,0.0015,0.0025
357,429.56779068143544,374929,54.0,0.0015,0.0025
358,429.56789017321745,373724,55.0,0.0015,0.0025
359,429.56785423252865,372531,56.0,0.0015,0.0025
360,429.56798528248027,371342,57.0,0.0015,0.0025
361,429.56794071931654,370159,58.0,0.0015,0.0025
362,429.56789355275833,368990,59.0,0.0015,0.0025
363,429.5678820630953,367802,60.0,0.0015,0.0025
364,429.56804489568975,366627,61.0,0.0015,0.0025
365,429.56797667946336,365441,62.0,0.0015,0.0025
366,429.56788796470227,364278,63.0,0.0015,0.0025
367,429.56793192784437,363105,64.0,0.0015,0.0025
368,429.56801888944653,361957,65.0,0.0015,0.0025
369,429.56790771134473,360795,66.0,0.0015,0.0025
370,429.56800992184134,359637,67.0,0.0015,0.0025
371,429.5680208419546,358477,68.0,0.0015,0.0025
372,429.5677097303346,357323,69.0,0.0015,0.0025
373,429.5678150476503,356179,70.0,0.0015,0.0025
374,429.567872857014,355035,71.0,0.0015,0.0025
375,429.5679106995904,353910,72.0,0.0015,0.0025
376,429.5677541227109,352759,73.0,0.0015,0.0025
377,429.5679640978727,351629,74.0,0.0015,0.0025
378,429.5677388191158,350487,75.0,0.0015,0.0025
379,429.56800145456333,349367,76.0,0.0015,0.0025
380,429.56786298495877,348241,77.0,0.0015,0.0025
381,429.56800659221256,347130,78.0,0.0015,0.0025
382,429.56792573970654,346014,79.0,0.0015,0.0025
383,429.56803436468715,344893,80.0,0.0015,0.0025
384,429.56774308520033,343783,81.0,0.0015,0.0025
385,429.56779103028816,342668,82.0,0.0015,0.0025
386,429.5678737667008,341573,83.0,0.0015,0.0025
387,429.56790267415784,340470,84.0,0.0015,0.0025
388,429.5677168368013,339385,85.0,0.0015,0.0025
389,429.5680133446549,338284,86.0,0.0015,0.0025
390,429.56780814153865,337192,87.0,0.0015,0.0025
391,429.56775637843765,336104,88.0,0.0015,0.0025
392,429.5679191489517,335018,89.0,0.0015,0.0025
393,429.56785112608316,333946,90.0,0.0015,0.0025
394,429.5677661473262,332869,91.0,0.0015,0.0025
395,429.56790306427376,331802,92.0,0.0015,0.0025
396,429.56800721488906,330723,93.0,0.0015,0.0025
397,429.56782040940857,329659,94.0,0.0015,0.0025
398,429.56780974229366,328594,95.0,0.0015,0.0025
399,429.56798316657114,327536,96.0,0.0015,0.0025
400,429.5678816871552,326488,97.0,0.0015,0.0025
401,429.56793534668554,325433,98.0,0.0015,0.0025
402,429.5679146942238,324387,99.0,0.0015,0.0025
403,429.56775100056535,323332,100.0,0.0015,0.0025
404,429.9974156753414,443016,0.0,0.006,0.0025
405,429.5676363215147,443729,1.0,0.006,0.0025
406,429.56759369258725,445180,2.0,0.006,0.0025
407,429.56771043763047,446565,3.0,0.006,0.0025
408,429.567570781339,447824,4.0,0.006,0.0025
409,429.56764531846386,448997,5.0,0.006,0.0025
410,429.56772537081866,450072,6.0,0.006,0.0025
411,429.56751433398193,451069,7.0,0.006,0.0025
412,429.56774739835276,451964,8.0,0.006,0.0025
413,429.5674267828074,452803,9.0,0.006,0.0025
414,429.5677483104316,453553,10.0,0.006,0.0025
415,429.56743754670583,454249,11.0,0.006,0.0025
416,429.56743410186783,454902,12.0,0.006,0.0025
417,429.5677108732482,455491,13.0,0.006,0.0025
418,429.56750987247335,456034,14.0,0.006,0.0025
419,429.5674228100494,456534,15.0,0.006,0.0025
420,429.56760341947967,456981,16.0,0.006,0.0025
421,429.5675488759087,457375,17.0,0.006,0.0025
422,429.5674667256409,457738,18.0,0.006,0.0025
423,429.56764510390286,458067,19.0,0.006,0.0025
424,429.5675715846448,458347,20.0,0.006,0.0025
425,429.56751256968846,458586,21.0,0.006,0.0025
426,429.567574319638,458809,22.0,0.006,0.0025
427,429.5675769621939,458999,23.0,0.006,0.0025
428,429.56742821104166,459149,24.0,0.006,0.0025
429,429.5676195170713,459278,25.0,0.006,0.0025
430,429.56756808751896,459375,26.0,0.006,0.0025
431,429.5674705789,459442,27.0,0.006,0.0025
432,429.5675098203245,459494,28.0,0.006,0.0025
433,429.5675495607769,459530,29.0,0.006,0.0025
434,429.56761980406225,459543,30.0,0.006,0.0025
435,429.5676130744896,459531,31.0,0.006,0.0025
436,429.5675414096382,459494,32.0,0.006,0.0025
437,429.56764155085335,459433,33.0,0.006,0.0025
438,429.5674645402832,459349,34.0,0.006,0.0025
439,429.5675422711184,459255,35.0,0.006,0.0025
440,429.5674534619549,459140,36.0,0.006,0.0025
441,429.5676356717484,459006,37.0,0.006,0.0025
442,429.56743328562726,458850,38.0,0.006,0.0025
443,429.5676002249334,458675,39.0,0.006,0.0025
444,429.56748179781215,458478,40.0,0.006,0.0025
445,429.56752839908864,458273,41.0,0.006,0.0025
446,429.56751016023395,458056,42.0,0.006,0.0025
447,429.5675713139029,457823,43.0,0.006,0.0025
448,429.56750880919253,457573,44.0,0.006,0.0025
449,429.5675542236343,457307,45.0,0.006,0.0025
450,429.56748431155034,457024,46.0,0.006,0.0025
451,429.56746938013504,456727,47.0,0.006,0.0025
452,429.56742585315055,456425,48.0,0.006,0.0025
453,429.56755987361134,456111,49.0,0.006,0.0025
454,429.56744142253797,455783,50.0,0.006,0.0025
455,429.56749400579184,455443,51.0,0.006,0.0025
456,429.5674878603252,455090,52.0,0.006,0.0025
457,429.5675950819181,454725,53.0,0.006,0.0025
458,429.5674275111707,454352,54.0,0.006,0.0025
459,429.56759440139984,453973,55.0,0.006,0.0025
460,429.56754878929127,453583,56.0,0.006,0.0025
461,429.56746736965454,453183,57.0,0.006,0.0025
462,429.5675210918347,452774,58.0,0.006,0.0025
463,429.56748460952724,452355,59.0,0.006,0.0025
464,429.56755025493163,451928,60.0,0.006,0.0025
465,429.5675967908735,451497,61.0,0.006,0.0025
466,429.56759026132795,451058,62.0,0.006,0.0025
467,429.56749822309706,450611,63.0,0.006,0.0025
468,429.5674972357048,450157,64.0,0.006,0.0025
469,429.56756492343266,449696,65.0,0.006,0.0025
470,429.5674946514234,449227,66.0,0.006,0.0025
471,429.5674532442906,448754,67.0,0.006,0.0025
472,429.5674989980583,448277,68.0,0.006,0.0025
473,429.56752241551004,447794,69.0,0.006,0.0025
474,429.56753774919895,447305,70.0,0.006,0.0025
475,429.5675270851013,446810,71.0,0.006,0.0025
476,429.5674557120615,446309,72.0,0.006,0.0025
477,429.5674892876546,445803,73.0,0.006,0.0025
478,429.56749491722326,445292,74.0,0.006,0.0025
479,429.56744665045386,444776,75.0,0.006,0.0025
480,429.567522731305,444256,76.0,0.006,0.0025
481,429.56752957717833,443733,77.0,0.006,0.0025
482,429.5675403460434,443207,78.0,0.006,0.0025
483,429.5675710590234,442677,79.0,0.006,0.0025
484,429.56760684560504,442143,80.0,0.006,0.0025
485,429.56745757484777,441604,81.0,0.006,0.0025
486,429.5675126539578,441062,82.0,0.006,0.0025
487,429.5676049443429,440516,83.0,0.006,0.0025
488,429.56750330670434,439965,84.0,0.006,0.0025
489,429.56744960327353,439411,85.0,0.006,0.0025
490,429.5675555327374,438855,86.0,0.006,0.0025
491,429.56759073176204,438297,87.0,0.006,0.0025
492,429.56760252511464,437737,88.0,0.006,0.0025
493,429.567514569594,437174,89.0,0.006,0.0025
494,429.5675275607549,436609,90.0,0.006,0.0025
495,429.5674677136486,436041,91.0,0.006,0.0025
496,429.56752027415536,435471,92.0,0.006,0.0025
497,429.56752713290126,434898,93.0,0.006,0.0025
498,429.56747584621087,434322,94.0,0.006,0.0025
499,429.5675344507349,433745,95.0,0.006,0.0025
500,429.56747780703716,433166,96.0,0.006,0.0025
501,429.5674982839627,432586,97.0,0.006,0.0025
502,429.5674220506831,432004,98.0,0.006,0.0025
503,429.5674361201961,431421,99.0,0.006,0.0025
504,429.5675419996619,430837,100.0,0.006,0.0025
505,429.997508183639,443016,0.0,0.0045,0.0025
506,429.5679825447337,442784,1.0,0.0045,0.0025
507,429.56776195148615,443366,2.0,0.0045,0.0025
508,429.567728047418,443892,3.0,0.0045,0.0025
509,429.56773215572525,444355,4.0,0.0045,0.0025
510,429.5677786241489,444758,5.0,0.0045,0.0025
511,429.56780727781563,445121,6.0,0.0045,0.0025
512,429.56782466905383,445430,7.0,0.0045,0.0025
513,429.5678400796659,445687,8.0,0.0045,0.0025
514,429.56751283505963,445890,9.0,0.0045,0.0025
515,429.5676992557225,446050,10.0,0.0045,0.0025
516,429.5675961128069,446159,11.0,0.0045,0.0025
517,429.5677201304241,446241,12.0,0.0045,0.0025
518,429.56753684158883,446282,13.0,0.0045,0.0025
519,429.5676991739526,446290,14.0,0.0045,0.0025
520,429.56772124664207,446263,15.0,0.0045,0.0025
521,429.5677589749945,446203,16.0,0.0045,0.0025
522,429.5675636447683,446115,17.0,0.0045,0.0025
523,429.56768089941534,445998,18.0,0.0045,0.0025
524,429.5675829434772,445862,19.0,0.0045,0.0025
525,429.5677959067533,445703,20.0,0.0045,0.0025
526,429.5675323378256,445518,21.0,0.0045,0.0025
527,429.5677820306405,445310,22.0,0.0045,0.0025
528,429.5675237186466,445081,23.0,0.0045,0.0025
529,429.56776471960694,444836,24.0,0.0045,0.0025
530,429.567560415759,444568,25.0,0.0045,0.0025
531,429.567775107254,444280,26.0,0.0045,0.0025
532,429.56756552490856,443969,27.0,0.0045,0.0025
533,429.5677215323335,443649,28.0,0.0045,0.0025
534,429.5675825849776,443311,29.0,0.0045,0.0025
535,429.56753104866976,442956,30.0,0.0045,0.0025
536,429.5675572420234,442584,31.0,0.0045,0.0025
537,429.5675297890894,442197,32.0,0.0045,0.0025
538,429.56764509043893,441800,33.0,0.0045,0.0025
539,429.5677145062949,441390,34.0,0.0045,0.0025
540,429.56767580868944,440967,35.0,0.0045,0.0025
541,429.5677396343742,440532,36.0,0.0045,0.0025
542,429.5676269989121,440087,37.0,0.0045,0.0025
543,429.56760812430764,439632,38.0,0.0045,0.0025
544,429.56773165694733,439166,39.0,0.0045,0.0025
545,429.5677547082707,438688,40.0,0.0045,0.0025
546,429.5675229523415,438198,41.0,0.0045,0.0025
547,429.5675949557128,437701,42.0,0.0045,0.0025
548,429.5677051717642,437194,43.0,0.0045,0.0025
549,429.56768155439556,436677,44.0,0.0045,0.0025
550,429.56765458489576,436153,45.0,0.0045,0.0025
551,429.56763459310446,435622,46.0,0.0045,0.0025
552,429.5676690183101,435084,47.0,0.0045,0.0025
553,429.5677001199904,434538,48.0,0.0045,0.0025
554,429.5676325587319,433983,49.0,0.0045,0.0025
555,429.5677135307329,433420,50.0,0.0045,0.0025
556,429.56757864835777,432848,51.0,0.0045,0.0025
557,429.56766819059516,432269,52.0,0.0045,0.0025
558,429.567714646345,431685,53.0,0.0045,0.0025
559,429.5676646229718,431096,54.0,0.0045,0.0025
560,429.5676280204837,430502,55.0,0.0045,0.0025
561,429.5676167930102,429902,56.0,0.0045,0.0025
562,429.56754830310115,429295,57.0,0.0045,0.0025
563,429.5676577169214,428682,58.0,0.0045,0.0025
564,429.56771301460503,428063,59.0,0.0045,0.0025
565,429.5675558980119,427439,60.0,0.0045,0.0025
566,429.5675169985165,426812,61.0,0.0045,0.0025
567,429.56765844331716,426182,62.0,0.0045,0.0025
568,429.5675835537835,425546,63.0,0.0045,0.0025
569,429.56765945225914,424905,64.0,0.0045,0.0025
570,429.56767302314046,424258,65.0,0.0045,0.0025
571,429.56756395488395,423608,66.0,0.0045,0.0025
572,429.5676478795559,422958,67.0,0.0045,0.0025
573,429.56760103664334,422306,68.0,0.0045,0.0025
574,429.567551977988,421649,69.0,0.0045,0.0025
575,429.56767643526285,420986,70.0,0.0045,0.0025
576,429.56760252638463,420317,71.0,0.0045,0.0025
577,429.567720875157,419647,72.0,0.0045,0.0025
578,429.5677162462343,418976,73.0,0.0045,0.0025
579,429.56751699352384,418303,74.0,0.0045,0.0025
580,429.56765927982536,417629,75.0,0.0045,0.0025
581,429.5677143431855,416951,76.0,0.0045,0.0025
582,429.56756393096356,416269,77.0,0.0045,0.0025
583,429.5676132750071,415587,78.0,0.0045,0.0025
584,429.56751382838195,414901,79.0,0.0045,0.0025
585,429.5677077967753,414215,80.0,0.0045,0.0025
586,429.5676631034347,413525,81.0,0.0045,0.0025
587,429.56755533046464,412831,82.0,0.0045,0.0025
588,429.567723706827,412137,83.0,0.0045,0.0025
589,429.56765193856404,411443,84.0,0.0045,0.0025
590,429.5676871041104,410750,85.0,0.0045,0.0025
591,429.567659079752,410056,86.0,0.0045,0.0025
592,429.56758428715335,409359,87.0,0.0045,0.0025
593,429.5676741713771,408656,88.0,0.0045,0.0025
594,429.56761485344214,407953,89.0,0.0045,0.0025
595,429.56763543928616,407251,90.0,0.0045,0.0025
596,429.5675279579832,406548,91.0,0.0045,0.0025
597,429.567620665108,405844,92.0,0.0045,0.0025
598,429.56757889666756,405137,93.0,0.0045,0.0025
599,429.56767552575917,404432,94.0,0.0045,0.0025
600,429.5676116761868,403728,95.0,0.0045,0.0025
601,429.567535863338,403025,96.0,0.0045,0.0025
602,429.5675821056397,402317,97.0,0.0045,0.0025
603,429.5676815852261,401606,98.0,0.0045,0.0025
604,429.56766543193027,400895,99.0,0.0045,0.0025
605,429.5675615608058,400185,100.0,0.0045,0.0025
606,429.9976006922968,443016,0.0,0.003,0.0025
607,429.5678849137119,441865,1.0,0.003,0.0025
608,429.56791572063963,441526,2.0,0.003,0.0025
609,429.5679371241099,441169,3.0,0.003,0.0025
610,429.56773899255325,440791,4.0,0.003,0.0025
611,429.56768992834577,440390,5.0,0.003,0.0025
612,429.56770566171235,439967,6.0,0.003,0.0025
613,429.56790011789576,439522,7.0,0.003,0.0025
614,429.56781747709664,439064,8.0,0.003,0.0025
615,429.56761992940716,438585,9.0,0.003,0.0025
616,429.56761367236714,438082,10.0,0.003,0.0025
617,429.5679686312664,437557,11.0,0.003,0.0025
618,429.56783088710006,437009,12.0,0.003,0.0025
619,429.5676298778315,436438,13.0,0.003,0.0025
620,429.567774507194,435854,14.0,0.003,0.0025
621,429.5677787514775,435264,15.0,0.003,0.0025
622,429.5678503146818,434655,16.0,0.003,0.0025
623,429.56793310108367,434027,17.0,0.003,0.0025
624,429.5677548299404,433381,18.0,0.003,0.0025
625,429.56785704448373,432720,19.0,0.003,0.0025
626,429.56778905113174,432057,20.0,0.003,0.0025
627,429.56784305211266,431383,21.0,0.003,0.0025
628,429.56779862974713,430693,22.0,0.003,0.0025
629,429.56777688446857,429986,23.0,0.003,0.0025
630,429.56769454418435,429270,24.0,0.003,0.0025
631,429.5676831629264,428556,25.0,0.003,0.0025
632,429.56774036940993,427826,26.0,0.003,0.0025
633,429.56788546495216,427081,27.0,0.003,0.0025
634,429.5678294027429,426322,28.0,0.003,0.0025
635,429.56764394504575,425566,29.0,0.003,0.0025
636,429.567769622591,424805,30.0,0.003,0.0025
637,429.5677380893998,424032,31.0,0.003,0.0025
638,429.56770558040193,423242,32.0,0.003,0.0025
639,429.56772991446314,422454,33.0,0.003,0.0025
640,429.56771919603915,421663,34.0,0.003,0.0025
641,429.5676184604797,420861,35.0,0.003,0.0025
642,429.5677963364431,420051,36.0,0.003,0.0025
643,429.5677771004711,419248,37.0,0.003,0.0025
644,429.567894890989,418441,38.0,0.003,0.0025
645,429.5678460803354,417616,39.0,0.003,0.0025
646,429.5678469846628,416783,40.0,0.003,0.0025
647,429.5678508851686,415958,41.0,0.003,0.0025
648,429.5676312437013,415129,42.0,0.003,0.0025
649,429.56763977057193,414293,43.0,0.003,0.0025
650,429.5677696148464,413457,44.0,0.003,0.0025
651,429.5677527599736,412617,45.0,0.003,0.0025
652,429.5677128818319,411770,46.0,0.003,0.0025
653,429.5676785694542,410914,47.0,0.003,0.0025
654,429.56760316818696,410063,48.0,0.003,0.0025
655,429.56777319770725,409217,49.0,0.003,0.0025
656,429.5678721511068,408365,50.0,0.003,0.0025
657,429.56772380840476,407502,51.0,0.003,0.0025
658,429.5676717684565,406643,52.0,0.003,0.0025
659,429.56783003102163,405782,53.0,0.003,0.0025
660,429.5676713990877,404912,54.0,0.003,0.0025
661,429.5676693704243,404046,55.0,0.003,0.0025
662,429.56766790596294,403187,56.0,0.003,0.0025
663,429.56769522569743,402322,57.0,0.003,0.0025
664,429.5677229696112,401444,58.0,0.003,0.0025
665,429.5676966298774,400574,59.0,0.003,0.0025
666,429.56770724309223,399703,60.0,0.003,0.0025
667,429.5676413983581,398825,61.0,0.003,0.0025
668,429.56767650030673,397952,62.0,0.003,0.0025
669,429.56767928681694,397086,63.0,0.003,0.0025
670,429.5676350076892,396208,64.0,0.003,0.0025
671,429.56778734756375,395325,65.0,0.003,0.0025
672,429.56777360200385,394450,66.0,0.003,0.0025
673,429.5678446443333,393574,67.0,0.003,0.0025
674,429.56779800503347,392692,68.0,0.003,0.0025
675,429.56767208428334,391817,69.0,0.003,0.0025
676,429.5678213536713,390945,70.0,0.003,0.0025
677,429.5676605932628,390061,71.0,0.003,0.0025
678,429.5676379407468,389177,72.0,0.003,0.0025
679,429.56760367048344,388301,73.0,0.003,0.0025
680,429.56761673720695,387423,74.0,0.003,0.0025
681,429.5677584468366,386542,75.0,0.003,0.0025
682,429.56781374376106,385670,76.0,0.003,0.0025
683,429.5678575656458,384789,77.0,0.003,0.0025
684,429.5676646666727,383900,78.0,0.003,0.0025
685,429.5676927282871,383015,79.0,0.003,0.0025
686,429.56776641211445,382135,80.0,0.003,0.0025
687,429.56771677678205,381250,81.0,0.003,0.0025
688,429.5678584605558,380365,82.0,0.003,0.0025
689,429.5676576187575,379487,83.0,0.003,0.0025
690,429.5678193513279,378610,84.0,0.003,0.0025
691,429.5676903388707,377729,85.0,0.003,0.0025
692,429.56782085887016,376858,86.0,0.003,0.0025
693,429.5677612044156,375977,87.0,0.003,0.0025
694,429.5678068113395,375091,88.0,0.003,0.0025
695,429.56774791289433,374209,89.0,0.003,0.0025
696,429.5677673524538,373333,90.0,0.003,0.0025
697,429.56777998177034,372454,91.0,0.003,0.0025
698,429.5677306142317,371576,92.0,0.003,0.0025
699,429.56774377226924,370707,93.0,0.003,0.0025
700,429.5677899541319,369839,94.0,0.003,0.0025
701,429.5677893880999,368970,95.0,0.003,0.0025
702,429.56763121180353,368110,96.0,0.003,0.0025
703,429.5676571406862,367239,97.0,0.003,0.0025
704,429.56776993858716,366364,98.0,0.003,0.0025
705,429.56768102024233,365493,99.0,0.003,0.0025
706,429.56772686555524,364628,100.0,0.003,0.0025
707,429.997631528595,443016,0.0,0.0025,0.0025
708,429.56772570233414,441554,1.0,0.0025,0.0025
709,429.5678531481456,440905,2.0,0.0025,0.0025
710,429.56800633062295,440240,3.0,0.0025,0.0025
711,429.5676746004857,439576,4.0,0.0025,0.0025
712,429.5677855780685,438904,5.0,0.0025,0.0025
713,429.5680167481456,438215,6.0,0.0025,0.0025
714,429.5680368826614,437505,7.0,0.0025,0.0025
715,429.5676728315068,436777,8.0,0.0025,0.0025
716,429.5677209038443,436051,9.0,0.0025,0.0025
717,429.56793841513064,435307,10.0,0.0025,0.0025
718,429.56775279806305,434540,11.0,0.0025,0.0025
719,429.56767778124953,433757,12.0,0.0025,0.0025
720,429.5678575488929,432984,13.0,0.0025,0.0025
721,429.5676714459226,432193,14.0,0.0025,0.0025
722,429.56783162964837,431379,15.0,0.0025,0.0025
723,429.56786616729596,430560,16.0,0.0025,0.0025
724,429.5676518606201,429746,17.0,0.0025,0.0025
725,429.56782745859925,428910,18.0,0.0025,0.0025
726,429.56770327618995,428057,19.0,0.0025,0.0025
727,429.5678435900882,427215,20.0,0.0025,0.0025
728,429.56766899735493,426359,21.0,0.0025,0.0025
729,429.5677915713058,425488,22.0,0.0025,0.0025
730,429.5678094407283,424612,23.0,0.0025,0.0025
731,429.5679317229653,423741,24.0,0.0025,0.0025
732,429.5679748652006,422854,25.0,0.0025,0.0025
733,429.5677511475958,421954,26.0,0.0025,0.0025
734,429.56797184242816,421063,27.0,0.0025,0.0025
735,429.56784512777443,420156,28.0,0.0025,0.0025
736,429.56793888687594,419233,29.0,0.0025,0.0025
737,429.5677280604354,418315,30.0,0.0025,0.0025
738,429.56794999581444,417397,31.0,0.0025,0.0025
739,429.56771404346557,416465,32.0,0.0025,0.0025
740,429.56773612236196,415535,33.0,0.0025,0.0025
741,429.56763426873266,414600,34.0,0.0025,0.0025
742,429.5679488394595,413653,35.0,0.0025,0.0025
743,429.56785511388216,412704,36.0,0.0025,0.0025
744,429.5679460812182,411766,37.0,0.0025,0.0025
745,429.56765171587216,410818,38.0,0.0025,0.0025
746,429.5676551530723,409872,39.0,0.0025,0.0025
747,429.56791384073824,408926,40.0,0.0025,0.0025
748,429.567766955846,407964,41.0,0.0025,0.0025
749,429.56779477846095,406999,42.0,0.0025,0.0025
750,429.56775898100574,406047,43.0,0.0025,0.0025
751,429.5678317645506,405088,44.0,0.0025,0.0025
752,429.56773625184763,404128,45.0,0.0025,0.0025
753,429.56787143000895,403178,46.0,0.0025,0.0025
754,429.56770800858993,402208,47.0,0.0025,0.0025
755,429.56769451345315,401235,48.0,0.0025,0.0025
756,429.5676793576193,400275,49.0,0.0025,0.0025
757,429.56792547538817,399309,50.0,0.0025,0.0025
758,429.5678679949342,398342,51.0,0.0025,0.0025
759,429.5677341531539,397390,52.0,0.0025,0.0025
760,429.5678708972408,396417,53.0,0.0025,0.0025
761,429.56766413444967,395441,54.0,0.0025,0.0025
762,429.56787310114424,394478,55.0,0.0025,0.0025
763,429.5678218939826,393507,56.0,0.0025,0.0025
764,429.5677682807306,392538,57.0,0.0025,0.0025
765,429.56770609950814,391582,58.0,0.0025,0.0025
766,429.56786256385044,390613,59.0,0.0025,0.0025
767,429.5677531754522,389639,60.0,0.0025,0.0025
768,429.5678280642723,388675,61.0,0.0025,0.0025
769,429.567755978238,387703,62.0,0.0025,0.0025
770,429.5676796681316,386736,63.0,0.0025,0.0025
771,429.5676605277905,385779,64.0,0.0025,0.0025
772,429.5678696160906,384815,65.0,0.0025,0.0025
773,429.5677482068215,383846,66.0,0.0025,0.0025
774,429.5678781091624,382884,67.0,0.0025,0.0025
775,429.56765404652964,381913,68.0,0.0025,0.0025
776,429.5677808532887,380952,69.0,0.0025,0.0025
777,429.56791384121226,379997,70.0,0.0025,0.0025
778,429.5679061456602,379036,71.0,0.0025,0.0025
779,429.56765668838455,378076,72.0,0.0025,0.0025
780,429.5678254895076,377118,73.0,0.0025,0.0025
781,429.5677220610997,376152,74.0,0.0025,0.0025
782,429.56790167992295,375198,75.0,0.0025,0.0025
783,429.5678792526233,374246,76.0,0.0025,0.0025
784,429.56771653088765,373289,77.0,0.0025,0.0025
785,429.5678461052107,372342,78.0,0.0025,0.0025
786,429.5678654792436,371389,79.0,0.0025,0.0025
787,429.56768483077445,370430,80.0,0.0025,0.0025
788,429.5678838684944,369484,81.0,0.0025,0.0025
789,429.56778577638687,368537,82.0,0.0025,0.0025
790,429.5678339952993,367588,83.0,0.0025,0.0025
791,429.56784128698183,366652,84.0,0.0025,0.0025
792,429.5678244302441,365702,85.0,0.0025,0.0025
793,429.56786147163757,364748,86.0,0.0025,0.0025
794,429.56788852006054,363804,87.0,0.0025,0.0025
795,429.56773597372444,362856,88.0,0.0025,0.0025
796,429.5678911530385,361908,89.0,0.0025,0.0025
797,429.5678575377048,360970,90.0,0.0025,0.0025
798,429.56782985577314,360029,91.0,0.0025,0.0025
799,429.56778313110914,359090,92.0,0.0025,0.0025
800,429.5677360462494,358162,93.0,0.0025,0.0025
801,429.5676843202277,357232,94.0,0.0025,0.0025
802,429.56769780941346,356291,95.0,0.0025,0.0025
803,429.5676490497684,355358,96.0,0.0025,0.0025
804,429.56775107197717,354421,97.0,0.0025,0.0025
805,429.5676432677835,353488,98.0,0.0025,0.0025
806,429.56778213567145,352564,99.0,0.0025,0.0025
807,429.56782482440326,351636,100.0,0.0025,0.0025
808,429.99756985603784,443016,0.0,0.0035,0.0025
809,429.5678617192415,442173,1.0,0.0035,0.0025
810,429.5676603219134,442136,2.0,0.0035,0.0025
811,429.56798326181536,442075,3.0,0.0035,0.0025
812,429.56775043386125,441984,4.0,0.0035,0.0025
813,429.5678228443395,441863,5.0,0.0035,0.0025
814,429.5676710465045,441710,6.0,0.0035,0.0025
815,429.56761602893175,441525,7.0,0.0035,0.0025
816,429.5678361146186,441310,8.0,0.0035,0.0025
817,429.5679520053325,441065,9.0,0.0035,0.0025
818,429.56768375035307,440792,10.0,0.0035,0.0025
819,429.56793495737287,440492,11.0,0.0035,0.0025
820,429.56777177923965,440164,12.0,0.0035,0.0025
821,429.56790203792536,439813,13.0,0.0035,0.0025
822,429.56761345183116,439435,14.0,0.0035,0.0025
823,429.56775058709377,439034,15.0,0.0035,0.0025
824,429.5675996859706,438612,16.0,0.0035,0.0025
825,429.56784941010716,438169,17.0,0.0035,0.0025
826,429.5677025952263,437706,18.0,0.0035,0.0025
827,429.5678744369639,437233,19.0,0.0035,0.0025
828,429.56784548403664,436744,20.0,0.0035,0.0025
829,429.5677120810696,436237,21.0,0.0035,0.0025
830,429.5675962512492,435714,22.0,0.0035,0.0025
831,429.5676771263264,435175,23.0,0.0035,0.0025
832,429.5678018562022,434620,24.0,0.0035,0.0025
833,429.56763448841707,434050,25.0,0.0035,0.0025
834,429.5676298316893,433474,26.0,0.0035,0.0025
835,429.5678199613885,432890,27.0,0.0035,0.0025
836,429.5677913852567,432292,28.0,0.0035,0.0025
837,429.5676288983221,431680,29.0,0.0035,0.0025
838,429.5677584796657,431056,30.0,0.0035,0.0025
839,429.56783719455944,430419,31.0,0.0035,0.0025
840,429.5677038893016,429778,32.0,0.0035,0.0025
841,429.5675867656535,429131,33.0,0.0035,0.0025
842,429.5676985129379,428474,34.0,0.0035,0.0025
843,429.5677675858535,427806,35.0,0.0035,0.0025
844,429.56784243841395,427128,36.0,0.0035,0.0025
845,429.5676771948147,426445,37.0,0.0035,0.0025
846,429.567772749547,425759,38.0,0.0035,0.0025
847,429.56768486422726,425064,39.0,0.0035,0.0025
848,429.56779446482625,424360,40.0,0.0035,0.0025
849,429.5675806906045,423646,41.0,0.0035,0.0025
850,429.5677174476186,422934,42.0,0.0035,0.0025
851,429.5676898449879,422220,43.0,0.0035,0.0025
852,429.567698393567,421495,44.0,0.0035,0.0025
853,429.567712747502,420761,45.0,0.0035,0.0025
854,429.5678093800499,420021,46.0,0.0035,0.0025
855,429.5676075219895,419283,47.0,0.0035,0.0025
856,429.5677259609921,418545,48.0,0.0035,0.0025
857,429.56758220103416,417799,49.0,0.0035,0.0025
858,429.5676739237341,417041,50.0,0.0035,0.0025
859,429.56757611337287,416282,51.0,0.0035,0.0025
860,429.5677172065427,415526,52.0,0.0035,0.0025
861,429.5677581596988,414765,53.0,0.0035,0.0025
862,429.5676713315974,413997,54.0,0.0035,0.0025
863,429.56758608191,413227,55.0,0.0035,0.0025
864,429.5678096756359,412457,56.0,0.0035,0.0025
865,429.5677507162809,411683,57.0,0.0035,0.0025
866,429.56759670306343,410902,58.0,0.0035,0.0025
867,429.5678045603766,410118,59.0,0.0035,0.0025
868,429.5677941343003,409338,60.0,0.0035,0.0025
869,429.56777524678694,408559,61.0,0.0035,0.0025
870,429.5677685246221,407771,62.0,0.0035,0.0025
871,429.5678157668036,406976,63.0,0.0035,0.0025
872,429.5676763940375,406184,64.0,0.0035,0.0025
873,429.5676233262764,405394,65.0,0.0035,0.0025
874,429.56760479027525,404600,66.0,0.0035,0.0025
875,429.5676406059205,403802,67.0,0.0035,0.0025
876,429.5676158351274,403004,68.0,0.0035,0.0025
877,429.5676773639207,402204,69.0,0.0035,0.0025
878,429.56773162120953,401399,70.0,0.0035,0.0025
879,429.567741836532,400588,71.0,0.0035,0.0025
880,429.5676618785615,399780,72.0,0.0035,0.0025
881,429.56776339854076,398975,73.0,0.0035,0.0025
882,429.5677709673533,398166,74.0,0.0035,0.0025
883,429.5677451265054,397353,75.0,0.0035,0.0025
884,429.56772103206237,396545,76.0,0.0035,0.0025
885,429.5676033181397,395740,77.0,0.0035,0.0025
886,429.56761829194596,394928,78.0,0.0035,0.0025
887,429.5677054179956,394108,79.0,0.0035,0.0025
888,429.56768680382737,393292,80.0,0.0035,0.0025
889,429.56767537865045,392478,81.0,0.0035,0.0025
890,429.56771889774814,391661,82.0,0.0035,0.0025
891,429.56771292971234,390842,83.0,0.0035,0.0025
892,429.56770317473644,390029,84.0,0.0035,0.0025
893,429.56776665659805,389219,85.0,0.0035,0.0025
894,429.56758542197304,388406,86.0,0.0035,0.0025
895,429.5676446275,387595,87.0,0.0035,0.0025
896,429.5676793333695,386784,88.0,0.0035,0.0025
897,429.56771747974614,385968,89.0,0.0035,0.0025
898,429.5677507140207,385148,90.0,0.0035,0.0025
899,429.5677517258496,384329,91.0,0.0035,0.0025
900,429.5677186954193,383515,92.0,0.0035,0.0025
901,429.56774263864054,382702,93.0,0.0035,0.0025
902,429.56766349824176,381886,94.0,0.0035,0.0025
903,429.567598652154,381074,95.0,0.0035,0.0025
904,429.56759849539895,380268,96.0,0.0035,0.0025
905,429.5677417894279,379464,97.0,0.0035,0.0025
906,429.56757667271364,378651,98.0,0.0035,0.0025
907,429.56759537156324,377837,99.0,0.0035,0.0025
908,429.56774853259327,377027,100.0,0.0035,0.0025
909,429.9973540033472,443016,0.0,0.007,0.0025
910,429.56779717485875,444348,1.0,0.007,0.0025
911,429.56767810498013,446402,2.0,0.007,0.0025
912,429.56759397430045,448314,3.0,0.007,0.0025
913,429.56756828383766,450081,4.0,0.007,0.0025
914,429.56751584741943,451739,5.0,0.007,0.0025
915,429.56743549140145,453278,6.0,0.007,0.0025
916,429.56744187085434,454683,7.0,0.007,0.0025
917,429.56764842797156,455996,8.0,0.007,0.0025
918,429.5676386405828,457215,9.0,0.007,0.0025
919,429.56762409379445,458357,10.0,0.007,0.0025
920,429.5674280087647,459437,11.0,0.007,0.0025
921,429.56753876607627,460425,12.0,0.007,0.0025
922,429.56741479482787,461371,13.0,0.007,0.0025
923,429.5674066513611,462233,14.0,0.007,0.0025
924,429.5674649915597,463034,15.0,0.007,0.0025
925,429.5675434679441,463794,16.0,0.007,0.0025
926,429.56740111926524,464479,17.0,0.007,0.0025
927,429.56746316591205,465135,18.0,0.007,0.0025
928,429.5675922272457,465738,19.0,0.007,0.0025
929,429.56745597996763,466283,20.0,0.007,0.0025
930,429.56752350350564,466809,21.0,0.007,0.0025
931,429.5674584107054,467283,22.0,0.007,0.0025
932,429.5675843677005,467713,23.0,0.007,0.0025
933,429.56739440172083,468128,24.0,0.007,0.0025
934,429.56758837196986,468509,25.0,0.007,0.0025
935,429.5674150244832,468847,26.0,0.007,0.0025
936,429.56750755737824,469150,27.0,0.007,0.0025
937,429.5674531740661,469422,28.0,0.007,0.0025
938,429.567517737446,469673,29.0,0.007,0.0025
939,429.5674401213242,469890,30.0,0.007,0.0025
940,429.5673607146123,470073,31.0,0.007,0.0025
941,429.5675037651432,470227,32.0,0.007,0.0025
942,429.5674392598581,470350,33.0,0.007,0.0025
943,429.5675284637426,470448,34.0,0.007,0.0025
944,429.5674609124968,470528,35.0,0.007,0.0025
945,429.567421491067,470580,36.0,0.007,0.0025
946,429.56747615480344,470606,37.0,0.007,0.0025
947,429.5674242915533,470606,38.0,0.007,0.0025
948,429.5675182032637,470581,39.0,0.007,0.0025
949,429.56739434077923,470548,40.0,0.007,0.0025
950,429.56742691049334,470493,41.0,0.007,0.0025
951,429.56738921508475,470415,42.0,0.007,0.0025
952,429.5674420156207,470315,43.0,0.007,0.0025
953,429.5675040055828,470193,44.0,0.007,0.0025
954,429.56753166444537,470057,45.0,0.007,0.0025
955,429.5673752450129,469908,46.0,0.007,0.0025
956,429.56743106809944,469743,47.0,0.007,0.0025
957,429.5674662899995,469561,48.0,0.007,0.0025
958,429.56753061501814,469362,49.0,0.007,0.0025
959,429.5675433319769,469147,50.0,0.007,0.0025
960,429.567361002767,468924,51.0,0.007,0.0025
961,429.5673954153382,468688,52.0,0.007,0.0025
962,429.56747661043744,468438,53.0,0.007,0.0025
963,429.56737345781346,468173,54.0,0.007,0.0025
964,429.5674568730668,467895,55.0,0.007,0.0025
965,429.5674660923609,467611,56.0,0.007,0.0025
966,429.56737952680544,467319,57.0,0.007,0.0025
967,429.56751094488885,467018,58.0,0.007,0.0025
968,429.56745499017444,466706,59.0,0.007,0.0025
969,429.567394849443,466384,60.0,0.007,0.0025
970,429.56753083090103,466053,61.0,0.007,0.0025
971,429.5674502417179,465711,62.0,0.007,0.0025
972,429.5675170280276,465360,63.0,0.007,0.0025
973,429.567531494366,464999,64.0,0.007,0.0025
974,429.5674913644008,464628,65.0,0.007,0.0025
975,429.567382637845,464254,66.0,0.007,0.0025
976,429.56752267666405,463876,67.0,0.007,0.0025
977,429.5674323500578,463489,68.0,0.007,0.0025
978,429.5674816891289,463095,69.0,0.007,0.0025
979,429.56745236412155,462693,70.0,0.007,0.0025
980,429.56751843159,462284,71.0,0.007,0.0025
981,429.5674979177679,461867,72.0,0.007,0.0025
982,429.5673580200716,461442,73.0,0.007,0.0025
983,429.5674501874344,461011,74.0,0.007,0.0025
984,429.5674140617622,460572,75.0,0.007,0.0025
985,429.56740645484297,460133,76.0,0.007,0.0025
986,429.5673745099872,459691,77.0,0.007,0.0025
987,429.5674147621003,459244,78.0,0.007,0.0025
988,429.56750110604185,458792,79.0,0.007,0.0025
989,429.5674131550549,458334,80.0,0.007,0.0025
990,429.5675111475447,457872,81.0,0.007,0.0025
991,429.5673960848537,457404,82.0,0.007,0.0025
992,429.56742123484776,456932,83.0,0.007,0.0025
993,429.56738004149804,456455,84.0,0.007,0.0025
994,429.567458880744,455974,85.0,0.007,0.0025
995,429.5674011147982,455492,86.0,0.007,0.0025
996,429.56750261382854,455009,87.0,0.007,0.0025
997,429.5674998054395,454522,88.0,0.007,0.0025
998,429.5673701150918,454031,89.0,0.007,0.0025
999,429.56745856228804,453538,90.0,0.007,0.0025
1000,429.5674049249731,453041,91.0,0.007,0.0025
1001,429.5673765480983,452541,92.0,0.007,0.0025
1002,429.5675306439964,452039,93.0,0.007,0.0025
1003,429.56750856300147,451533,94.0,0.007,0.0025
1004,429.567487335646,451024,95.0,0.007,0.0025
1005,429.56742018012994,450514,96.0,0.007,0.0025
1006,429.56748446899144,450003,97.0,0.007,0.0025
1007,429.56736759698333,449489,98.0,0.007,0.0025
1008,429.5674164798373,448974,99.0,0.007,0.0025
1009,429.5674561731777,448457,100.0,0.007,0.0025
1010,429.99738483932384,443016,0.0,0.0065,0.0025
1011,429.56782828004845,444040,1.0,0.0065,0.0025
1012,429.5675247393268,445795,2.0,0.0065,0.0025
1013,429.56776091637335,447432,3.0,0.0065,0.0025
1014,429.56754119487357,448964,4.0,0.0065,0.0025
1015,429.56765710416005,450378,5.0,0.0065,0.0025
1016,429.56748758748734,451681,6.0,0.0065,0.0025
1017,429.56759790164733,452889,7.0,0.0065,0.0025
1018,429.5676284328758,453994,8.0,0.0065,0.0025
1019,429.5675936582919,455027,9.0,0.0065,0.0025
1020,429.56756839730434,455964,10.0,0.0065,0.0025
1021,429.5675942846235,456865,11.0,0.0065,0.0025
1022,429.5675690958783,457692,12.0,0.0065,0.0025
1023,429.567677200413,458448,13.0,0.0065,0.0025
1024,429.5676466626163,459171,14.0,0.0065,0.0025
1025,429.5675152083809,459817,15.0,0.0065,0.0025
1026,429.5675565007058,460410,16.0,0.0065,0.0025
1027,429.5675656427143,460973,17.0,0.0065,0.0025
1028,429.5673906847,461474,18.0,0.0065,0.0025
1029,429.56747128063336,461930,19.0,0.0065,0.0025
1030,429.5674825077024,462364,20.0,0.0065,0.0025
1031,429.5675693801734,462748,21.0,0.0065,0.0025
1032,429.56740164436246,463085,22.0,0.0065,0.0025
1033,429.5675391653228,463404,23.0,0.0065,0.0025
1034,429.56743044653194,463688,24.0,0.0065,0.0025
1035,429.56752456342315,463934,25.0,0.0065,0.0025
1036,429.56739343545536,464158,26.0,0.0065,0.0025
1037,429.5675079581177,464356,27.0,0.0065,0.0025
1038,429.5675142337335,464530,28.0,0.0065,0.0025
1039,429.56753622865256,464675,29.0,0.0065,0.0025
1040,429.5675583226536,464787,30.0,0.0065,0.0025
1041,429.56760084248634,464871,31.0,0.0065,0.0025
1042,429.56749147956776,464938,32.0,0.0065,0.0025
1043,429.5675429021618,464981,33.0,0.0065,0.0025
1044,429.5674352977862,464999,34.0,0.0065,0.0025
1045,429.56754560231514,464993,35.0,0.0065,0.0025
1046,429.56742326710736,464958,36.0,0.0065,0.0025
1047,429.5675338370899,464903,37.0,0.0065,0.0025
1048,429.56740734365553,464836,38.0,0.0065,0.0025
1049,429.56746967782396,464748,39.0,0.0065,0.0025
1050,429.56744041101445,464638,40.0,0.0065,0.0025
1051,429.5674585398497,464507,41.0,0.0065,0.0025
1052,429.5674972679215,464355,42.0,0.0065,0.0025
1053,429.5674656879733,464188,43.0,0.0065,0.0025
1054,429.5674789963657,464012,44.0,0.0065,0.0025
1055,429.5673880195946,463819,45.0,0.0065,0.0025
1056,429.5674671437577,463610,46.0,0.0065,0.0025
1057,429.5675023463725,463384,47.0,0.0065,0.0025
1058,429.56750102990617,463141,48.0,0.0065,0.0025
1059,429.5675690860707,462887,49.0,0.0065,0.0025
1060,429.56742867760886,462623,50.0,0.0065,0.0025
1061,429.5673978005853,462346,51.0,0.0065,0.0025
1062,429.56746382682695,462056,52.0,0.0065,0.0025
1063,429.56741264414813,461752,53.0,0.0065,0.0025
1064,429.5674387636188,461435,54.0,0.0065,0.0025
1065,429.5675525424473,461110,55.0,0.0065,0.0025
1066,429.567434967007,460776,56.0,0.0065,0.0025
1067,429.5674525910581,460432,57.0,0.0065,0.0025
1068,429.5674026748344,460077,58.0,0.0065,0.0025
1069,429.56745665075687,459712,59.0,0.0065,0.0025
1070,429.56739561223105,459336,60.0,0.0065,0.0025
1071,429.56750952970395,458956,61.0,0.0065,0.0025
1072,429.5675446795053,458570,62.0,0.0065,0.0025
1073,429.5675431383581,458176,63.0,0.0065,0.0025
1074,429.56749339341974,457774,64.0,0.0065,0.0025
1075,429.56740474742503,457364,65.0,0.0065,0.0025
1076,429.56742915691785,456947,66.0,0.0065,0.0025
1077,429.5675430545354,456523,67.0,0.0065,0.0025
1078,429.5675233554906,456091,68.0,0.0065,0.0025
1079,429.56755588758654,455652,69.0,0.0065,0.0025
1080,429.56742764195565,455205,70.0,0.0065,0.0025
1081,429.56746552608644,454756,71.0,0.0065,0.0025
1082,429.5674930772727,454303,72.0,0.0065,0.0025
1083,429.5674780549343,453844,73.0,0.0065,0.0025
1084,429.56741246421393,453379,74.0,0.0065,0.0025
1085,429.5674731239212,452909,75.0,0.0065,0.0025
1086,429.5674395456598,452433,76.0,0.0065,0.0025
1087,429.567480714681,451952,77.0,0.0065,0.0025
1088,429.5674076398948,451465,78.0,0.0065,0.0025
1089,429.567398738294,450973,79.0,0.0065,0.0025
1090,429.5674186114717,450476,80.0,0.0065,0.0025
1091,429.56754268830076,449978,81.0,0.0065,0.0025
1092,429.5674001026868,449476,82.0,0.0065,0.0025
1093,429.5674675429101,448971,83.0,0.0065,0.0025
1094,429.5675621321803,448462,84.0,0.0065,0.0025
1095,429.56741561979754,447948,85.0,0.0065,0.0025
1096,429.56753192176507,447432,86.0,0.0065,0.0025
1097,429.56751797388534,446912,87.0,0.0065,0.0025
1098,429.56756024958446,446389,88.0,0.0065,0.0025
1099,429.5674537198261,445862,89.0,0.0065,0.0025
1100,429.56754860665836,445333,90.0,0.0065,0.0025
1101,429.56747516825953,444802,91.0,0.0065,0.0025
1102,429.5675534398693,444270,92.0,0.0065,0.0025
1103,429.56755180462557,443735,93.0,0.0065,0.0025
1104,429.5674586394748,443197,94.0,0.0065,0.0025
1105,429.5674996043268,442657,95.0,0.0065,0.0025
1106,429.56745946340874,442114,96.0,0.0065,0.0025
1107,429.5674618841637,441569,97.0,0.0065,0.0025
1108,429.567436985152,441022,98.0,0.0065,0.0025
1109,429.5675389956894,440474,99.0,0.0065,0.0025
1110,429.5675602045229,439924,100.0,0.0065,0.0025
1111,429.99753901981836,443016,0.0,0.004,0.0025
1112,429.567956980182,442479,1.0,0.004,0.0025
1113,429.56763791143203,442741,2.0,0.004,0.0025
1114,429.56776257319393,442982,3.0,0.004,0.0025
1115,429.5677266284032,443179,4.0,0.004,0.0025
1116,429.5678941235008,443330,5.0,0.004,0.0025
1117,429.5677699973488,443434,6.0,0.004,0.0025
1118,429.5678098733534,443495,7.0,0.004,0.0025
1119,429.5676538092082,443516,8.0,0.004,0.0025
1120,429.567822226908,443501,9.0,0.004,0.0025
1121,429.56764235890097,443445,10.0,0.004,0.0025
1122,429.5677889112984,443360,11.0,0.004,0.0025
1123,429.56779246605424,443238,12.0,0.004,0.0025
1124,429.56767640433543,443083,13.0,0.004,0.0025
1125,429.5677385380609,442903,14.0,0.004,0.0025
1126,429.5678502663618,442692,15.0,0.004,0.0025
1127,429.56787318395357,442457,16.0,0.004,0.0025
1128,429.56761758142414,442197,17.0,0.004,0.0025
1129,429.5675433307745,441912,18.0,0.004,0.0025
1130,429.5677223392715,441609,19.0,0.004,0.0025
1131,429.5676438365953,441283,20.0,0.004,0.0025
1132,429.5676466392311,440938,21.0,0.004,0.0025
1133,429.567844925684,440578,22.0,0.004,0.0025
1134,429.5677658791397,440199,23.0,0.004,0.0025
1135,429.5677175803578,439802,24.0,0.004,0.0025
1136,429.5676520075674,439387,25.0,0.004,0.0025
1137,429.56761201654274,438955,26.0,0.004,0.0025
1138,429.5675558738454,438510,27.0,0.004,0.0025
1139,429.5676457725867,438052,28.0,0.004,0.0025
1140,429.56768582915896,437582,29.0,0.004,0.0025
1141,429.5675729559422,437099,30.0,0.004,0.0025
1142,429.56758666065735,436603,31.0,0.004,0.0025
1143,429.5675538591077,436096,32.0,0.004,0.0025
1144,429.56765446174325,435577,33.0,0.004,0.0025
1145,429.56767448203203,435045,34.0,0.004,0.0025
1146,429.5675423738381,434500,35.0,0.004,0.0025
1147,429.5675630961571,433945,36.0,0.004,0.0025
1148,429.5676944830714,433385,37.0,0.004,0.0025
1149,429.56768399145756,432818,38.0,0.004,0.0025
1150,429.56769319787657,432242,39.0,0.004,0.0025
1151,429.5677314207607,431656,40.0,0.004,0.0025
1152,429.56775104736766,431060,41.0,0.004,0.0025
1153,429.56770353990635,430454,42.0,0.004,0.0025
1154,429.56760410515807,429841,43.0,0.004,0.0025
1155,429.56756107059493,429225,44.0,0.004,0.0025
1156,429.56779050090057,428605,45.0,0.004,0.0025
1157,429.5676255586861,427976,46.0,0.004,0.0025
1158,429.56774844391697,427340,47.0,0.004,0.0025
1159,429.56775853385966,426694,48.0,0.004,0.0025
1160,429.5675677296047,426042,49.0,0.004,0.0025
1161,429.56769370063904,425390,50.0,0.004,0.0025
1162,429.5676854739283,424734,51.0,0.004,0.0025
1163,429.56771775567046,424072,52.0,0.004,0.0025
1164,429.5677624889099,423401,53.0,0.004,0.0025
1165,429.56773245241106,422721,54.0,0.004,0.0025
1166,429.5676676304373,422039,55.0,0.004,0.0025
1167,429.56773906386803,421356,56.0,0.004,0.0025
1168,429.56770140182124,420668,57.0,0.004,0.0025
1169,429.5675781022711,419973,58.0,0.004,0.0025
1170,429.5676216720527,419272,59.0,0.004,0.0025
1171,429.5675554356585,418569,60.0,0.004,0.0025
1172,429.5675855060186,417867,61.0,0.004,0.0025
1173,429.56756018534736,417163,62.0,0.004,0.0025
1174,429.5676569628708,416451,63.0,0.004,0.0025
1175,429.56761070144626,415730,64.0,0.004,0.0025
1176,429.5677058627835,415008,65.0,0.004,0.0025
1177,429.5675836479053,414286,66.0,0.004,0.0025
1178,429.56759982363815,413563,67.0,0.004,0.0025
1179,429.5676970899242,412836,68.0,0.004,0.0025
1180,429.56768087256035,412104,69.0,0.004,0.0025
1181,429.5676906800403,411373,70.0,0.004,0.0025
1182,429.56758091714624,410644,71.0,0.004,0.0025
1183,429.5677138651009,409916,72.0,0.004,0.0025
1184,429.56765455479916,409178,73.0,0.004,0.0025
1185,429.56776136065696,408433,74.0,0.004,0.0025
1186,429.5677294360871,407689,75.0,0.004,0.0025
1187,429.5676893900033,406946,76.0,0.004,0.0025
1188,429.5675926032097,406201,77.0,0.004,0.0025
1189,429.5676513479661,405453,78.0,0.004,0.0025
1190,429.5677276976499,404704,79.0,0.004,0.0025
1191,429.5676928370951,403958,80.0,0.004,0.0025
1192,429.56769161689624,403214,81.0,0.004,0.0025
1193,429.5677126561357,402469,82.0,0.004,0.0025
1194,429.5676850869021,401715,83.0,0.004,0.0025
1195,429.56770635271084,400959,84.0,0.004,0.0025
1196,429.5677402636992,400205,85.0,0.004,0.0025
1197,429.5676462536245,399450,86.0,0.004,0.0025
1198,429.567543773834,398692,87.0,0.004,0.0025
1199,429.5676557645751,397934,88.0,0.004,0.0025
1200,429.56765339529886,397179,89.0,0.004,0.0025
1201,429.56757799721913,396426,90.0,0.004,0.0025
1202,429.5676368676683,395673,91.0,0.004,0.0025
1203,429.56758721264686,394918,92.0,0.004,0.0025
1204,429.56770816766937,394161,93.0,0.004,0.0025
1205,429.5676433777389,393402,94.0,0.004,0.0025
1206,429.56759448319434,392643,95.0,0.004,0.0025
1207,429.56767995247645,391882,96.0,0.004,0.0025
1208,429.5677509571871,391121,97.0,0.004,0.0025
1209,429.5677235642975,390363,98.0,0.004,0.0025
1210,429.5676842459757,389607,99.0,0.004,0.0025
1211,429.5677577134114,388851,100.0,0.004,0.0025
1212,429.9977240377159,443016,0.0,0.001,0.0025
1213,429.5681135866228,440607,1.0,0.001,0.0025
1214,429.56792636878214,439044,2.0,0.001,0.0025
1215,429.56788853538205,437462,3.0,0.001,0.0025
1216,429.5678539832418,435915,4.0,0.001,0.0025
1217,429.5681334109391,434354,5.0,0.001,0.0025
1218,429.56775954450234,432800,6.0,0.001,0.0025
1219,429.5681794287522,431254,7.0,0.001,0.0025
1220,429.5681098360531,429703,8.0,0.001,0.0025
1221,429.5677376335772,428171,9.0,0.001,0.0025
1222,429.56779952257426,426623,10.0,0.001,0.0025
1223,429.56791582157314,425111,11.0,0.001,0.0025
1224,429.5679363098356,423581,12.0,0.001,0.0025
1225,429.56814671825896,422062,13.0,0.001,0.0025
1226,429.5680440766388,420555,14.0,0.001,0.0025
1227,429.56783408582965,419037,15.0,0.001,0.0025
1228,429.56796340506577,417543,16.0,0.001,0.0025
1229,429.5679966195322,416033,17.0,0.001,0.0025
1230,429.5677584688409,414554,18.0,0.001,0.0025
1231,429.56774793403656,413056,19.0,0.001,0.0025
1232,429.5681565865732,411577,20.0,0.001,0.0025
1233,429.56786883303056,410102,21.0,0.001,0.0025
1234,429.5680597639341,408619,22.0,0.001,0.0025
1235,429.56792696879825,407157,23.0,0.001,0.0025
1236,429.56815581728625,405684,24.0,0.001,0.0025
1237,429.56809971512155,404234,25.0,0.001,0.0025
1238,429.56803992199406,402767,26.0,0.001,0.0025
1239,429.5678583217415,401328,27.0,0.001,0.0025
1240,429.5680673261196,399877,28.0,0.001,0.0025
1241,429.5681153764006,398435,29.0,0.001,0.0025
1242,429.56787305204887,397002,30.0,0.001,0.0025
1243,429.5681260550904,395564,31.0,0.001,0.0025
1244,429.5677846468125,394142,32.0,0.001,0.0025
1245,429.5679453383059,392708,33.0,0.001,0.0025
1246,429.56790047504467,391301,34.0,0.001,0.0025
1247,429.5679449452554,389864,35.0,0.001,0.0025
1248,429.56803582354183,388450,36.0,0.001,0.0025
1249,429.56773249679077,387026,37.0,0.001,0.0025
1250,429.5680141999338,385617,38.0,0.001,0.0025
1251,429.56778747451904,384214,39.0,0.001,0.0025
1252,429.5679324692075,382816,40.0,0.001,0.0025
1253,429.5680231821376,381415,41.0,0.001,0.0025
1254,429.5677774766931,380002,42.0,0.001,0.0025
1255,429.5681204596432,378621,43.0,0.001,0.0025
1256,429.5678361617986,377225,44.0,0.001,0.0025
1257,429.567924252961,375862,45.0,0.001,0.0025
1258,429.56773049628896,374492,46.0,0.001,0.0025
1259,429.56790996283615,373131,47.0,0.001,0.0025
1260,429.56792242239453,371756,48.0,0.001,0.0025
1261,429.56776280318,370391,49.0,0.001,0.0025
1262,429.5679205400528,369037,50.0,0.001,0.0025
1263,429.5677435503661,367685,51.0,0.001,0.0025
1264,429.5680245362071,366356,52.0,0.001,0.0025
1265,429.56792609427936,365017,53.0,0.001,0.0025
1266,429.5677620827701,363684,54.0,0.001,0.0025
1267,429.56809167389,362338,55.0,0.001,0.0025
1268,429.56813046181657,361021,56.0,0.001,0.0025
1269,429.567770173515,359691,57.0,0.001,0.0025
1270,429.56787612274013,358391,58.0,0.001,0.0025
1271,429.5680128241736,357085,59.0,0.001,0.0025
1272,429.5677968019106,355783,60.0,0.001,0.0025
1273,429.5678941077771,354472,61.0,0.001,0.0025
1274,429.5677708063557,353175,62.0,0.001,0.0025
1275,429.5678333559288,351882,63.0,0.001,0.0025
1276,429.5678543302977,350599,64.0,0.001,0.0025
1277,429.56779226192356,349327,65.0,0.001,0.0025
1278,429.5678016611858,348053,66.0,0.001,0.0025
1279,429.56797585095956,346779,67.0,0.001,0.0025
1280,429.56799559907535,345502,68.0,0.001,0.0025
1281,429.5681137849473,344244,69.0,0.001,0.0025
1282,429.56800164508815,342980,70.0,0.001,0.0025
1283,429.5680408418534,341741,71.0,0.001,0.0025
1284,429.5680854798954,340495,72.0,0.001,0.0025
1285,429.56780020092003,339254,73.0,0.001,0.0025
1286,429.5678021313427,338001,74.0,0.001,0.0025
1287,429.5679118564395,336774,75.0,0.001,0.0025
1288,429.56790349229806,335535,76.0,0.001,0.0025
1289,429.56804579822654,334324,77.0,0.001,0.0025
1290,429.5678461400377,333102,78.0,0.001,0.0025
1291,429.56806691524633,331898,79.0,0.001,0.0025
1292,429.5680023453366,330673,80.0,0.001,0.0025
1293,429.56774670803935,329472,81.0,0.001,0.0025
1294,429.5679141610517,328261,82.0,0.001,0.0025
1295,429.567943448001,327075,83.0,0.001,0.0025
1296,429.56805910650786,325880,84.0,0.001,0.0025
1297,429.56776603329877,324707,85.0,0.001,0.0025
1298,429.56793891284656,323511,86.0,0.001,0.0025
1299,429.56788600382487,322337,87.0,0.001,0.0025
1300,429.56801218330406,321153,88.0,0.001,0.0025
1301,429.5678194033405,319992,89.0,0.001,0.0025
1302,429.56801848584763,318823,90.0,0.001,0.0025
1303,429.56772877947054,317678,91.0,0.001,0.0025
1304,429.56811856707463,316513,92.0,0.001,0.0025
1305,429.5681069846522,315366,93.0,0.001,0.0025
1306,429.5680970238695,314208,94.0,0.001,0.0025
1307,429.56787597912574,313073,95.0,0.001,0.0025
1308,429.56801036440396,311929,96.0,0.001,0.0025
1309,429.56776747606466,310809,97.0,0.001,0.0025
1310,429.56781163442326,309675,98.0,0.001,0.0025
1311,429.5679592052587,308555,99.0,0.001,0.0025
1312,429.56776389403996,307423,100.0,0.001,0.0025
1313,429.99747734749957,443016,0.0,0.005,0.0025
1314,429.56775592509143,443100,1.0,0.005,0.0025
1315,429.56793886004334,443981,2.0,0.005,0.0025
1316,429.5675044898763,444779,3.0,0.005,0.0025
1317,429.56771588339836,445525,4.0,0.005,0.0025
1318,429.56770590761295,446196,5.0,0.005,0.0025
1319,429.5678269904707,446788,6.0,0.005,0.0025
1320,429.56776940494035,447332,7.0,0.005,0.0025
1321,429.56752372449546,447817,8.0,0.005,0.0025
1322,429.5675384124759,448239,9.0,0.005,0.0025
1323,429.5677911971529,448596,10.0,0.005,0.0025
1324,429.567546972579,448912,11.0,0.005,0.0025
1325,429.5676387262166,449185,12.0,0.005,0.0025
1326,429.5675366379015,449414,13.0,0.005,0.0025
1327,429.56768150944185,449596,14.0,0.005,0.0025
1328,429.5677335973007,449741,15.0,0.005,0.0025
1329,429.5676024485177,449847,16.0,0.005,0.0025
1330,429.56763715729096,449931,17.0,0.005,0.0025
1331,429.5674932741931,449987,18.0,0.005,0.0025
1332,429.56750561674755,450013,19.0,0.005,0.0025
1333,429.5676926296003,450008,20.0,0.005,0.0025
1334,429.56767204021673,449981,21.0,0.005,0.0025
1335,429.56751140055826,449924,22.0,0.005,0.0025
1336,429.5676218535913,449838,23.0,0.005,0.0025
1337,429.5675984222352,449724,24.0,0.005,0.0025
1338,429.5675431080891,449596,25.0,0.005,0.0025
1339,429.56764577802437,449445,26.0,0.005,0.0025
1340,429.56768273588744,449270,27.0,0.005,0.0025
1341,429.5676200355113,449072,28.0,0.005,0.0025
1342,429.56759548881774,448862,29.0,0.005,0.0025
1343,429.5676248126083,448633,30.0,0.005,0.0025
1344,429.56772114878106,448385,31.0,0.005,0.0025
1345,429.5674975356547,448117,32.0,0.005,0.0025
1346,429.5675678117355,447839,33.0,0.005,0.0025
1347,429.56764573091493,447545,34.0,0.005,0.0025
1348,429.56748194813565,447234,35.0,0.005,0.0025
1349,429.56753479807435,446908,36.0,0.005,0.0025
1350,429.56750115868994,446574,37.0,0.005,0.0025
1351,429.56764504004684,446228,38.0,0.005,0.0025
1352,429.5677120171558,445869,39.0,0.005,0.0025
1353,429.5676896364216,445497,40.0,0.005,0.0025
1354,429.56758538582864,445112,41.0,0.005,0.0025
1355,429.56761434695125,444715,42.0,0.005,0.0025
1356,429.5675113559717,444305,43.0,0.005,0.0025
1357,429.56770940540923,443884,44.0,0.005,0.0025
1358,429.5676262410366,443455,45.0,0.005,0.0025
1359,429.56752334717794,443016,46.0,0.005,0.0025
1360,429.56758919663264,442568,47.0,0.005,0.0025
1361,429.56754877325926,442110,48.0,0.005,0.0025
1362,429.56760014624274,441643,49.0,0.005,0.0025
1363,429.56769525063584,441167,50.0,0.005,0.0025
1364,429.56761158847314,440681,51.0,0.005,0.0025
1365,429.56759362447724,440186,52.0,0.005,0.0025
1366,429.5676614101916,439686,53.0,0.005,0.0025
1367,429.5676317620654,439178,54.0,0.005,0.0025
1368,429.5676848596386,438662,55.0,0.005,0.0025
1369,429.56758254503444,438137,56.0,0.005,0.0025
1370,429.567604185189,437605,57.0,0.005,0.0025
1371,429.5676132408151,437067,58.0,0.005,0.0025
1372,429.56754490545893,436523,59.0,0.005,0.0025
1373,429.56762792378225,435974,60.0,0.005,0.0025
1374,429.5675864623172,435420,61.0,0.005,0.0025
1375,429.567632949788,434861,62.0,0.005,0.0025
1376,429.56753800971114,434295,63.0,0.005,0.0025
1377,429.5675308459103,433723,64.0,0.005,0.0025
1378,429.5675534479189,433145,65.0,0.005,0.0025
1379,429.567535971624,432562,66.0,0.005,0.0025
1380,429.5675834723278,431976,67.0,0.005,0.0025
1381,429.56750903750327,431386,68.0,0.005,0.0025
1382,429.56755812243597,430793,69.0,0.005,0.0025
1383,429.56767960616537,430196,70.0,0.005,0.0025
1384,429.5675523889956,429593,71.0,0.005,0.0025
1385,429.5676285112811,428986,72.0,0.005,0.0025
1386,429.5676351050903,428374,73.0,0.005,0.0025
1387,429.5674800613606,427759,74.0,0.005,0.0025
1388,429.567545769589,427143,75.0,0.005,0.0025
1389,429.5676363000013,426525,76.0,0.005,0.0025
1390,429.5675434657623,425903,77.0,0.005,0.0025
1391,429.567484526785,425277,78.0,0.005,0.0025
1392,429.56766740911786,424648,79.0,0.005,0.0025
1393,429.5675704128252,424014,80.0,0.005,0.0025
1394,429.56753124036237,423379,81.0,0.005,0.0025
1395,429.56752010615855,422743,82.0,0.005,0.0025
1396,429.56757255803825,422106,83.0,0.005,0.0025
1397,429.5675711711301,421467,84.0,0.005,0.0025
1398,429.56763459483574,420825,85.0,0.005,0.0025
1399,429.5675977703986,420178,86.0,0.005,0.0025
1400,429.5675805053468,419529,87.0,0.005,0.0025
1401,429.5676342783307,418880,88.0,0.005,0.0025
1402,429.5676037248377,418230,89.0,0.005,0.0025
1403,429.56758746804564,417579,90.0,0.005,0.0025
1404,429.56749280787176,416926,91.0,0.005,0.0025
1405,429.56765010365007,416272,92.0,0.005,0.0025
1406,429.567506658304,415614,93.0,0.005,0.0025
1407,429.56757724096667,414955,94.0,0.005,0.0025
1408,429.5675004352051,414295,95.0,0.005,0.0025
1409,429.56755264767395,413635,96.0,0.005,0.0025
1410,429.56764566682904,412974,97.0,0.005,0.0025
1411,429.56753727336553,412310,98.0,0.005,0.0025
1412,429.56760070905847,411645,99.0,0.005,0.0025
1413,429.56756266992574,410980,100.0,0.005,0.0025
