,total_counts,area,time,D (um^2/s),alpha (1/s)
0,429.9973425473455,443016,0.0,0.019,0.007
1,429.5678085636132,444991,0.5,0.019,0.007
2,429.5677176426206,447581,1.0,0.019,0.007
3,429.5675161912039,449917,1.5,0.019,0.007
4,429.567574448585,452026,2.0,0.019,0.007
5,429.5676284361941,453916,2.5,0.019,0.007
6,429.5673661666667,455610,3.0,0.019,0.007
7,429.56758579799526,457133,3.5,0.019,0.007
8,429.5673496471088,458522,4.0,0.019,0.007
9,429.5675667278802,459787,4.5,0.019,0.007
10,429.56758011872506,460930,5.0,0.019,0.007
11,429.56751550627257,461940,5.5,0.019,0.007
12,429.5674205454599,462868,6.0,0.019,0.007
13,429.5675499653533,463682,6.5,0.019,0.007
14,429.56758995372076,464424,7.0,0.019,0.007
15,429.56741890923456,465075,7.5,0.019,0.007
16,429.56751932599184,465652,8.0,0.019,0.007
17,429.56745104157716,466164,8.5,0.019,0.007
18,429.56758414103314,466620,9.0,0.019,0.007
19,429.56739726023255,467011,9.5,0.019,0.007
20,429.5674109905332,467347,10.0,0.019,0.007
21,429.5674266236576,467613,10.5,0.019,0.007
22,429.56756467491516,467836,11.0,0.019,0.007
23,429.56754766817477,468006,11.5,0.019,0.007
24,429.5674050843833,468118,12.0,0.019,0.007
25,429.5674182335773,468170,12.5,0.019,0.007
26,429.56744575153186,468193,13.0,0.019,0.007
27,429.5673671412105,468169,13.5,0.019,0.007
28,429.5673932577677,468100,14.0,0.019,0.007
29,429.56752238359655,467987,14.5,0.019,0.007
30,429.56741048641925,467849,15.0,0.019,0.007
31,429.5674102780507,467672,15.5,0.019,0.007
32,429.56746709884646,467456,16.0,0.019,0.007
33,429.5673717173305,467202,16.5,0.019,0.007
34,429.56748426930864,466930,17.0,0.019,0.007
35,429.5674354911172,466627,17.5,0.019,0.007
36,429.56742586432705,466294,18.0,0.019,0.007
37,429.56752356695057,465932,18.5,0.019,0.007
38,429.56738594141,465553,19.0,0.019,0.007
39,429.5675203285264,465151,19.5,0.019,0.007
40,429.56752570029886,464724,20.0,0.019,0.007
41,429.56747446101474,464273,20.5,0.019,0.007
42,429.56734708264383,463814,21.0,0.019,0.007
43,429.5674978540869,463339,21.5,0.019,0.007
44,429.56753584890316,462846,22.0,0.019,0.007
45,429.5674175538857,462335,22.5,0.019,0.007
46,429.5675027698353,461808,23.0,0.019,0.007
47,429.56737011900424,461263,23.5,0.019,0.007
48,429.567348355016,460702,24.0,0.019,0.007
49,429.5674993321771,460126,24.5,0.019,0.007
50,429.56748748969875,459546,25.0,0.019,0.007
51,429.5675064860913,458953,25.5,0.019,0.007
52,429.5675051873592,458347,26.0,0.019,0.007
53,429.5674287165645,457728,26.5,0.019,0.007
54,429.56744152483753,457097,27.0,0.019,0.007
55,429.56745547745203,456454,27.5,0.019,0.007
56,429.56743819146186,455799,28.0,0.019,0.007
57,429.56743429289537,455133,28.5,0.019,0.007
58,429.5673955299958,454468,29.0,0.019,0.007
59,429.5674678460835,453795,29.5,0.019,0.007
60,429.567438144963,453113,30.0,0.019,0.007
61,429.56745187046147,452423,30.5,0.019,0.007
62,429.567494193823,451725,31.0,0.019,0.007
63,429.56747672136004,451019,31.5,0.019,0.007
64,429.56746713109067,450306,32.0,0.019,0.007
65,429.5675054890835,449587,32.5,0.019,0.007
66,429.5675232476933,448868,33.0,0.019,0.007
67,429.5673549778279,448143,33.5,0.019,0.007
68,429.5675165146803,447415,34.0,0.019,0.007
69,429.56744801900993,446681,34.5,0.019,0.007
70,429.56748358587254,445943,35.0,0.019,0.007
71,429.5674426547863,445200,35.5,0.019,0.007
72,429.56748888580336,444453,36.0,0.019,0.007
73,429.5674532699012,443702,36.5,0.019,0.007
74,429.5673863557474,442950,37.0,0.019,0.007
75,429.56742395006233,442196,37.5,0.019,0.007
76,429.56736259537564,441439,38.0,0.019,0.007
77,429.56737945237603,440680,38.5,0.019,0.007
78,429.5674313394616,439919,39.0,0.019,0.007
79,429.5675185636226,439156,39.5,0.019,0.007
80,429.5674718492542,438390,40.0,0.019,0.007
81,429.9975398980233,443016,0.0,0.011,0.007
82,429.5678984696318,442526,0.5,0.011,0.007
83,429.56756249038966,442813,1.0,0.011,0.007
84,429.56783937995397,443034,1.5,0.011,0.007
85,429.56775539444084,443168,2.0,0.011,0.007
86,429.56762475462807,443217,2.5,0.011,0.007
87,429.56766401356634,443191,3.0,0.011,0.007
88,429.5678639688551,443094,3.5,0.011,0.007
89,429.5678588123703,442931,4.0,0.011,0.007
90,429.5678603417829,442702,4.5,0.011,0.007
91,429.5677852470866,442418,5.0,0.011,0.007
92,429.5676189900603,442078,5.5,0.011,0.007
93,429.56774871478353,441693,6.0,0.011,0.007
94,429.5677853282598,441260,6.5,0.011,0.007
95,429.5676043598656,440787,7.0,0.011,0.007
96,429.56760410569217,440273,7.5,0.011,0.007
97,429.5676108725648,439728,8.0,0.011,0.007
98,429.56774696038883,439149,8.5,0.011,0.007
99,429.5676577675898,438540,9.0,0.011,0.007
100,429.5677399421349,437905,9.5,0.011,0.007
101,429.5675875350781,437245,10.0,0.011,0.007
102,429.5677809791229,436557,10.5,0.011,0.007
103,429.56754468561763,435839,11.0,0.011,0.007
104,429.56768634822186,435096,11.5,0.011,0.007
105,429.56761345598983,434334,12.0,0.011,0.007
106,429.5676180840829,433558,12.5,0.011,0.007
107,429.5677143460696,432763,13.0,0.011,0.007
108,429.5676049466452,431946,13.5,0.011,0.007
109,429.5677281217409,431109,14.0,0.011,0.007
110,429.5676516840632,430258,14.5,0.011,0.007
111,429.5676245785912,429399,15.0,0.011,0.007
112,429.56760612170393,428524,15.5,0.011,0.007
113,429.56775808392194,427631,16.0,0.011,0.007
114,429.5677750752417,426724,16.5,0.011,0.007
115,429.5676288921045,425813,17.0,0.011,0.007
116,429.5677576185844,424891,17.5,0.011,0.007
117,429.5677481896012,423952,18.0,0.011,0.007
118,429.56764184065474,423002,18.5,0.011,0.007
119,429.5677287279946,422052,19.0,0.011,0.007
120,429.56769707890663,421088,19.5,0.011,0.007
121,429.567554865513,420107,20.0,0.011,0.007
122,429.5676208784772,419120,20.5,0.011,0.007
123,429.56774458478003,418131,21.0,0.011,0.007
124,429.567748025239,417131,21.5,0.011,0.007
125,429.5676752767965,416120,22.0,0.011,0.007
126,429.56773824591886,415111,22.5,0.011,0.007
127,429.56775520718924,414099,23.0,0.011,0.007
128,429.5675623693707,413066,23.5,0.011,0.007
129,429.5677446077209,412031,24.0,0.011,0.007
130,429.56768458607036,410996,24.5,0.011,0.007
131,429.5676569942771,409954,25.0,0.011,0.007
132,429.5676774243263,408907,25.5,0.011,0.007
133,429.5676158012555,407865,26.0,0.011,0.007
134,429.56775658663634,406823,26.5,0.011,0.007
135,429.5677691677814,405771,27.0,0.011,0.007
136,429.5675883179855,404710,27.5,0.011,0.007
137,429.5675953202809,403649,28.0,0.011,0.007
138,429.5676337423668,402581,28.5,0.011,0.007
139,429.5676913212347,401516,29.0,0.011,0.007
140,429.5676348128322,400454,29.5,0.011,0.007
141,429.56771335215825,399389,30.0,0.011,0.007
142,429.56766862120605,398327,30.5,0.011,0.007
143,429.56757654889157,397262,31.0,0.011,0.007
144,429.5676797904844,396186,31.5,0.011,0.007
145,429.5675935725136,395108,32.0,0.011,0.007
146,429.56764548497733,394036,32.5,0.011,0.007
147,429.56762667942496,392962,33.0,0.011,0.007
148,429.56757516307357,391888,33.5,0.011,0.007
149,429.56758005891544,390822,34.0,0.011,0.007
150,429.56761027151293,389758,34.5,0.011,0.007
151,429.56770943496514,388681,35.0,0.011,0.007
152,429.5676698565629,387606,35.5,0.011,0.007
153,429.56766465332237,386531,36.0,0.011,0.007
154,429.5675610479503,385454,36.5,0.011,0.007
155,429.5676956319886,384385,37.0,0.011,0.007
156,429.5677030197036,383318,37.5,0.011,0.007
157,429.56765392816635,382251,38.0,0.011,0.007
158,429.5677158577973,381192,38.5,0.011,0.007
159,429.5677514996022,380122,39.0,0.011,0.007
160,429.5676280267819,379049,39.5,0.011,0.007
161,429.5677341750154,377983,40.0,0.011,0.007
162,429.99763857398113,443016,0.0,0.007,0.007
163,429.5677240048411,441296,0.5,0.007,0.007
164,429.56791996652356,440375,1.0,0.007,0.007
165,429.56802170670244,439443,1.5,0.007,0.007
166,429.5679917811573,438491,2.0,0.007,0.007
167,429.5680149453877,437502,2.5,0.007,0.007
168,429.56791938010707,436492,3.0,0.007,0.007
169,429.5679974368269,435467,3.5,0.007,0.007
170,429.56767186725335,434394,4.0,0.007,0.007
171,429.56776534718864,433305,4.5,0.007,0.007
172,429.56764967603374,432199,5.0,0.007,0.007
173,429.5677738061692,431052,5.5,0.007,0.007
174,429.567648510621,429912,6.0,0.007,0.007
175,429.56764174107593,428740,6.5,0.007,0.007
176,429.5678329041312,427546,7.0,0.007,0.007
177,429.567909753509,426357,7.5,0.007,0.007
178,429.56792464509005,425129,8.0,0.007,0.007
179,429.56795374332404,423909,8.5,0.007,0.007
180,429.5677290621802,422666,9.0,0.007,0.007
181,429.5678577504188,421409,9.5,0.007,0.007
182,429.56796481351887,420156,10.0,0.007,0.007
183,429.567798459439,418871,10.5,0.007,0.007
184,429.5679181912995,417601,11.0,0.007,0.007
185,429.5679334584012,416301,11.5,0.007,0.007
186,429.5678071601157,414998,12.0,0.007,0.007
187,429.5677495693424,413679,12.5,0.007,0.007
188,429.5677428455106,412357,13.0,0.007,0.007
189,429.56772779011703,411036,13.5,0.007,0.007
190,429.5677830876191,409699,14.0,0.007,0.007
191,429.5679322893906,408360,14.5,0.007,0.007
192,429.5677440180399,407005,15.0,0.007,0.007
193,429.5677957257397,405668,15.5,0.007,0.007
194,429.56790801060845,404320,16.0,0.007,0.007
195,429.56778268618405,402985,16.5,0.007,0.007
196,429.5678136622607,401617,17.0,0.007,0.007
197,429.56766409134144,400264,17.5,0.007,0.007
198,429.56769646547326,398902,18.0,0.007,0.007
199,429.56765625260937,397557,18.5,0.007,0.007
200,429.56765108629054,396206,19.0,0.007,0.007
201,429.5678583508341,394844,19.5,0.007,0.007
202,429.56764172650685,393479,20.0,0.007,0.007
203,429.56789456580555,392121,20.5,0.007,0.007
204,429.5678080974832,390769,21.0,0.007,0.007
205,429.56770784071,389420,21.5,0.007,0.007
206,429.5677817214556,388060,22.0,0.007,0.007
207,429.56779020656217,386696,22.5,0.007,0.007
208,429.56779082794304,385344,23.0,0.007,0.007
209,429.56787491022186,383990,23.5,0.007,0.007
210,429.5678378911555,382654,24.0,0.007,0.007
211,429.56784258733296,381292,24.5,0.007,0.007
212,429.5676891744272,379944,25.0,0.007,0.007
213,429.56789105377555,378590,25.5,0.007,0.007
214,429.5679075331339,377254,26.0,0.007,0.007
215,429.56764545097275,375913,26.5,0.007,0.007
216,429.56785138350375,374576,27.0,0.007,0.007
217,429.56770870668163,373227,27.5,0.007,0.007
218,429.567712974226,371895,28.0,0.007,0.007
219,429.567903302353,370559,28.5,0.007,0.007
220,429.56771701220356,369240,29.0,0.007,0.007
221,429.56779737253584,367907,29.5,0.007,0.007
222,429.5678236231923,366582,30.0,0.007,0.007
223,429.56790860607344,365255,30.5,0.007,0.007
224,429.56790288233145,363940,31.0,0.007,0.007
225,429.56775791427725,362628,31.5,0.007,0.007
226,429.5677653591188,361317,32.0,0.007,0.007
227,429.56783052863136,360004,32.5,0.007,0.007
228,429.56775101447386,358695,33.0,0.007,0.007
229,429.5678510177726,357395,33.5,0.007,0.007
230,429.5676546286277,356098,34.0,0.007,0.007
231,429.5678552004059,354808,34.5,0.007,0.007
232,429.56781238089695,353509,35.0,0.007,0.007
233,429.5677041796306,352222,35.5,0.007,0.007
234,429.5677428490186,350934,36.0,0.007,0.007
235,429.5678279097818,349662,36.5,0.007,0.007
236,429.567659187531,348381,37.0,0.007,0.007
237,429.56774382286596,347103,37.5,0.007,0.007
238,429.5678374795357,345819,38.0,0.007,0.007
239,429.5676816553238,344547,38.5,0.007,0.007
240,429.56764125943295,343272,39.0,0.007,0.007
241,429.56767620888473,342011,39.5,0.007,0.007
242,429.5676867960631,340750,40.0,0.007,0.007
243,429.997243872641,443016,0.0,0.023,0.007
244,429.567442685076,446219,0.5,0.023,0.007
245,429.56727973005167,449901,1.0,0.023,0.007
246,429.56743519489373,453244,1.5,0.023,0.007
247,429.56728822117975,456247,2.0,0.023,0.007
248,429.5674935052945,458952,2.5,0.023,0.007
249,429.5674214549816,461426,3.0,0.023,0.007
250,429.56730680023793,463698,3.5,0.023,0.007
251,429.5673808661562,465794,4.0,0.023,0.007
252,429.56751998645444,467700,4.5,0.023,0.007
253,429.56731142172424,469459,5.0,0.023,0.007
254,429.56743759153085,471077,5.5,0.023,0.007
255,429.56742591312803,472555,6.0,0.023,0.007
256,429.5674169511648,473918,6.5,0.023,0.007
257,429.5673566449801,475183,7.0,0.023,0.007
258,429.5673427390534,476354,7.5,0.023,0.007
259,429.567436249487,477415,8.0,0.023,0.007
260,429.56730675461773,478386,8.5,0.023,0.007
261,429.56740763158103,479268,9.0,0.023,0.007
262,429.56742717457183,480062,9.5,0.023,0.007
263,429.56740442813356,480747,10.0,0.023,0.007
264,429.56735142694794,481386,10.5,0.023,0.007
265,429.5673338364745,481932,11.0,0.023,0.007
266,429.5673708197766,482402,11.5,0.023,0.007
267,429.567267030027,482814,12.0,0.023,0.007
268,429.56742471221236,483160,12.5,0.023,0.007
269,429.5673546936408,483442,13.0,0.023,0.007
270,429.56737108914257,483667,13.5,0.023,0.007
271,429.56734380378936,483841,14.0,0.023,0.007
272,429.56730358298023,483963,14.5,0.023,0.007
273,429.56740897600866,484036,15.0,0.023,0.007
274,429.5674315828265,484067,15.5,0.023,0.007
275,429.5673986720737,484052,16.0,0.023,0.007
276,429.56729046651304,483998,16.5,0.023,0.007
277,429.56739979219674,483925,17.0,0.023,0.007
278,429.5672965019605,483815,17.5,0.023,0.007
279,429.5672541631983,483671,18.0,0.023,0.007
280,429.5673578529167,483495,18.5,0.023,0.007
281,429.56731148400354,483286,19.0,0.023,0.007
282,429.5673156071187,483045,19.5,0.023,0.007
283,429.56725328151526,482790,20.0,0.023,0.007
284,429.5672714708027,482512,20.5,0.023,0.007
285,429.56728039274054,482207,21.0,0.023,0.007
286,429.56734743401216,481876,21.5,0.023,0.007
287,429.5673858739097,481519,22.0,0.023,0.007
288,429.56735665783276,481136,22.5,0.023,0.007
289,429.56736805361066,480737,23.0,0.023,0.007
290,429.56728296538745,480333,23.5,0.023,0.007
291,429.56739132740836,479912,24.0,0.023,0.007
292,429.5672995697905,479472,24.5,0.023,0.007
293,429.5673591787508,479015,25.0,0.023,0.007
294,429.5673576340219,478540,25.5,0.023,0.007
295,429.5672742396565,478047,26.0,0.023,0.007
296,429.5673582999099,477555,26.5,0.023,0.007
297,429.5673266978944,477051,27.0,0.023,0.007
298,429.56732854961297,476535,27.5,0.023,0.007
299,429.56735304867556,476007,28.0,0.023,0.007
300,429.5673582395361,475467,28.5,0.023,0.007
301,429.5673282694351,474915,29.0,0.023,0.007
302,429.56729092394056,474357,29.5,0.023,0.007
303,429.5673379081374,473796,30.0,0.023,0.007
304,429.5674242694065,473227,30.5,0.023,0.007
305,429.56733562353514,472649,31.0,0.023,0.007
306,429.56741464866946,472064,31.5,0.023,0.007
307,429.5672791320588,471470,32.0,0.023,0.007
308,429.56737235474094,470870,32.5,0.023,0.007
309,429.56737230132984,470269,33.0,0.023,0.007
310,429.56726848239725,469662,33.5,0.023,0.007
311,429.56740423640855,469051,34.0,0.023,0.007
312,429.56738767680804,468434,34.5,0.023,0.007
313,429.56737797640045,467812,35.0,0.023,0.007
314,429.56735855771313,467185,35.5,0.023,0.007
315,429.56732702570264,466556,36.0,0.023,0.007
316,429.5673051810837,465925,36.5,0.023,0.007
317,429.5673411496058,465291,37.0,0.023,0.007
318,429.5674051735982,464654,37.5,0.023,0.007
319,429.56730581759444,464013,38.0,0.023,0.007
320,429.56737384349896,463370,38.5,0.023,0.007
321,429.5674159013389,462724,39.0,0.023,0.007
322,429.5673954806037,462075,39.5,0.023,0.007
323,429.5674218751749,461425,40.0,0.023,0.007
324,429.9975892359514,443016,0.0,0.009,0.007
325,429.56789816046825,441916,0.5,0.009,0.007
326,429.56802456112825,441608,1.0,0.009,0.007
327,429.56801373120663,441254,1.5,0.009,0.007
328,429.5676603122478,440849,2.0,0.009,0.007
329,429.5676787546213,440393,2.5,0.009,0.007
330,429.5675953539132,439884,3.0,0.009,0.007
331,429.5677099351347,439324,3.5,0.009,0.007
332,429.5677379001077,438723,4.0,0.009,0.007
333,429.5676977527683,438086,4.5,0.009,0.007
334,429.56785285055645,437407,5.0,0.009,0.007
335,429.5679193064686,436686,5.5,0.009,0.007
336,429.56775751706755,435925,6.0,0.009,0.007
337,429.5678397644225,435133,6.5,0.009,0.007
338,429.5678706634944,434324,7.0,0.009,0.007
339,429.56766002173873,433482,7.5,0.009,0.007
340,429.56771066039454,432609,8.0,0.009,0.007
341,429.5676367863999,431710,8.5,0.009,0.007
342,429.5678702832969,430803,9.0,0.009,0.007
343,429.5678932340235,429871,9.5,0.009,0.007
344,429.56782077841495,428910,10.0,0.009,0.007
345,429.56759854437126,427938,10.5,0.009,0.007
346,429.56769261611225,426955,11.0,0.009,0.007
347,429.5678656436782,425945,11.5,0.009,0.007
348,429.5676327363249,424916,12.0,0.009,0.007
349,429.5676600125725,423887,12.5,0.009,0.007
350,429.5675924821431,422839,13.0,0.009,0.007
351,429.5677490907682,421770,13.5,0.009,0.007
352,429.56784044344744,420701,14.0,0.009,0.007
353,429.5678706678234,419616,14.5,0.009,0.007
354,429.56771442712903,418518,15.0,0.009,0.007
355,429.5676853100195,417429,15.5,0.009,0.007
356,429.56778016939677,416316,16.0,0.009,0.007
357,429.56777191563424,415190,16.5,0.009,0.007
358,429.5677378451127,414070,17.0,0.009,0.007
359,429.56768539400053,412938,17.5,0.009,0.007
360,429.56784243771165,411806,18.0,0.009,0.007
361,429.5677014378885,410664,18.5,0.009,0.007
362,429.5677678667638,409508,19.0,0.009,0.007
363,429.5678142418623,408356,19.5,0.009,0.007
364,429.567638848333,407204,20.0,0.009,0.007
365,429.56768634313465,406043,20.5,0.009,0.007
366,429.5676191667832,404879,21.0,0.009,0.007
367,429.56759791150097,403708,21.5,0.009,0.007
368,429.56772542353133,402533,22.0,0.009,0.007
369,429.5676052239276,401367,22.5,0.009,0.007
370,429.5678113067625,400192,23.0,0.009,0.007
371,429.56775489094946,399011,23.5,0.009,0.007
372,429.5676482864007,397831,24.0,0.009,0.007
373,429.5677170578763,396644,24.5,0.009,0.007
374,429.56784190342466,395469,25.0,0.009,0.007
375,429.56775355843547,394286,25.5,0.009,0.007
376,429.56764962908704,393095,26.0,0.009,0.007
377,429.5676365675506,391911,26.5,0.009,0.007
378,429.56773037459743,390720,27.0,0.009,0.007
379,429.5676833307719,389539,27.5,0.009,0.007
380,429.56766432145275,388354,28.0,0.009,0.007
381,429.5677925716288,387161,28.5,0.009,0.007
382,429.56767394933973,385976,29.0,0.009,0.007
383,429.5677923905948,384786,29.5,0.009,0.007
384,429.56760630670215,383604,30.0,0.009,0.007
385,429.56766579701605,382418,30.5,0.009,0.007
386,429.5678152457518,381221,31.0,0.009,0.007
387,429.567718042469,380031,31.5,0.009,0.007
388,429.5677153751443,378835,32.0,0.009,0.007
389,429.5677033971303,377645,32.5,0.009,0.007
390,429.56774366245764,376459,33.0,0.009,0.007
391,429.5677470504589,375271,33.5,0.009,0.007
392,429.5677138514606,374095,34.0,0.009,0.007
393,429.56783386105093,372908,34.5,0.009,0.007
394,429.567798291658,371719,35.0,0.009,0.007
395,429.5677103371606,370534,35.5,0.009,0.007
396,429.56764630642175,369347,36.0,0.009,0.007
397,429.56774861141446,368172,36.5,0.009,0.007
398,429.5677409535293,366996,37.0,0.009,0.007
399,429.5677290794371,365829,37.5,0.009,0.007
400,429.56773811143,364671,38.0,0.009,0.007
401,429.5676365472564,363501,38.5,0.009,0.007
402,429.5678230290501,362333,39.0,0.009,0.007
403,429.56761205528124,361162,39.5,0.009,0.007
404,429.56759418143207,359998,40.0,0.009,0.007
405,429.9971945354504,443016,0.0,0.025,0.007
406,429.56759031089604,446826,0.5,0.025,0.007
407,429.56729437029543,451054,1.0,0.025,0.007
408,429.56731217902137,454862,1.5,0.025,0.007
409,429.56740875219305,458306,2.0,0.025,0.007
410,429.5672460586353,461403,2.5,0.025,0.007
411,429.5672673974847,464270,3.0,0.025,0.007
412,429.56729196593903,466905,3.5,0.025,0.007
413,429.56735266149263,469309,4.0,0.025,0.007
414,429.56727983299385,471534,4.5,0.025,0.007
415,429.56732279904503,473583,5.0,0.025,0.007
416,429.5673308235132,475472,5.5,0.025,0.007
417,429.5674250009706,477221,6.0,0.025,0.007
418,429.56732409674345,478847,6.5,0.025,0.007
419,429.567371420648,480362,7.0,0.025,0.007
420,429.56732461090036,481746,7.5,0.025,0.007
421,429.5672128519138,483022,8.0,0.025,0.007
422,429.5672518314601,484181,8.5,0.025,0.007
423,429.56724079088207,485223,9.0,0.025,0.007
424,429.56739826823656,486177,9.5,0.025,0.007
425,429.56732833924724,487035,10.0,0.025,0.007
426,429.5672793791742,487784,10.5,0.025,0.007
427,429.5673497527474,488469,11.0,0.025,0.007
428,429.56734972830907,489065,11.5,0.025,0.007
429,429.56722262107525,489576,12.0,0.025,0.007
430,429.56720883324425,490026,12.5,0.025,0.007
431,429.5673876301966,490411,13.0,0.025,0.007
432,429.5673877601031,490720,13.5,0.025,0.007
433,429.5672950004894,490997,14.0,0.025,0.007
434,429.56723973756016,491224,14.5,0.025,0.007
435,429.5672330767935,491393,15.0,0.025,0.007
436,429.56737259307505,491512,15.5,0.025,0.007
437,429.5673413420708,491580,16.0,0.025,0.007
438,429.5673521040019,491602,16.5,0.025,0.007
439,429.56736590614247,491600,17.0,0.025,0.007
440,429.5673722255942,491558,17.5,0.025,0.007
441,429.5672425632711,491475,18.0,0.025,0.007
442,429.56730589056343,491349,18.5,0.025,0.007
443,429.56725576402044,491180,19.0,0.025,0.007
444,429.56723945607064,490988,19.5,0.025,0.007
445,429.56727653613984,490785,20.0,0.025,0.007
446,429.56733200379495,490554,20.5,0.025,0.007
447,429.5672392563743,490293,21.0,0.025,0.007
448,429.56729171558015,490003,21.5,0.025,0.007
449,429.5673366520617,489684,22.0,0.025,0.007
450,429.5672796720781,489353,22.5,0.025,0.007
451,429.56722399424024,489011,23.0,0.025,0.007
452,429.56726678866977,488650,23.5,0.025,0.007
453,429.56719863124493,488269,24.0,0.025,0.007
454,429.567377229299,487870,24.5,0.025,0.007
455,429.5672417312724,487450,25.0,0.025,0.007
456,429.5672507830112,487026,25.5,0.025,0.007
457,429.5673216265095,486592,26.0,0.025,0.007
458,429.56735540432976,486144,26.5,0.025,0.007
459,429.567299682308,485682,27.0,0.025,0.007
460,429.56729924966965,485207,27.5,0.025,0.007
461,429.5673356489084,484719,28.0,0.025,0.007
462,429.5672812118263,484229,28.5,0.025,0.007
463,429.5673456096697,483731,29.0,0.025,0.007
464,429.56728132273037,483223,29.5,0.025,0.007
465,429.56724673466715,482706,30.0,0.025,0.007
466,429.56722021884053,482180,30.5,0.025,0.007
467,429.5672194932272,481646,31.0,0.025,0.007
468,429.5673754912558,481113,31.5,0.025,0.007
469,429.5673513373496,480573,32.0,0.025,0.007
470,429.5673235464768,480027,32.5,0.025,0.007
471,429.567264572105,479475,33.0,0.025,0.007
472,429.56733256729535,478918,33.5,0.025,0.007
473,429.5673318067296,478355,34.0,0.025,0.007
474,429.56723922033484,477786,34.5,0.025,0.007
475,429.56732404214597,477213,35.0,0.025,0.007
476,429.56721559399347,476639,35.5,0.025,0.007
477,429.5672758203938,476062,36.0,0.025,0.007
478,429.5673055064685,475481,36.5,0.025,0.007
479,429.56729653699057,474896,37.0,0.025,0.007
480,429.5672265534634,474307,37.5,0.025,0.007
481,429.5672494293832,473715,38.0,0.025,0.007
482,429.567332945122,473120,38.5,0.025,0.007
483,429.5672294929615,472521,39.0,0.025,0.007
484,429.56721093670495,471923,39.5,0.025,0.007
485,429.5672290940812,471323,40.0,0.025,0.007
486,429.99778658856695,443016,0.0,0.001,0.007
487,429.56795487454224,439422,0.5,0.001,0.007
488,429.5681721827145,436671,1.0,0.001,0.007
489,429.5680785457395,433938,1.5,0.001,0.007
490,429.56784969709815,431223,2.0,0.001,0.007
491,429.56782005585524,428525,2.5,0.001,0.007
492,429.5679983738874,425847,3.0,0.001,0.007
493,429.5679535026499,423186,3.5,0.001,0.007
494,429.56819069780937,420544,4.0,0.001,0.007
495,429.5680465027422,417920,4.5,0.001,0.007
496,429.56794512142505,415312,5.0,0.001,0.007
497,429.5683001039385,412724,5.5,0.001,0.007
498,429.5679166468149,410151,6.0,0.001,0.007
499,429.56795340639314,407596,6.5,0.001,0.007
500,429.56786548494676,405059,7.0,0.001,0.007
501,429.5678702469868,402537,7.5,0.001,0.007
502,429.5682809672389,400034,8.0,0.001,0.007
503,429.56803958132434,397546,8.5,0.001,0.007
504,429.5680000910646,395074,9.0,0.001,0.007
505,429.56803234501285,392620,9.5,0.001,0.007
506,429.5679994910692,390180,10.0,0.001,0.007
507,429.56794862762547,387757,10.5,0.001,0.007
508,429.5682958433075,385351,11.0,0.001,0.007
509,429.56811719436786,382958,11.5,0.001,0.007
510,429.56830063708617,380583,12.0,0.001,0.007
511,429.56807832946333,378221,12.5,0.001,0.007
512,429.5680793978713,375875,13.0,0.001,0.007
513,429.5681007698672,373546,13.5,0.001,0.007
514,429.5679895159719,371232,14.0,0.001,0.007
515,429.5680023598423,368939,14.5,0.001,0.007
516,429.56786593858686,366660,15.0,0.001,0.007
517,429.5681559243964,364396,15.5,0.001,0.007
518,429.56816508145226,362148,16.0,0.001,0.007
519,429.5682449503117,359911,16.5,0.001,0.007
520,429.5682930497483,357690,17.0,0.001,0.007
521,429.56801106006577,355482,17.5,0.001,0.007
522,429.5680130035393,353287,18.0,0.001,0.007
523,429.56819106421085,351108,18.5,0.001,0.007
524,429.56806746468044,348939,19.0,0.001,0.007
525,429.5682543493838,346785,19.5,0.001,0.007
526,429.56802572975727,344646,20.0,0.001,0.007
527,429.56829359854663,342527,20.5,0.001,0.007
528,429.56826045863266,340425,21.0,0.001,0.007
529,429.568029107054,338333,21.5,0.001,0.007
530,429.567899364197,336254,22.0,0.001,0.007
531,429.56808326300495,334189,22.5,0.001,0.007
532,429.5681251067662,332133,23.0,0.001,0.007
533,429.5682300157355,330091,23.5,0.001,0.007
534,429.56810579432107,328059,24.0,0.001,0.007
535,429.56821089331174,326043,24.5,0.001,0.007
536,429.56822495690676,324051,25.0,0.001,0.007
537,429.56796522297395,322067,25.5,0.001,0.007
538,429.56830608900293,320097,26.0,0.001,0.007
539,429.5680271544615,318136,26.5,0.001,0.007
540,429.5680692833001,316185,27.0,0.001,0.007
541,429.5683128087497,314247,27.5,0.001,0.007
542,429.5680099634935,312318,28.0,0.001,0.007
543,429.5682757246129,310415,28.5,0.001,0.007
544,429.56791085692305,308523,29.0,0.001,0.007
545,429.5682607208276,306640,29.5,0.001,0.007
546,429.56828839654526,304768,30.0,0.001,0.007
547,429.5679264990057,302902,30.5,0.001,0.007
548,429.56809186898397,301048,31.0,0.001,0.007
549,429.567901168593,299217,31.5,0.001,0.007
550,429.56784778258293,297398,32.0,0.001,0.007
551,429.5681084468204,295590,32.5,0.001,0.007
552,429.56809320436236,293788,33.0,0.001,0.007
553,429.56805623142026,291994,33.5,0.001,0.007
554,429.5679349342774,290214,34.0,0.001,0.007
555,429.56824142892265,288456,34.5,0.001,0.007
556,429.5682969073545,286708,35.0,0.001,0.007
557,429.56820170103316,284966,35.5,0.001,0.007
558,429.56792306887326,283230,36.0,0.001,0.007
559,429.56834173017626,281507,36.5,0.001,0.007
560,429.5680285906835,279804,37.0,0.001,0.007
561,429.56815770425777,278113,37.5,0.001,0.007
562,429.5682901205493,276428,38.0,0.001,0.007
563,429.5680136339215,274747,38.5,0.001,0.007
564,429.568069530476,273080,39.0,0.001,0.007
565,429.5677892018229,271434,39.5,0.001,0.007
566,429.56782835906836,269796,40.0,0.001,0.007
567,429.9973918848576,443016,0.0,0.017,0.007
568,429.56750695876553,444386,0.5,0.017,0.007
569,429.56780621743604,446418,1.0,0.017,0.007
570,429.56754836098764,448240,1.5,0.017,0.007
571,429.56744341195696,449866,2.0,0.017,0.007
572,429.5674014634104,451328,2.5,0.017,0.007
573,429.5674457138176,452618,3.0,0.017,0.007
574,429.56754206650743,453746,3.5,0.017,0.007
575,429.5676182831958,454768,4.0,0.017,0.007
576,429.56759378970173,455675,4.5,0.017,0.007
577,429.5674481314646,456485,5.0,0.017,0.007
578,429.5676214556119,457199,5.5,0.017,0.007
579,429.5674076609539,457815,6.0,0.017,0.007
580,429.5676551522874,458353,6.5,0.017,0.007
581,429.5674512295604,458805,7.0,0.017,0.007
582,429.5675771605715,459190,7.5,0.017,0.007
583,429.56740779951326,459518,8.0,0.017,0.007
584,429.567464468223,459769,8.5,0.017,0.007
585,429.56764337970867,459971,9.0,0.017,0.007
586,429.5675032595885,460118,9.5,0.017,0.007
587,429.56759791744275,460227,10.0,0.017,0.007
588,429.56754340548827,460290,10.5,0.017,0.007
589,429.5674103574718,460303,11.0,0.017,0.007
590,429.5674072237408,460268,11.5,0.017,0.007
591,429.56742127340726,460190,12.0,0.017,0.007
592,429.5674499398234,460086,12.5,0.017,0.007
593,429.56742380676127,459941,13.0,0.017,0.007
594,429.5675105568693,459753,13.5,0.017,0.007
595,429.5674704584391,459521,14.0,0.017,0.007
596,429.56756079121334,459262,14.5,0.017,0.007
597,429.5675583493698,458977,15.0,0.017,0.007
598,429.56745080955716,458658,15.5,0.017,0.007
599,429.567425650702,458306,16.0,0.017,0.007
600,429.5675488888537,457922,16.5,0.017,0.007
601,429.56760065322527,457524,17.0,0.017,0.007
602,429.5674467151835,457099,17.5,0.017,0.007
603,429.5674783447489,456649,18.0,0.017,0.007
604,429.5674462297076,456173,18.5,0.017,0.007
605,429.567410302644,455677,19.0,0.017,0.007
606,429.56759851138986,455167,19.5,0.017,0.007
607,429.56742882691873,454635,20.0,0.017,0.007
608,429.56749173414283,454084,20.5,0.017,0.007
609,429.5675283638784,453513,21.0,0.017,0.007
610,429.5675248084458,452930,21.5,0.017,0.007
611,429.56755312850044,452332,22.0,0.017,0.007
612,429.5675828592669,451718,22.5,0.017,0.007
613,429.56756414364645,451088,23.0,0.017,0.007
614,429.5674069022573,450444,23.5,0.017,0.007
615,429.5674225501007,449794,24.0,0.017,0.007
616,429.56750302801197,449133,24.5,0.017,0.007
617,429.56757060561364,448461,25.0,0.017,0.007
618,429.5674068249903,447777,25.5,0.017,0.007
619,429.56755696411824,447084,26.0,0.017,0.007
620,429.5673952275224,446379,26.5,0.017,0.007
621,429.5674862359795,445665,27.0,0.017,0.007
622,429.5675699705804,444942,27.5,0.017,0.007
623,429.56745275584973,444212,28.0,0.017,0.007
624,429.56750206338376,443474,28.5,0.017,0.007
625,429.56745844365054,442728,29.0,0.017,0.007
626,429.56740107993505,441975,29.5,0.017,0.007
627,429.56751135252586,441216,30.0,0.017,0.007
628,429.5675329615661,440450,30.5,0.017,0.007
629,429.5674646309263,439677,31.0,0.017,0.007
630,429.5675348765244,438899,31.5,0.017,0.007
631,429.56746097429345,438116,32.0,0.017,0.007
632,429.5674933131737,437328,32.5,0.017,0.007
633,429.5675353881141,436536,33.0,0.017,0.007
634,429.5675545482414,435740,33.5,0.017,0.007
635,429.56752900727327,434940,34.0,0.017,0.007
636,429.56744998755534,434136,34.5,0.017,0.007
637,429.5675390673834,433329,35.0,0.017,0.007
638,429.56748321379087,432517,35.5,0.017,0.007
639,429.56743086430055,431702,36.0,0.017,0.007
640,429.5674083666633,430885,36.5,0.017,0.007
641,429.56756494968334,430067,37.0,0.017,0.007
642,429.5675499272135,429246,37.5,0.017,0.007
643,429.567555717127,428423,38.0,0.017,0.007
644,429.56746674843146,427597,38.5,0.017,0.007
645,429.56752350244636,426770,39.0,0.017,0.007
646,429.56756193121885,425942,39.5,0.017,0.007
647,429.56746228915443,425111,40.0,0.017,0.007
648,429.9977372503363,443016,0.0,0.003,0.007
649,429.567865027421,440037,0.5,0.003,0.007
650,429.5681122094016,437905,1.0,0.003,0.007
651,429.56801919188007,435787,1.5,0.003,0.007
652,429.5682257807405,433673,2.0,0.003,0.007
653,429.5678841691817,431550,2.5,0.003,0.007
654,429.5682067162881,429436,3.0,0.003,0.007
655,429.5681477383582,427347,3.5,0.003,0.007
656,429.56786542938625,425260,4.0,0.003,0.007
657,429.5681540184742,423188,4.5,0.003,0.007
658,429.56798891107826,421102,5.0,0.003,0.007
659,429.5677887477891,419041,5.5,0.003,0.007
660,429.5680804947373,417000,6.0,0.003,0.007
661,429.56804014513745,414953,6.5,0.003,0.007
662,429.5679183672644,412918,7.0,0.003,0.007
663,429.56783536882534,410878,7.5,0.003,0.007
664,429.5681499951476,408870,8.0,0.003,0.007
665,429.5677492298139,406866,8.5,0.003,0.007
666,429.5681620510141,404857,9.0,0.003,0.007
667,429.56807226762567,402858,9.5,0.003,0.007
668,429.56800821050695,400878,10.0,0.003,0.007
669,429.5681314676648,398905,10.5,0.003,0.007
670,429.568150098574,396938,11.0,0.003,0.007
671,429.56801060342684,394964,11.5,0.003,0.007
672,429.5680413188518,393020,12.0,0.003,0.007
673,429.5678803573452,391081,12.5,0.003,0.007
674,429.56801086268644,389142,13.0,0.003,0.007
675,429.5677813459769,387210,13.5,0.003,0.007
676,429.5680209929115,385293,14.0,0.003,0.007
677,429.5678491901122,383389,14.5,0.003,0.007
678,429.5680080288122,381479,15.0,0.003,0.007
679,429.56778951596743,379556,15.5,0.003,0.007
680,429.56798770736344,377655,16.0,0.003,0.007
681,429.56789547541047,375765,16.5,0.003,0.007
682,429.5678256148993,373883,17.0,0.003,0.007
683,429.56812200604736,372001,17.5,0.003,0.007
684,429.568005279757,370129,18.0,0.003,0.007
685,429.56790432930296,368271,18.5,0.003,0.007
686,429.5679490941144,366424,19.0,0.003,0.007
687,429.5679909969136,364594,19.5,0.003,0.007
688,429.5677907680993,362767,20.0,0.003,0.007
689,429.56793511905346,360942,20.5,0.003,0.007
690,429.56798594553663,359124,21.0,0.003,0.007
691,429.56812391622753,357325,21.5,0.003,0.007
692,429.56785721515973,355551,22.0,0.003,0.007
693,429.5678838325715,353758,22.5,0.003,0.007
694,429.5677532712904,351970,23.0,0.003,0.007
695,429.5679701048749,350209,23.5,0.003,0.007
696,429.56812165412396,348468,24.0,0.003,0.007
697,429.5678915954065,346717,24.5,0.003,0.007
698,429.56802524756847,344965,25.0,0.003,0.007
699,429.567941976625,343240,25.5,0.003,0.007
700,429.5677760420177,341523,26.0,0.003,0.007
701,429.56811238387246,339817,26.5,0.003,0.007
702,429.56792200028536,338109,27.0,0.003,0.007
703,429.56791331366753,336413,27.5,0.003,0.007
704,429.56802317237833,334722,28.0,0.003,0.007
705,429.5677419885961,333048,28.5,0.003,0.007
706,429.5680601898913,331393,29.0,0.003,0.007
707,429.5679416172827,329724,29.5,0.003,0.007
708,429.56794108809356,328063,30.0,0.003,0.007
709,429.5678920560388,326430,30.5,0.003,0.007
710,429.5679926013245,324806,31.0,0.003,0.007
711,429.56794556197525,323171,31.5,0.003,0.007
712,429.56797558095633,321555,32.0,0.003,0.007
713,429.56776577402786,319947,32.5,0.003,0.007
714,429.56783957095854,318345,33.0,0.003,0.007
715,429.5679646275271,316766,33.5,0.003,0.007
716,429.5678061258037,315180,34.0,0.003,0.007
717,429.5678979016325,313596,34.5,0.003,0.007
718,429.56777284442194,312033,35.0,0.003,0.007
719,429.567788490068,310486,35.5,0.003,0.007
720,429.56807729047387,308933,36.0,0.003,0.007
721,429.5678773056878,307389,36.5,0.003,0.007
722,429.5681294010098,305859,37.0,0.003,0.007
723,429.5681023457605,304331,37.5,0.003,0.007
724,429.56792031224506,302826,38.0,0.003,0.007
725,429.5681352210365,301317,38.5,0.003,0.007
726,429.5680559549146,299807,39.0,0.003,0.007
727,429.5680573332042,298319,39.5,0.003,0.007
728,429.56805927453183,296842,40.0,0.003,0.007
729,429.9971451983689,443016,0.0,0.027,0.007
730,429.5675626766006,447422,0.5,0.027,0.007
731,429.56726187084365,452197,1.0,0.027,0.007
732,429.567452976925,456488,1.5,0.027,0.007
733,429.5673257828061,460336,2.0,0.027,0.007
734,429.5672829836353,463825,2.5,0.027,0.007
735,429.5673226316101,467053,3.0,0.027,0.007
736,429.5672195146245,470025,3.5,0.027,0.007
737,429.56729775315006,472747,4.0,0.027,0.007
738,429.56730176083283,475262,4.5,0.027,0.007
739,429.56730186362046,477600,5.0,0.027,0.007
740,429.5671577658506,479764,5.5,0.027,0.007
741,429.5672872885192,481772,6.0,0.027,0.007
742,429.5672785012232,483646,6.5,0.027,0.007
743,429.56735124498687,485367,7.0,0.027,0.007
744,429.56730376065485,486961,7.5,0.027,0.007
745,429.56724477415173,488417,8.0,0.027,0.007
746,429.56721128679425,489724,8.5,0.027,0.007
747,429.567320837262,490932,9.0,0.027,0.007
748,429.567219832332,492020,9.5,0.027,0.007
749,429.56718812362277,492991,10.0,0.027,0.007
750,429.567208795241,493870,10.5,0.027,0.007
751,429.5672621020537,494647,11.0,0.027,0.007
752,429.56734283186887,495334,11.5,0.027,0.007
753,429.5672228362654,495944,12.0,0.027,0.007
754,429.56734971429313,496461,12.5,0.027,0.007
755,429.567170514498,496937,13.0,0.027,0.007
756,429.5671862376957,497344,13.5,0.027,0.007
757,429.5672529046331,497687,14.0,0.027,0.007
758,429.5673013769685,497967,14.5,0.027,0.007
759,429.5673025104415,498177,15.0,0.027,0.007
760,429.56733077607055,498354,15.5,0.027,0.007
761,429.56730600125195,498487,16.0,0.027,0.007
762,429.5672321996285,498565,16.5,0.027,0.007
763,429.56717593531437,498594,17.0,0.027,0.007
764,429.56719545352826,498574,17.5,0.027,0.007
765,429.56726366342724,498516,18.0,0.027,0.007
766,429.56724686893574,498442,18.5,0.027,0.007
767,429.56716254557824,498333,19.0,0.027,0.007
768,429.56715572002093,498190,19.5,0.027,0.007
769,429.5671562538369,498010,20.0,0.027,0.007
770,429.5672831675062,497795,20.5,0.027,0.007
771,429.56723632508607,497576,21.0,0.027,0.007
772,429.56723420745,497333,21.5,0.027,0.007
773,429.56722544528077,497066,22.0,0.027,0.007
774,429.567254000269,496775,22.5,0.027,0.007
775,429.56731857272075,496459,23.0,0.027,0.007
776,429.5671784675491,496131,23.5,0.027,0.007
777,429.5673308773182,495793,24.0,0.027,0.007
778,429.5672931954448,495437,24.5,0.027,0.007
779,429.56722984524833,495064,25.0,0.027,0.007
780,429.5673002270397,494675,25.5,0.027,0.007
781,429.56727660341676,494273,26.0,0.027,0.007
782,429.5671699322121,493866,26.5,0.027,0.007
783,429.5672410705528,493448,27.0,0.027,0.007
784,429.5671663742834,493017,27.5,0.027,0.007
785,429.56729287594374,492575,28.0,0.027,0.007
786,429.5672083269185,492120,28.5,0.027,0.007
787,429.5673138759328,491666,29.0,0.027,0.007
788,429.56730487357265,491204,29.5,0.027,0.007
789,429.56723707345327,490734,30.0,0.027,0.007
790,429.5672816024031,490257,30.5,0.027,0.007
791,429.56723816468167,489772,31.0,0.027,0.007
792,429.56726972663205,489280,31.5,0.027,0.007
793,429.5671738410049,488780,32.0,0.027,0.007
794,429.5673016053035,488274,32.5,0.027,0.007
795,429.5671597239731,487767,33.0,0.027,0.007
796,429.56720727444645,487256,33.5,0.027,0.007
797,429.56729449623805,486740,34.0,0.027,0.007
798,429.567222608089,486218,34.5,0.027,0.007
799,429.56717256186766,485691,35.0,0.027,0.007
800,429.567298916462,485160,35.5,0.027,0.007
801,429.5672186827346,484623,36.0,0.027,0.007
802,429.56727383350903,484082,36.5,0.027,0.007
803,429.5672121090317,483542,37.0,0.027,0.007
804,429.56731551049563,483000,37.5,0.027,0.007
805,429.5672470000488,482454,38.0,0.027,0.007
806,429.56717682113765,481905,38.5,0.027,0.007
807,429.5672697923,481354,39.0,0.027,0.007
808,429.5673201507741,480800,39.5,0.027,0.007
809,429.567303553506,480243,40.0,0.027,0.007
810,429.9974412224754,443016,0.0,0.015,0.007
811,429.5676544719138,443772,0.5,0.015,0.007
812,429.56765060822727,445218,1.0,0.015,0.007
813,429.56784788030393,446530,1.5,0.015,0.007
814,429.5675556394369,447671,2.0,0.015,0.007
815,429.5676301081526,448678,2.5,0.015,0.007
816,429.56760505911075,449548,3.0,0.015,0.007
817,429.5675270970937,450300,3.5,0.015,0.007
818,429.5675176932471,450923,4.0,0.015,0.007
819,429.5674586615927,451462,4.5,0.015,0.007
820,429.56750320249137,451913,5.0,0.015,0.007
821,429.56753726419964,452279,5.5,0.015,0.007
822,429.5676532701193,452581,6.0,0.015,0.007
823,429.5676402327748,452816,6.5,0.015,0.007
824,429.567544276145,452994,7.0,0.015,0.007
825,429.5674633313277,453100,7.5,0.015,0.007
826,429.56762691129563,453143,8.0,0.015,0.007
827,429.56752826441203,453143,8.5,0.015,0.007
828,429.56762085951203,453090,9.0,0.015,0.007
829,429.56747724029924,452995,9.5,0.015,0.007
830,429.56754608514933,452859,10.0,0.015,0.007
831,429.56762160828094,452675,10.5,0.015,0.007
832,429.5675903158255,452459,11.0,0.015,0.007
833,429.5674479228209,452203,11.5,0.015,0.007
834,429.5674848365836,451913,12.0,0.015,0.007
835,429.5675264710056,451599,12.5,0.015,0.007
836,429.5674588208678,451254,13.0,0.015,0.007
837,429.56753224384374,450879,13.5,0.015,0.007
838,429.56750004623296,450473,14.0,0.015,0.007
839,429.56753825729226,450037,14.5,0.015,0.007
840,429.5676046879507,449584,15.0,0.015,0.007
841,429.5675072770314,449104,15.5,0.015,0.007
842,429.56763509619896,448599,16.0,0.015,0.007
843,429.56749652947883,448067,16.5,0.015,0.007
844,429.56745246136427,447510,17.0,0.015,0.007
845,429.56757966727844,446938,17.5,0.015,0.007
846,429.5674511810642,446348,18.0,0.015,0.007
847,429.5675858156306,445740,18.5,0.015,0.007
848,429.56763771612634,445113,19.0,0.015,0.007
849,429.567489788343,444467,19.5,0.015,0.007
850,429.56752619191974,443807,20.0,0.015,0.007
851,429.56759578883003,443136,20.5,0.015,0.007
852,429.56750201943913,442449,21.0,0.015,0.007
853,429.56746964433125,441747,21.5,0.015,0.007
854,429.5674609441247,441030,22.0,0.015,0.007
855,429.56749224222386,440299,22.5,0.015,0.007
856,429.56761926013564,439561,23.0,0.015,0.007
857,429.5675273604869,438812,23.5,0.015,0.007
858,429.5676307763564,438054,24.0,0.015,0.007
859,429.56754816425314,437285,24.5,0.015,0.007
860,429.5675784637868,436506,25.0,0.015,0.007
861,429.56751390847376,435717,25.5,0.015,0.007
862,429.56744652653856,434919,26.0,0.015,0.007
863,429.56751489651884,434115,26.5,0.015,0.007
864,429.5676313288077,433305,27.0,0.015,0.007
865,429.5676255917199,432488,27.5,0.015,0.007
866,429.5676353025375,431664,28.0,0.015,0.007
867,429.56760563767733,430832,28.5,0.015,0.007
868,429.56754987234837,429993,29.0,0.015,0.007
869,429.5674749984273,429150,29.5,0.015,0.007
870,429.5675794808924,428304,30.0,0.015,0.007
871,429.56751830697823,427453,30.5,0.015,0.007
872,429.5676004515589,426596,31.0,0.015,0.007
873,429.5675679089411,425732,31.5,0.015,0.007
874,429.5676050099349,424865,32.0,0.015,0.007
875,429.5675024540269,423995,32.5,0.015,0.007
876,429.5675653240368,423123,33.0,0.015,0.007
877,429.56753936254097,422247,33.5,0.015,0.007
878,429.56763009342006,421367,34.0,0.015,0.007
879,429.56748754991634,420484,34.5,0.015,0.007
880,429.56750347872213,419598,35.0,0.015,0.007
881,429.5674658687452,418710,35.5,0.015,0.007
882,429.56756583124866,417820,36.0,0.015,0.007
883,429.5675853254526,416926,36.5,0.015,0.007
884,429.5675168008082,416031,37.0,0.015,0.007
885,429.5675757441893,415137,37.5,0.015,0.007
886,429.5676297900818,414243,38.0,0.015,0.007
887,429.567504594825,413347,38.5,0.015,0.007
888,429.56757109413604,412445,39.0,0.015,0.007
889,429.56759468575785,411543,39.5,0.015,0.007
890,429.5675293581826,410641,40.0,0.015,0.007
891,429.997046524537,443016,0.0,0.031,0.007
892,429.56715953052174,448626,0.5,0.031,0.007
893,429.5672713716399,454445,1.0,0.031,0.007
894,429.5672063703368,459623,1.5,0.031,0.007
895,429.5673555802301,464292,2.0,0.031,0.007
896,429.56724792757507,468572,2.5,0.031,0.007
897,429.56706015199825,472503,3.0,0.031,0.007
898,429.56714168746504,476106,3.5,0.031,0.007
899,429.5671822329013,479453,4.0,0.031,0.007
900,429.567115554837,482539,4.5,0.031,0.007
901,429.5671787420605,485413,5.0,0.031,0.007
902,429.5671536825289,488097,5.5,0.031,0.007
903,429.5672163327008,490564,6.0,0.031,0.007
904,429.56707654859804,492846,6.5,0.031,0.007
905,429.56726593643134,494932,7.0,0.031,0.007
906,429.56706649404344,496835,7.5,0.031,0.007
907,429.5670525451497,498576,8.0,0.031,0.007
908,429.56721181326157,500145,8.5,0.031,0.007
909,429.5672279724258,501576,9.0,0.031,0.007
910,429.567150447467,502847,9.5,0.031,0.007
911,429.5672321603651,503999,10.0,0.031,0.007
912,429.56725093930527,505024,10.5,0.031,0.007
913,429.5672180749237,505949,11.0,0.031,0.007
914,429.5671746228032,506780,11.5,0.031,0.007
915,429.5671067931072,507518,12.0,0.031,0.007
916,429.5672102004515,508155,12.5,0.031,0.007
917,429.56717956437257,508701,13.0,0.031,0.007
918,429.5670838648659,509195,13.5,0.031,0.007
919,429.5670767659527,509613,14.0,0.031,0.007
920,429.56714732647856,509953,14.5,0.031,0.007
921,429.56706496485856,510220,15.0,0.031,0.007
922,429.56716935812426,510435,15.5,0.031,0.007
923,429.5672082705046,510618,16.0,0.031,0.007
924,429.56719966572825,510745,16.5,0.031,0.007
925,429.56716125153145,510818,17.0,0.031,0.007
926,429.56721630779316,510842,17.5,0.031,0.007
927,429.5671495363266,510848,18.0,0.031,0.007
928,429.5671978668898,510818,18.5,0.031,0.007
929,429.5671369309389,510752,19.0,0.031,0.007
930,429.5672102120456,510651,19.5,0.031,0.007
931,429.56720946806405,510520,20.0,0.031,0.007
932,429.56704971677124,510374,20.5,0.031,0.007
933,429.56712737196096,510204,21.0,0.031,0.007
934,429.56719448827073,510009,21.5,0.031,0.007
935,429.5671885723749,509787,22.0,0.031,0.007
936,429.5672309012095,509553,22.5,0.031,0.007
937,429.5671220389818,509303,23.0,0.031,0.007
938,429.5672069584612,509036,23.5,0.031,0.007
939,429.5670788575062,508750,24.0,0.031,0.007
940,429.56720655844447,508450,24.5,0.031,0.007
941,429.5671552333011,508146,25.0,0.031,0.007
942,429.5670903183395,507830,25.5,0.031,0.007
943,429.5671299186777,507503,26.0,0.031,0.007
944,429.567058929872,507164,26.5,0.031,0.007
945,429.5672333474459,506815,27.0,0.031,0.007
946,429.567056742465,506453,27.5,0.031,0.007
947,429.56714527782214,506081,28.0,0.031,0.007
948,429.5671049619228,505699,28.5,0.031,0.007
949,429.5671386963772,505317,29.0,0.031,0.007
950,429.5672322392585,504927,29.5,0.031,0.007
951,429.56716542655533,504528,30.0,0.031,0.007
952,429.5671122825757,504121,30.5,0.031,0.007
953,429.5670664993725,503706,31.0,0.031,0.007
954,429.5671878854787,503284,31.5,0.031,0.007
955,429.5670888206724,502853,32.0,0.031,0.007
956,429.5671107997242,502417,32.5,0.031,0.007
957,429.5671526408188,501984,33.0,0.031,0.007
958,429.5672164437055,501546,33.5,0.031,0.007
959,429.56710202776867,501102,34.0,0.031,0.007
960,429.5671601811126,500654,34.5,0.031,0.007
961,429.5671782981628,500201,35.0,0.031,0.007
962,429.5671397615235,499743,35.5,0.031,0.007
963,429.56723090294,499281,36.0,0.031,0.007
964,429.56717126867846,498815,36.5,0.031,0.007
965,429.56711668700933,498351,37.0,0.031,0.007
966,429.56721622577476,497885,37.5,0.031,0.007
967,429.56707275384457,497415,38.0,0.031,0.007
968,429.5670563874945,496943,38.5,0.031,0.007
969,429.56714993066197,496469,39.0,0.031,0.007
970,429.56714178123406,495992,39.5,0.031,0.007
971,429.5672238819519,495513,40.0,0.031,0.007
972,429.9970958613975,443016,0.0,0.029,0.007
973,429.5672758681982,448020,0.5,0.029,0.007
974,429.56719659162576,453326,1.0,0.029,0.007
975,429.5673285455331,458072,1.5,0.029,0.007
976,429.5671318859556,462322,2.0,0.029,0.007
977,429.5673303011899,466217,2.5,0.029,0.007
978,429.5671617379759,469800,3.0,0.029,0.007
979,429.56732253319086,473084,3.5,0.029,0.007
980,429.5671696213126,476127,4.0,0.029,0.007
981,429.56715274305816,478947,4.5,0.029,0.007
982,429.5672621421451,481553,5.0,0.029,0.007
983,429.56725727585894,483971,5.5,0.029,0.007
984,429.5671809026384,486231,6.0,0.029,0.007
985,429.56713916705434,488309,6.5,0.029,0.007
986,429.5671787674167,490237,7.0,0.029,0.007
987,429.56720515725567,491996,7.5,0.029,0.007
988,429.56714655669975,493597,8.0,0.029,0.007
989,429.56723281121214,495067,8.5,0.029,0.007
990,429.5673058902756,496380,9.0,0.029,0.007
991,429.56715050730077,497579,9.5,0.029,0.007
992,429.56715337973014,498656,10.0,0.029,0.007
993,429.5671689031355,499616,10.5,0.029,0.007
994,429.5671586955091,500473,11.0,0.029,0.007
995,429.5672388270519,501228,11.5,0.029,0.007
996,429.56718619178145,501915,12.0,0.029,0.007
997,429.56724829015735,502527,12.5,0.029,0.007
998,429.567112184114,503052,13.0,0.029,0.007
999,429.5671387634695,503502,13.5,0.029,0.007
1000,429.56718804148943,503870,14.0,0.029,0.007
1001,429.5672003476386,504206,14.5,0.029,0.007
1002,429.5672245076471,504473,15.0,0.029,0.007
1003,429.5670991166778,504678,15.5,0.029,0.007
1004,429.56726068898917,504823,16.0,0.029,0.007
1005,429.56714361805575,504907,16.5,0.029,0.007
1006,429.56713419893526,504978,17.0,0.029,0.007
1007,429.56717550488867,505006,17.5,0.029,0.007
1008,429.5672427699158,504987,18.0,0.029,0.007
1009,429.56715241204256,504924,18.5,0.029,0.007
1010,429.56727501774066,504827,19.0,0.029,0.007
1011,429.56710843452487,504717,19.5,0.029,0.007
1012,429.5672323551714,504576,20.0,0.029,0.007
1013,429.56722535021856,504404,20.5,0.029,0.007
1014,429.56728023496095,504203,21.0,0.029,0.007
1015,429.56721785405216,503978,21.5,0.029,0.007
1016,429.5671036819419,503743,22.0,0.029,0.007
1017,429.56723874885927,503487,22.5,0.029,0.007
1018,429.5672336587501,503209,23.0,0.029,0.007
1019,429.5671914102916,502910,23.5,0.029,0.007
1020,429.56727318988567,502596,24.0,0.029,0.007
1021,429.5671323499348,502274,24.5,0.029,0.007
1022,429.56723565234415,501938,25.0,0.029,0.007
1023,429.56727543766533,501586,25.5,0.029,0.007
1024,429.5671631591299,501218,26.0,0.029,0.007
1025,429.56715568198206,500841,26.5,0.029,0.007
1026,429.56716519286783,500461,27.0,0.029,0.007
1027,429.56727385284466,500072,27.5,0.029,0.007
1028,429.5671098712999,499672,28.0,0.029,0.007
1029,429.5672107729402,499264,28.5,0.029,0.007
1030,429.56718788913605,498846,29.0,0.029,0.007
1031,429.56722340542416,498419,29.5,0.029,0.007
1032,429.56717498570646,497982,30.0,0.029,0.007
1033,429.5672237213232,497540,30.5,0.029,0.007
1034,429.56722731897884,497096,31.0,0.029,0.007
1035,429.5671870253335,496645,31.5,0.029,0.007
1036,429.56727117796663,496188,32.0,0.029,0.007
1037,429.5671101118138,495723,32.5,0.029,0.007
1038,429.56722969145136,495253,33.0,0.029,0.007
1039,429.56723768318363,494776,33.5,0.029,0.007
1040,429.56712715241446,494292,34.0,0.029,0.007
1041,429.56717035335566,493806,34.5,0.029,0.007
1042,429.5672813393127,493321,35.0,0.029,0.007
1043,429.5672094710812,492831,35.5,0.029,0.007
1044,429.56715120851567,492337,36.0,0.029,0.007
1045,429.56725279069167,491840,36.5,0.029,0.007
1046,429.5671295925165,491338,37.0,0.029,0.007
1047,429.56715766700324,490833,37.5,0.029,0.007
1048,429.5671215351922,490324,38.0,0.029,0.007
1049,429.56717056926146,489814,38.5,0.029,0.007
1050,429.5671476930865,489304,39.0,0.029,0.007
1051,429.56716445131013,488792,39.5,0.029,0.007
1052,429.56719965275244,488278,40.0,0.029,0.007
1053,429.99749056019755,443016,0.0,0.013,0.007
1054,429.5677770933369,443148,0.5,0.013,0.007
1055,429.56774408060693,444032,1.0,0.013,0.007
1056,429.5677032683465,444784,1.5,0.013,0.007
1057,429.567565918592,445440,2.0,0.013,0.007
1058,429.56767360240156,445978,2.5,0.013,0.007
1059,429.5676997415874,446402,3.0,0.013,0.007
1060,429.567708217225,446742,3.5,0.013,0.007
1061,429.5676623640582,446992,4.0,0.013,0.007
1062,429.56751647237246,447155,4.5,0.013,0.007
1063,429.5676481995456,447245,5.0,0.013,0.007
1064,429.5677322193583,447262,5.5,0.013,0.007
1065,429.56780615057534,447219,6.0,0.013,0.007
1066,429.56774814912166,447125,6.5,0.013,0.007
1067,429.56756445065923,446985,7.0,0.013,0.007
1068,429.5675055385691,446794,7.5,0.013,0.007
1069,429.5677007206202,446560,8.0,0.013,0.007
1070,429.5677425701324,446285,8.5,0.013,0.007
1071,429.5676950699645,445963,9.0,0.013,0.007
1072,429.5675937995844,445601,9.5,0.013,0.007
1073,429.56756593030383,445210,10.0,0.013,0.007
1074,429.5675275939297,444782,10.5,0.013,0.007
1075,429.5676782138862,444321,11.0,0.013,0.007
1076,429.56770667129547,443836,11.5,0.013,0.007
1077,429.5675609356411,443321,12.0,0.013,0.007
1078,429.56756399762537,442778,12.5,0.013,0.007
1079,429.567581682387,442214,13.0,0.013,0.007
1080,429.5676347543539,441625,13.5,0.013,0.007
1081,429.5676678811522,441011,14.0,0.013,0.007
1082,429.56750369541146,440378,14.5,0.013,0.007
1083,429.5677128191574,439726,15.0,0.013,0.007
1084,429.5675247927576,439053,15.5,0.013,0.007
1085,429.567664349569,438365,16.0,0.013,0.007
1086,429.5676205643726,437660,16.5,0.013,0.007
1087,429.56757098608875,436938,17.0,0.013,0.007
1088,429.5676011370613,436200,17.5,0.013,0.007
1089,429.56749518178367,435445,18.0,0.013,0.007
1090,429.5676523488071,434674,18.5,0.013,0.007
1091,429.56769698313633,433890,19.0,0.013,0.007
1092,429.567603770532,433095,19.5,0.013,0.007
1093,429.5675833585692,432289,20.0,0.013,0.007
1094,429.56755041599894,431470,20.5,0.013,0.007
1095,429.5677018517553,430638,21.0,0.013,0.007
1096,429.5675529388147,429793,21.5,0.013,0.007
1097,429.5675156711422,428942,22.0,0.013,0.007
1098,429.56753259139765,428084,22.5,0.013,0.007
1099,429.56766776630536,427217,23.0,0.013,0.007
1100,429.5676761128985,426339,23.5,0.013,0.007
1101,429.56749955732226,425450,24.0,0.013,0.007
1102,429.56761824506503,424558,24.5,0.013,0.007
1103,429.5676489373302,423660,25.0,0.013,0.007
1104,429.5675242987023,422753,25.5,0.013,0.007
1105,429.56768453933563,421839,26.0,0.013,0.007
1106,429.5676039019107,420922,26.5,0.013,0.007
1107,429.56760283515956,420001,27.0,0.013,0.007
1108,429.5675512711407,419072,27.5,0.013,0.007
1109,429.5675031406801,418135,28.0,0.013,0.007
1110,429.5676601968131,417196,28.5,0.013,0.007
1111,429.5676583975881,416256,29.0,0.013,0.007
1112,429.56754928855247,415313,29.5,0.013,0.007
1113,429.56754901424614,414364,30.0,0.013,0.007
1114,429.5675373727404,413408,30.5,0.013,0.007
1115,429.567499912798,412452,31.0,0.013,0.007
1116,429.567666217309,411495,31.5,0.013,0.007
1117,429.5675905137146,410532,32.0,0.013,0.007
1118,429.56753872234896,409568,32.5,0.013,0.007
1119,429.5676192037746,408607,33.0,0.013,0.007
1120,429.5676684072408,407640,33.5,0.013,0.007
1121,429.5675871384301,406667,34.0,0.013,0.007
1122,429.56761822966865,405694,34.5,0.013,0.007
1123,429.56766789325434,404723,35.0,0.013,0.007
1124,429.56754117847527,403751,35.5,0.013,0.007
1125,429.5675571523001,402777,36.0,0.013,0.007
1126,429.5676111061225,401802,36.5,0.013,0.007
1127,429.56766910149014,400826,37.0,0.013,0.007
1128,429.56751744606976,399848,37.5,0.013,0.007
1129,429.56767025963256,398869,38.0,0.013,0.007
1130,429.56764107049503,397892,38.5,0.013,0.007
1131,429.56766705365067,396918,39.0,0.013,0.007
1132,429.56757174442185,395942,39.5,0.013,0.007
1133,429.567646144788,394960,40.0,0.013,0.007
1134,429.9972932099395,443016,0.0,0.021,0.007
1135,429.5675471567815,445603,0.5,0.021,0.007
1136,429.56763333986225,448759,1.0,0.021,0.007
1137,429.5676296805906,451599,1.5,0.021,0.007
1138,429.56747811399606,454157,2.0,0.021,0.007
1139,429.56732160109175,456456,2.5,0.021,0.007
1140,429.5674198524917,458537,3.0,0.021,0.007
1141,429.567375645088,460458,3.5,0.021,0.007
1142,429.56731865444254,462202,4.0,0.021,0.007
1143,429.5674117362742,463800,4.5,0.021,0.007
1144,429.56748665271135,465237,5.0,0.021,0.007
1145,429.5673898664596,466569,5.5,0.021,0.007
1146,429.56741035408675,467775,6.0,0.021,0.007
1147,429.5674784735459,468868,6.5,0.021,0.007
1148,429.56737342629816,469878,7.0,0.021,0.007
1149,429.56737111733133,470776,7.5,0.021,0.007
1150,429.5674954486869,471625,8.0,0.021,0.007
1151,429.56730370468637,472378,8.5,0.021,0.007
1152,429.56735038309665,473060,9.0,0.021,0.007
1153,429.5674061478035,473657,9.5,0.021,0.007
1154,429.5673134708041,474199,10.0,0.021,0.007
1155,429.5673949707982,474662,10.5,0.021,0.007
1156,429.5674738403754,475040,11.0,0.021,0.007
1157,429.5673970083844,475382,11.5,0.021,0.007
1158,429.56730485517363,475660,12.0,0.021,0.007
1159,429.56737090596454,475870,12.5,0.021,0.007
1160,429.5673291428384,476027,13.0,0.021,0.007
1161,429.5674814125879,476150,13.5,0.021,0.007
1162,429.56742606388366,476215,14.0,0.021,0.007
1163,429.5674443128143,476226,14.5,0.021,0.007
1164,429.56743194719013,476203,15.0,0.021,0.007
1165,429.5673918418024,476145,15.5,0.021,0.007
1166,429.5674874917899,476044,16.0,0.021,0.007
1167,429.56747322124414,475900,16.5,0.021,0.007
1168,429.5673970288179,475730,17.0,0.021,0.007
1169,429.5674075665333,475526,17.5,0.021,0.007
1170,429.56740322398434,475288,18.0,0.021,0.007
1171,429.5673578191272,475028,18.5,0.021,0.007
1172,429.56737267052625,474751,19.0,0.021,0.007
1173,429.5674530296009,474450,19.5,0.021,0.007
1174,429.56738825264125,474123,20.0,0.021,0.007
1175,429.5673253477939,473771,20.5,0.021,0.007
1176,429.5674072689149,473395,21.0,0.021,0.007
1177,429.5673790578336,472994,21.5,0.021,0.007
1178,429.5674140881259,472577,22.0,0.021,0.007
1179,429.56731528030645,472149,22.5,0.021,0.007
1180,429.56744774239644,471703,23.0,0.021,0.007
1181,429.567366330719,471237,23.5,0.021,0.007
1182,429.5674532800587,470753,24.0,0.021,0.007
1183,429.56746993735936,470250,24.5,0.021,0.007
1184,429.56737370039957,469728,25.0,0.021,0.007
1185,429.56743698311345,469194,25.5,0.021,0.007
1186,429.56733499783786,468658,26.0,0.021,0.007
1187,429.56741181137176,468110,26.5,0.021,0.007
1188,429.5674398882006,467549,27.0,0.021,0.007
1189,429.5673901992157,466975,27.5,0.021,0.007
1190,429.56741705180366,466389,28.0,0.021,0.007
1191,429.5674697645013,465791,28.5,0.021,0.007
1192,429.5674057971826,465182,29.0,0.021,0.007
1193,429.56743366502747,464574,29.5,0.021,0.007
1194,429.56737092027976,463957,30.0,0.021,0.007
1195,429.56736341749547,463332,30.5,0.021,0.007
1196,429.56737697893095,462699,31.0,0.021,0.007
1197,429.5673877809093,462058,31.5,0.021,0.007
1198,429.5673698420215,461409,32.0,0.021,0.007
1199,429.56729639231025,460752,32.5,0.021,0.007
1200,429.5673919891712,460096,33.0,0.021,0.007
1201,429.56737721837834,459434,33.5,0.021,0.007
1202,429.56739007329935,458767,34.0,0.021,0.007
1203,429.56739066891276,458095,34.5,0.021,0.007
1204,429.56736354806856,457418,35.0,0.021,0.007
1205,429.5674405774184,456737,35.5,0.021,0.007
1206,429.56741382841795,456051,36.0,0.021,0.007
1207,429.56740693336053,455364,36.5,0.021,0.007
1208,429.5673548577138,454674,37.0,0.021,0.007
1209,429.5673316044238,453981,37.5,0.021,0.007
1210,429.5673005701227,453285,38.0,0.021,0.007
1211,429.5674305449762,452587,38.5,0.021,0.007
1212,429.5673290960882,451885,39.0,0.021,0.007
1213,429.5673526880755,451181,39.5,0.021,0.007
1214,429.5673004882487,450475,40.0,0.021,0.007
1215,429.99768791211085,443016,0.0,0.005,0.007
1216,429.567694770887,440666,0.5,0.005,0.007
1217,429.5680831467518,439153,1.0,0.005,0.007
1218,429.56770329807557,437616,1.5,0.005,0.007
1219,429.5677474519113,436098,2.0,0.005,0.007
1220,429.56809819711884,434546,2.5,0.005,0.007
1221,429.56783735257443,433007,3.0,0.005,0.007
1222,429.5678264549098,431445,3.5,0.005,0.007
1223,429.56809421802586,429883,4.0,0.005,0.007
1224,429.56788272539126,428312,4.5,0.005,0.007
1225,429.5680459355717,426744,5.0,0.005,0.007
1226,429.56802503353526,425166,5.5,0.005,0.007
1227,429.56797249962307,423581,6.0,0.005,0.007
1228,429.56790338116485,422005,6.5,0.005,0.007
1229,429.5679112824751,420405,7.0,0.005,0.007
1230,429.5677985886015,418829,7.5,0.005,0.007
1231,429.5677127919625,417227,8.0,0.005,0.007
1232,429.56773637062076,415634,8.5,0.005,0.007
1233,429.5677233394335,414040,9.0,0.005,0.007
1234,429.5679873190402,412429,9.5,0.005,0.007
1235,429.5680516364309,410845,10.0,0.005,0.007
1236,429.5679036680858,409231,10.5,0.005,0.007
1237,429.56782147956415,407636,11.0,0.005,0.007
1238,429.56795111109284,406028,11.5,0.005,0.007
1239,429.56800236665276,404400,12.0,0.005,0.007
1240,429.5677799610162,402785,12.5,0.005,0.007
1241,429.567746258685,401156,13.0,0.005,0.007
1242,429.56777304172886,399551,13.5,0.005,0.007
1243,429.5680450143056,397934,14.0,0.005,0.007
1244,429.5679128943117,396300,14.5,0.005,0.007
1245,429.5679321725601,394686,15.0,0.005,0.007
1246,429.5677795549789,393066,15.5,0.005,0.007
1247,429.5678957050022,391477,16.0,0.005,0.007
1248,429.56800738558695,389882,16.5,0.005,0.007
1249,429.5677679062424,388263,17.0,0.005,0.007
1250,429.56773576799793,386664,17.5,0.005,0.007
1251,429.56787596520047,385061,18.0,0.005,0.007
1252,429.56788062612327,383487,18.5,0.005,0.007
1253,429.5677201481479,381912,19.0,0.005,0.007
1254,429.5678927921397,380316,19.5,0.005,0.007
1255,429.56795421506644,378737,20.0,0.005,0.007
1256,429.5679811061451,377154,20.5,0.005,0.007
1257,429.5678848182968,375599,21.0,0.005,0.007
1258,429.5680257460969,374047,21.5,0.005,0.007
1259,429.56773555164455,372475,22.0,0.005,0.007
1260,429.56781545209935,370918,22.5,0.005,0.007
1261,429.5678147838904,369358,23.0,0.005,0.007
1262,429.56797103027003,367826,23.5,0.005,0.007
1263,429.5677212155944,366296,24.0,0.005,0.007
1264,429.5677694799007,364753,24.5,0.005,0.007
1265,429.56781467579935,363219,25.0,0.005,0.007
1266,429.5679287522837,361685,25.5,0.005,0.007
1267,429.56777053857337,360176,26.0,0.005,0.007
1268,429.5677926518181,358668,26.5,0.005,0.007
1269,429.5678552212886,357158,27.0,0.005,0.007
1270,429.56798360196564,355648,27.5,0.005,0.007
1271,429.5678417946256,354142,28.0,0.005,0.007
1272,429.56795624035436,352658,28.5,0.005,0.007
1273,429.56774090632933,351173,29.0,0.005,0.007
1274,429.56791701061144,349696,29.5,0.005,0.007
1275,429.56794351376385,348210,30.0,0.005,0.007
1276,429.56797529974534,346737,30.5,0.005,0.007
1277,429.5678282799033,345275,31.0,0.005,0.007
1278,429.5677565655952,343818,31.5,0.005,0.007
1279,429.56775986283674,342371,32.0,0.005,0.007
1280,429.56776104313155,340911,32.5,0.005,0.007
1281,429.56786643192606,339471,33.0,0.005,0.007
1282,429.56778627687464,338032,33.5,0.005,0.007
1283,429.5677216804504,336608,34.0,0.005,0.007
1284,429.5677221904416,335187,34.5,0.005,0.007
1285,429.5677831632952,333758,35.0,0.005,0.007
1286,429.56778676385466,332347,35.5,0.005,0.007
1287,429.5678481672685,330934,36.0,0.005,0.007
1288,429.5678013260894,329543,36.5,0.005,0.007
1289,429.56786283924237,328147,37.0,0.005,0.007
1290,429.5679709136654,326755,37.5,0.005,0.007
1291,429.5679619645669,325367,38.0,0.005,0.007
1292,429.567727513195,323986,38.5,0.005,0.007
1293,429.5679438358038,322622,39.0,0.005,0.007
1294,429.56797259977515,321256,39.5,0.005,0.007
1295,429.5678861243158,319896,40.0,0.005,0.007
