,total_counts,area,time,D (um^2/s),alpha (1/s)
0,429.99724894570005,443016,0.0,0.0055,0.00018
1,429.56731536535085,445459,1.0,0.0055,0.00018
2,429.567484220469,448703,2.0,0.0055,0.00018
3,429.56744102593717,451861,3.0,0.0055,0.00018
4,429.5673628459405,454936,4.0,0.0055,0.00018
5,429.5673540799399,457928,5.0,0.0055,0.00018
6,429.56740782949663,460853,6.0,0.0055,0.00018
7,429.5675906671096,463704,7.0,0.0055,0.00018
8,429.56747384277935,466479,8.0,0.0055,0.00018
9,429.5675603530742,469191,9.0,0.0055,0.00018
10,429.56726549002616,471846,10.0,0.0055,0.00018
11,429.56730210079616,474450,11.0,0.0055,0.00018
12,429.56742695100365,477012,12.0,0.0055,0.00018
13,429.5674540077987,479524,13.0,0.0055,0.00018
14,429.56736251295615,481993,14.0,0.0055,0.00018
15,429.5674083739767,484422,15.0,0.0055,0.00018
16,429.5674391361018,486806,16.0,0.0055,0.00018
17,429.5673151740288,489154,17.0,0.0055,0.00018
18,429.5673668259568,491467,18.0,0.0055,0.00018
19,429.56740066651116,493741,19.0,0.0055,0.00018
20,429.5673374862139,495982,20.0,0.0055,0.00018
21,429.5672827858206,498189,21.0,0.0055,0.00018
22,429.5674933077805,500366,22.0,0.0055,0.00018
23,429.56745601931766,502514,23.0,0.0055,0.00018
24,429.5674564282493,504629,24.0,0.0055,0.00018
25,429.5672687089197,506707,25.0,0.0055,0.00018
26,429.56746428912066,508753,26.0,0.0055,0.00018
27,429.5673381462221,510760,27.0,0.0055,0.00018
28,429.56727888952474,512735,28.0,0.0055,0.00018
29,429.56737357478266,514679,29.0,0.0055,0.00018
30,429.5672964645285,516583,30.0,0.0055,0.00018
31,429.5674585012486,518446,31.0,0.0055,0.00018
32,429.5674636595608,520269,32.0,0.0055,0.00018
33,429.56743034398664,522060,33.0,0.0055,0.00018
34,429.5672656344936,523810,34.0,0.0055,0.00018
35,429.56736878591005,525515,35.0,0.0055,0.00018
36,429.56745170805715,527180,36.0,0.0055,0.00018
37,429.5674654678458,528811,37.0,0.0055,0.00018
38,429.56726694927806,530395,38.0,0.0055,0.00018
39,429.5673916743721,531936,39.0,0.0055,0.00018
40,429.56729584296096,533442,40.0,0.0055,0.00018
41,429.5673836622721,534902,41.0,0.0055,0.00018
42,429.56729688382984,536318,42.0,0.0055,0.00018
43,429.5673591224129,537701,43.0,0.0055,0.00018
44,429.56741619894655,539037,44.0,0.0055,0.00018
45,429.56741221880054,540337,45.0,0.0055,0.00018
46,429.56728046394113,541596,46.0,0.0055,0.00018
47,429.56744102269926,542813,47.0,0.0055,0.00018
48,429.56739009423615,543996,48.0,0.0055,0.00018
49,429.56739041710426,545139,49.0,0.0055,0.00018
50,429.5673137671489,546253,50.0,0.0055,0.00018
51,429.5673914691944,547327,51.0,0.0055,0.00018
52,429.5674547458635,548370,52.0,0.0055,0.00018
53,429.5672829442634,549375,53.0,0.0055,0.00018
54,429.567470139002,550350,54.0,0.0055,0.00018
55,429.5674012211683,551290,55.0,0.0055,0.00018
56,429.56731937262384,552199,56.0,0.0055,0.00018
57,429.5674532068664,553077,57.0,0.0055,0.00018
58,429.56737223505485,553925,58.0,0.0055,0.00018
59,429.5673378542026,554748,59.0,0.0055,0.00018
60,429.5674294569787,555548,60.0,0.0055,0.00018
61,429.56737796873006,556318,61.0,0.0055,0.00018
62,429.5672652027291,557065,62.0,0.0055,0.00018
63,429.5673054387053,557784,63.0,0.0055,0.00018
64,429.5673492056443,558482,64.0,0.0055,0.00018
65,429.56734660051876,559153,65.0,0.0055,0.00018
66,429.5674832668096,559804,66.0,0.0055,0.00018
67,429.56730519135783,560430,67.0,0.0055,0.00018
68,429.5672541115264,561035,68.0,0.0055,0.00018
69,429.56737758545125,561627,69.0,0.0055,0.00018
70,429.5673608079795,562199,70.0,0.0055,0.00018
71,429.5673795232575,562755,71.0,0.0055,0.00018
72,429.5673983590381,563291,72.0,0.0055,0.00018
73,429.5675009235467,563811,73.0,0.0055,0.00018
74,429.5672746359719,564313,74.0,0.0055,0.00018
75,429.5674350827712,564799,75.0,0.0055,0.00018
76,429.56735502318776,565270,76.0,0.0055,0.00018
77,429.5675000265652,565725,77.0,0.0055,0.00018
78,429.5674609318926,566165,78.0,0.0055,0.00018
79,429.56751662322205,566596,79.0,0.0055,0.00018
80,429.56730842703007,567013,80.0,0.0055,0.00018
81,429.56747425856753,567420,81.0,0.0055,0.00018
82,429.56735816734823,567813,82.0,0.0055,0.00018
83,429.56729833854536,568194,83.0,0.0055,0.00018
84,429.5673677184972,568565,84.0,0.0055,0.00018
85,429.56751968290433,568924,85.0,0.0055,0.00018
86,429.5675250913843,569272,86.0,0.0055,0.00018
87,429.567264140744,569609,87.0,0.0055,0.00018
88,429.5673105123577,569936,88.0,0.0055,0.00018
89,429.56740495459695,570257,89.0,0.0055,0.00018
90,429.56725523123464,570569,90.0,0.0055,0.00018
91,429.56747896082965,570873,91.0,0.0055,0.00018
92,429.567338320654,571168,92.0,0.0055,0.00018
93,429.56738201880216,571455,93.0,0.0055,0.00018
94,429.5675027501953,571734,94.0,0.0055,0.00018
95,429.5673684372973,572005,95.0,0.0055,0.00018
96,429.56753785250856,572269,96.0,0.0055,0.00018
97,429.56752904508915,572525,97.0,0.0055,0.00018
98,429.56738999797926,572774,98.0,0.0055,0.00018
99,429.5673762246898,573018,99.0,0.0055,0.00018
100,429.5672529655501,573256,100.0,0.0055,0.00018
101,429.9973722901628,443016,0.0,0.0035,0.00018
102,429.56741207739424,444228,1.0,0.0035,0.00018
103,429.56757949190194,446244,2.0,0.0035,0.00018
104,429.5677277795796,448230,3.0,0.0035,0.00018
105,429.56765701517423,450192,4.0,0.0035,0.00018
106,429.56746082010204,452131,5.0,0.0035,0.00018
107,429.5676327550016,454035,6.0,0.0035,0.00018
108,429.5676375268319,455898,7.0,0.0035,0.00018
109,429.5674820927051,457729,8.0,0.0035,0.00018
110,429.5677044315867,459544,9.0,0.0035,0.00018
111,429.56761895504854,461311,10.0,0.0035,0.00018
112,429.5674631948513,463044,11.0,0.0035,0.00018
113,429.56751790551886,464763,12.0,0.0035,0.00018
114,429.5674813470025,466454,13.0,0.0035,0.00018
115,429.567606056039,468105,14.0,0.0035,0.00018
116,429.5674439001113,469749,15.0,0.0035,0.00018
117,429.56740236435945,471367,16.0,0.0035,0.00018
118,429.56765017035457,472951,17.0,0.0035,0.00018
119,429.56752745089665,474540,18.0,0.0035,0.00018
120,429.5675513963347,476099,19.0,0.0035,0.00018
121,429.5675805653073,477633,20.0,0.0035,0.00018
122,429.5674069276992,479160,21.0,0.0035,0.00018
123,429.56756110487646,480657,22.0,0.0035,0.00018
124,429.56752155795544,482151,23.0,0.0035,0.00018
125,429.5675782169675,483622,24.0,0.0035,0.00018
126,429.5675571624209,485068,25.0,0.0035,0.00018
127,429.56763609932915,486510,26.0,0.0035,0.00018
128,429.56747186065905,487925,27.0,0.0035,0.00018
129,429.5675521726628,489343,28.0,0.0035,0.00018
130,429.5674234442386,490731,29.0,0.0035,0.00018
131,429.5674802721479,492112,30.0,0.0035,0.00018
132,429.56747527599737,493477,31.0,0.0035,0.00018
133,429.5675612190681,494828,32.0,0.0035,0.00018
134,429.56749556704415,496171,33.0,0.0035,0.00018
135,429.56747765963854,497490,34.0,0.0035,0.00018
136,429.56760225607326,498808,35.0,0.0035,0.00018
137,429.56758641404616,500100,36.0,0.0035,0.00018
138,429.5675778824814,501394,37.0,0.0035,0.00018
139,429.56758525210927,502659,38.0,0.0035,0.00018
140,429.5673845773504,503925,39.0,0.0035,0.00018
141,429.56754903244496,505164,40.0,0.0035,0.00018
142,429.56748379903587,506406,41.0,0.0035,0.00018
143,429.56753860488874,507620,42.0,0.0035,0.00018
144,429.56737725246285,508834,43.0,0.0035,0.00018
145,429.5675820596269,510021,44.0,0.0035,0.00018
146,429.5675911815625,511207,45.0,0.0035,0.00018
147,429.56738687011756,512364,46.0,0.0035,0.00018
148,429.5673761848201,513520,47.0,0.0035,0.00018
149,429.56747332206885,514650,48.0,0.0035,0.00018
150,429.5674900759977,515775,49.0,0.0035,0.00018
151,429.56749482990386,516879,50.0,0.0035,0.00018
152,429.5674390456234,517973,51.0,0.0035,0.00018
153,429.5674810315132,519050,52.0,0.0035,0.00018
154,429.56759125577935,520110,53.0,0.0035,0.00018
155,429.5674343174234,521159,54.0,0.0035,0.00018
156,429.567583639703,522185,55.0,0.0035,0.00018
157,429.5674336529305,523205,56.0,0.0035,0.00018
158,429.5675754431213,524200,57.0,0.0035,0.00018
159,429.56746080803873,525187,58.0,0.0035,0.00018
160,429.5674243725917,526155,59.0,0.0035,0.00018
161,429.5675376542339,527108,60.0,0.0035,0.00018
162,429.5675342129097,528050,61.0,0.0035,0.00018
163,429.56756299616086,528968,62.0,0.0035,0.00018
164,429.5675144338661,529879,63.0,0.0035,0.00018
165,429.56751313601166,530768,64.0,0.0035,0.00018
166,429.56749941961067,531642,65.0,0.0035,0.00018
167,429.56752883690484,532505,66.0,0.0035,0.00018
168,429.56758941264286,533345,67.0,0.0035,0.00018
169,429.5674475592699,534177,68.0,0.0035,0.00018
170,429.5674171080346,534992,69.0,0.0035,0.00018
171,429.5674428446577,535789,70.0,0.0035,0.00018
172,429.56748832762946,536578,71.0,0.0035,0.00018
173,429.56751406882853,537346,72.0,0.0035,0.00018
174,429.5673965268434,538099,73.0,0.0035,0.00018
175,429.56753837181054,538843,74.0,0.0035,0.00018
176,429.56738657962154,539565,75.0,0.0035,0.00018
177,429.5674795923618,540276,76.0,0.0035,0.00018
178,429.5674772740331,540976,77.0,0.0035,0.00018
179,429.5675575969858,541659,78.0,0.0035,0.00018
180,429.56758725929876,542331,79.0,0.0035,0.00018
181,429.5675210520565,542991,80.0,0.0035,0.00018
182,429.56744253182023,543633,81.0,0.0035,0.00018
183,429.5673780118306,544264,82.0,0.0035,0.00018
184,429.56742595824625,544885,83.0,0.0035,0.00018
185,429.567487719877,545489,84.0,0.0035,0.00018
186,429.5675340526559,546081,85.0,0.0035,0.00018
187,429.5673749766167,546663,86.0,0.0035,0.00018
188,429.567584993076,547232,87.0,0.0035,0.00018
189,429.567500897023,547789,88.0,0.0035,0.00018
190,429.5675987396854,548339,89.0,0.0035,0.00018
191,429.56749859841483,548875,90.0,0.0035,0.00018
192,429.56747989021403,549398,91.0,0.0035,0.00018
193,429.5673809095125,549912,92.0,0.0035,0.00018
194,429.5674418858782,550417,93.0,0.0035,0.00018
195,429.56738683014197,550908,94.0,0.0035,0.00018
196,429.5674140124199,551389,95.0,0.0035,0.00018
197,429.56757364110223,551863,96.0,0.0035,0.00018
198,429.56737627432125,552325,97.0,0.0035,0.00018
199,429.5675606101768,552779,98.0,0.0035,0.00018
200,429.567514129854,553224,99.0,0.0035,0.00018
201,429.5675485306659,553662,100.0,0.0035,0.00018
202,429.99755730803986,443016,0.0,0.0005,0.00018
203,429.567672520747,442343,1.0,0.0005,0.00018
204,429.5676019966469,442495,2.0,0.0005,0.00018
205,429.56796120795184,442647,3.0,0.0005,0.00018
206,429.56765307651966,442797,4.0,0.0005,0.00018
207,429.567803966805,442951,5.0,0.0005,0.00018
208,429.5680050406759,443109,6.0,0.0005,0.00018
209,429.56767825742077,443265,7.0,0.0005,0.00018
210,429.567845276387,443421,8.0,0.0005,0.00018
211,429.5675599977536,443575,9.0,0.0005,0.00018
212,429.56778262874394,443729,10.0,0.0005,0.00018
213,429.5675811497842,443881,11.0,0.0005,0.00018
214,429.56796424957514,444033,12.0,0.0005,0.00018
215,429.56791872330774,444183,13.0,0.0005,0.00018
216,429.567811616611,444332,14.0,0.0005,0.00018
217,429.56775819698214,444480,15.0,0.0005,0.00018
218,429.567777372285,444627,16.0,0.0005,0.00018
219,429.5679025911401,444773,17.0,0.0005,0.00018
220,429.5676621682939,444917,18.0,0.0005,0.00018
221,429.56797963996496,445061,19.0,0.0005,0.00018
222,429.5677865893521,445204,20.0,0.0005,0.00018
223,429.5677170092973,445350,21.0,0.0005,0.00018
224,429.5678933381347,445499,22.0,0.0005,0.00018
225,429.56773943322037,445646,23.0,0.0005,0.00018
226,429.56773172013345,445792,24.0,0.0005,0.00018
227,429.567893554994,445937,25.0,0.0005,0.00018
228,429.56764335105464,446080,26.0,0.0005,0.00018
229,429.5677219401766,446223,27.0,0.0005,0.00018
230,429.5678822269448,446365,28.0,0.0005,0.00018
231,429.56771973907985,446505,29.0,0.0005,0.00018
232,429.56764988130215,446644,30.0,0.0005,0.00018
233,429.56767599523033,446782,31.0,0.0005,0.00018
234,429.56780143311147,446919,32.0,0.0005,0.00018
235,429.56758901627904,447054,33.0,0.0005,0.00018
236,429.56795560066877,447189,34.0,0.0005,0.00018
237,429.56758887832854,447321,35.0,0.0005,0.00018
238,429.56793806540884,447454,36.0,0.0005,0.00018
239,429.5678752205296,447587,37.0,0.0005,0.00018
240,429.56772991108096,447722,38.0,0.0005,0.00018
241,429.5679095897367,447859,39.0,0.0005,0.00018
242,429.56778356157344,447994,40.0,0.0005,0.00018
243,429.56779329916714,448128,41.0,0.0005,0.00018
244,429.5679438127758,448261,42.0,0.0005,0.00018
245,429.56781690682516,448392,43.0,0.0005,0.00018
246,429.5678133015177,448522,44.0,0.0005,0.00018
247,429.5679495117253,448651,45.0,0.0005,0.00018
248,429.56764944711074,448778,46.0,0.0005,0.00018
249,429.5679594750671,448906,47.0,0.0005,0.00018
250,429.56792264507914,449032,48.0,0.0005,0.00018
251,429.567936356048,449157,49.0,0.0005,0.00018
252,429.56761762155065,449280,50.0,0.0005,0.00018
253,429.56775534139695,449403,51.0,0.0005,0.00018
254,429.5675663368061,449524,52.0,0.0005,0.00018
255,429.56784474678153,449645,53.0,0.0005,0.00018
256,429.5676381155089,449764,54.0,0.0005,0.00018
257,429.5677810148586,449884,55.0,0.0005,0.00018
258,429.5677037805601,450005,56.0,0.0005,0.00018
259,429.5676785484169,450128,57.0,0.0005,0.00018
260,429.567937637362,450251,58.0,0.0005,0.00018
261,429.56786745035794,450372,59.0,0.0005,0.00018
262,429.5678407985101,450492,60.0,0.0005,0.00018
263,429.5678724690367,450611,61.0,0.0005,0.00018
264,429.56757714482126,450728,62.0,0.0005,0.00018
265,429.56769580980824,450845,63.0,0.0005,0.00018
266,429.5678619481881,450961,64.0,0.0005,0.00018
267,429.56770556460873,451075,65.0,0.0005,0.00018
268,429.5678464049633,451189,66.0,0.0005,0.00018
269,429.56779715684036,451302,67.0,0.0005,0.00018
270,429.56773373565,451414,68.0,0.0005,0.00018
271,429.56765054166715,451525,69.0,0.0005,0.00018
272,429.5679203777933,451636,70.0,0.0005,0.00018
273,429.5678135927913,451745,71.0,0.0005,0.00018
274,429.5676891527225,451853,72.0,0.0005,0.00018
275,429.56787291584925,451961,73.0,0.0005,0.00018
276,429.56779426618175,452068,74.0,0.0005,0.00018
277,429.56761269949527,452175,75.0,0.0005,0.00018
278,429.5677764551483,452284,76.0,0.0005,0.00018
279,429.56784661600864,452394,77.0,0.0005,0.00018
280,429.56777709830374,452503,78.0,0.0005,0.00018
281,429.56769614986894,452611,79.0,0.0005,0.00018
282,429.5675923172264,452718,80.0,0.0005,0.00018
283,429.567824043229,452825,81.0,0.0005,0.00018
284,429.56768647578537,452930,82.0,0.0005,0.00018
285,429.5678708499591,453035,83.0,0.0005,0.00018
286,429.56767109272386,453138,84.0,0.0005,0.00018
287,429.56781339956626,453241,85.0,0.0005,0.00018
288,429.56783362208245,453343,86.0,0.0005,0.00018
289,429.56766685870105,453444,87.0,0.0005,0.00018
290,429.5678035928039,453545,88.0,0.0005,0.00018
291,429.5678722869154,453645,89.0,0.0005,0.00018
292,429.5678734323574,453744,90.0,0.0005,0.00018
293,429.56780050961345,453842,91.0,0.0005,0.00018
294,429.56767199948905,453939,92.0,0.0005,0.00018
295,429.5678228839669,454036,93.0,0.0005,0.00018
296,429.5678724758679,454132,94.0,0.0005,0.00018
297,429.56771131960556,454227,95.0,0.0005,0.00018
298,429.56784183031675,454323,96.0,0.0005,0.00018
299,429.5677416300111,454419,97.0,0.0005,0.00018
300,429.56778675846425,454516,98.0,0.0005,0.00018
301,429.5676881884794,454613,99.0,0.0005,0.00018
302,429.5677735646825,454710,100.0,0.0005,0.00018
303,429.99749563526,443016,0.0,0.0015,0.00018
304,429.5675605655946,442960,1.0,0.0015,0.00018
305,429.567635769719,443755,2.0,0.0015,0.00018
306,429.567875076065,444533,3.0,0.0015,0.00018
307,429.5676419655146,445293,4.0,0.0015,0.00018
308,429.56785022444103,446073,5.0,0.0015,0.00018
309,429.5676646062244,446841,6.0,0.0015,0.00018
310,429.56763020742557,447591,7.0,0.0015,0.00018
311,429.56752994609326,448347,8.0,0.0015,0.00018
312,429.56752384214656,449103,9.0,0.0015,0.00018
313,429.5677234674856,449840,10.0,0.0015,0.00018
314,429.5678070898596,450568,11.0,0.0015,0.00018
315,429.5676665901785,451308,12.0,0.0015,0.00018
316,429.56761937212514,452030,13.0,0.0015,0.00018
317,429.5676687336439,452734,14.0,0.0015,0.00018
318,429.56763850085537,453452,15.0,0.0015,0.00018
319,429.56764556191814,454160,16.0,0.0015,0.00018
320,429.5675832774349,454850,17.0,0.0015,0.00018
321,429.5675835994976,455536,18.0,0.0015,0.00018
322,429.5675543934318,456234,19.0,0.0015,0.00018
323,429.5678079902341,456917,20.0,0.0015,0.00018
324,429.5677721367809,457584,21.0,0.0015,0.00018
325,429.5677002808588,458259,22.0,0.0015,0.00018
326,429.5675060009231,458928,23.0,0.0015,0.00018
327,429.5677452937749,459582,24.0,0.0015,0.00018
328,429.56754510236345,460228,25.0,0.0015,0.00018
329,429.56752948551497,460887,26.0,0.0015,0.00018
330,429.56774001877204,461535,27.0,0.0015,0.00018
331,429.5677851025458,462168,28.0,0.0015,0.00018
332,429.56777851654266,462792,29.0,0.0015,0.00018
333,429.56782003538814,463426,30.0,0.0015,0.00018
334,429.5677017129465,464050,31.0,0.0015,0.00018
335,429.5676264615268,464664,32.0,0.0015,0.00018
336,429.5675345933246,465272,33.0,0.0015,0.00018
337,429.56755271442023,465890,34.0,0.0015,0.00018
338,429.56759653340015,466496,35.0,0.0015,0.00018
339,429.5675021925618,467089,36.0,0.0015,0.00018
340,429.56781959408613,467677,37.0,0.0015,0.00018
341,429.5675059454711,468277,38.0,0.0015,0.00018
342,429.5677741706777,468869,39.0,0.0015,0.00018
343,429.5677366263232,469449,40.0,0.0015,0.00018
344,429.567699664969,470021,41.0,0.0015,0.00018
345,429.56760777300707,470602,42.0,0.0015,0.00018
346,429.5675420169953,471176,43.0,0.0015,0.00018
347,429.5677403941187,471744,44.0,0.0015,0.00018
348,429.5675032569253,472303,45.0,0.0015,0.00018
349,429.5677641553121,472870,46.0,0.0015,0.00018
350,429.56754236869347,473435,47.0,0.0015,0.00018
351,429.56779570217464,473992,48.0,0.0015,0.00018
352,429.56751663753556,474538,49.0,0.0015,0.00018
353,429.5676705997142,475084,50.0,0.0015,0.00018
354,429.5675634734367,475636,51.0,0.0015,0.00018
355,429.5677270383948,476180,52.0,0.0015,0.00018
356,429.56764259393805,476714,53.0,0.0015,0.00018
357,429.56753543884156,477244,54.0,0.0015,0.00018
358,429.5675231753756,477782,55.0,0.0015,0.00018
359,429.56751121994563,478318,56.0,0.0015,0.00018
360,429.5676257087747,478846,57.0,0.0015,0.00018
361,429.56752253298396,479365,58.0,0.0015,0.00018
362,429.5677590942669,479883,59.0,0.0015,0.00018
363,429.5677387678526,480407,60.0,0.0015,0.00018
364,429.5676923819909,480924,61.0,0.0015,0.00018
365,429.5676578312888,481433,62.0,0.0015,0.00018
366,429.5677362526929,481935,63.0,0.0015,0.00018
367,429.5676641014572,482441,64.0,0.0015,0.00018
368,429.5676091865909,482952,65.0,0.0015,0.00018
369,429.5676092940649,483456,66.0,0.0015,0.00018
370,429.5677095329149,483953,67.0,0.0015,0.00018
371,429.5677552639715,484444,68.0,0.0015,0.00018
372,429.5675891702087,484938,69.0,0.0015,0.00018
373,429.56759438951957,485434,70.0,0.0015,0.00018
374,429.5676354364653,485923,71.0,0.0015,0.00018
375,429.56769574699734,486405,72.0,0.0015,0.00018
376,429.5675518134156,486881,73.0,0.0015,0.00018
377,429.56772479375974,487364,74.0,0.0015,0.00018
378,429.56769424121666,487848,75.0,0.0015,0.00018
379,429.56756346608944,488325,76.0,0.0015,0.00018
380,429.567564749912,488796,77.0,0.0015,0.00018
381,429.5675057565232,489262,78.0,0.0015,0.00018
382,429.5677261955668,489732,79.0,0.0015,0.00018
383,429.5676837338733,490203,80.0,0.0015,0.00018
384,429.5677237394305,490668,81.0,0.0015,0.00018
385,429.5675955085638,491126,82.0,0.0015,0.00018
386,429.56753036423595,491579,83.0,0.0015,0.00018
387,429.5675657805301,492035,84.0,0.0015,0.00018
388,429.56758484593723,492495,85.0,0.0015,0.00018
389,429.5676720547752,492950,86.0,0.0015,0.00018
390,429.5677376379734,493399,87.0,0.0015,0.00018
391,429.56765064712624,493842,88.0,0.0015,0.00018
392,429.56754417901504,494284,89.0,0.0015,0.00018
393,429.56766101567746,494731,90.0,0.0015,0.00018
394,429.56753613325145,495174,91.0,0.0015,0.00018
395,429.5676075553777,495612,92.0,0.0015,0.00018
396,429.5675792489221,496044,93.0,0.0015,0.00018
397,429.5676392296421,496474,94.0,0.0015,0.00018
398,429.5675177914264,496906,95.0,0.0015,0.00018
399,429.5675462325916,497340,96.0,0.0015,0.00018
400,429.56766165503916,497769,97.0,0.0015,0.00018
401,429.5676154089197,498192,98.0,0.0015,0.00018
402,429.5675248933684,498610,99.0,0.0015,0.00018
403,429.56762569506196,499028,100.0,0.0015,0.00018
404,429.99727978175554,443016,0.0,0.005,0.00018
405,429.5673435735708,445153,1.0,0.005,0.00018
406,429.567495331544,448080,2.0,0.005,0.00018
407,429.5676355718661,450959,3.0,0.005,0.00018
408,429.5676268544068,453769,4.0,0.005,0.00018
409,429.5672898268463,456513,5.0,0.005,0.00018
410,429.5673621586521,459192,6.0,0.005,0.00018
411,429.5674233676476,461799,7.0,0.005,0.00018
412,429.5675952365924,464351,8.0,0.005,0.00018
413,429.56743288231837,466844,9.0,0.005,0.00018
414,429.5674901875216,469285,10.0,0.005,0.00018
415,429.56732564663594,471682,11.0,0.005,0.00018
416,429.5673611845958,474035,12.0,0.005,0.00018
417,429.56746711882244,476354,13.0,0.005,0.00018
418,429.567556385187,478631,14.0,0.005,0.00018
419,429.56734843581245,480866,15.0,0.005,0.00018
420,429.567442215307,483072,16.0,0.005,0.00018
421,429.56734434062975,485245,17.0,0.005,0.00018
422,429.5674855750394,487385,18.0,0.005,0.00018
423,429.56745422161504,489499,19.0,0.005,0.00018
424,429.5675034647463,491579,20.0,0.005,0.00018
425,429.5674325047758,493624,21.0,0.005,0.00018
426,429.56736464774633,495641,22.0,0.005,0.00018
427,429.56739352677124,497638,23.0,0.005,0.00018
428,429.5675115317756,499610,24.0,0.005,0.00018
429,429.56742608710766,501551,25.0,0.005,0.00018
430,429.56746356299783,503461,26.0,0.005,0.00018
431,429.5674954070687,505343,27.0,0.005,0.00018
432,429.5675202740637,507207,28.0,0.005,0.00018
433,429.56734203242,509041,29.0,0.005,0.00018
434,429.56746632323336,510841,30.0,0.005,0.00018
435,429.5672994537489,512612,31.0,0.005,0.00018
436,429.5674845563526,514362,32.0,0.005,0.00018
437,429.5673736081786,516074,33.0,0.005,0.00018
438,429.5672966473592,517750,34.0,0.005,0.00018
439,429.567312140507,519407,35.0,0.005,0.00018
440,429.56749708446955,521029,36.0,0.005,0.00018
441,429.56731117208426,522610,37.0,0.005,0.00018
442,429.5673532837665,524169,38.0,0.005,0.00018
443,429.5674279602171,525691,39.0,0.005,0.00018
444,429.5673368412962,527174,40.0,0.005,0.00018
445,429.56730032443755,528634,41.0,0.005,0.00018
446,429.5674977023612,530054,42.0,0.005,0.00018
447,429.56735876357936,531441,43.0,0.005,0.00018
448,429.56729153485367,532797,44.0,0.005,0.00018
449,429.5674734829241,534113,45.0,0.005,0.00018
450,429.56748944202434,535403,46.0,0.005,0.00018
451,429.56737039881034,536651,47.0,0.005,0.00018
452,429.5673190872605,537874,48.0,0.005,0.00018
453,429.56745728409373,539061,49.0,0.005,0.00018
454,429.5673049281255,540215,50.0,0.005,0.00018
455,429.5673217954369,541338,51.0,0.005,0.00018
456,429.56739978718616,542427,52.0,0.005,0.00018
457,429.56741942572455,543487,53.0,0.005,0.00018
458,429.567461885386,544517,54.0,0.005,0.00018
459,429.5673788812902,545521,55.0,0.005,0.00018
460,429.56734806762574,546493,56.0,0.005,0.00018
461,429.567308438521,547439,57.0,0.005,0.00018
462,429.5675047233384,548356,58.0,0.005,0.00018
463,429.5673778887085,549245,59.0,0.005,0.00018
464,429.56744148664234,550108,60.0,0.005,0.00018
465,429.5672853421098,550942,61.0,0.005,0.00018
466,429.56729809958586,551754,62.0,0.005,0.00018
467,429.5673515477891,552537,63.0,0.005,0.00018
468,429.56737399206787,553305,64.0,0.005,0.00018
469,429.5674581247527,554047,65.0,0.005,0.00018
470,429.5673707782262,554769,66.0,0.005,0.00018
471,429.567472910012,555468,67.0,0.005,0.00018
472,429.5674756546023,556145,68.0,0.005,0.00018
473,429.5674257062199,556803,69.0,0.005,0.00018
474,429.5674389923599,557438,70.0,0.005,0.00018
475,429.5673845463899,558056,71.0,0.005,0.00018
476,429.5673898349718,558653,72.0,0.005,0.00018
477,429.56730832840117,559231,73.0,0.005,0.00018
478,429.5674401216141,559799,74.0,0.005,0.00018
479,429.56737638012044,560348,75.0,0.005,0.00018
480,429.5673854552091,560883,76.0,0.005,0.00018
481,429.56748176091276,561402,77.0,0.005,0.00018
482,429.5674429932684,561904,78.0,0.005,0.00018
483,429.5673797436982,562393,79.0,0.005,0.00018
484,429.5673167243692,562866,80.0,0.005,0.00018
485,429.56730556939357,563325,81.0,0.005,0.00018
486,429.56734921473134,563772,82.0,0.005,0.00018
487,429.5673662815218,564204,83.0,0.005,0.00018
488,429.5674928580607,564628,84.0,0.005,0.00018
489,429.56735278670624,565041,85.0,0.005,0.00018
490,429.56750264532417,565442,86.0,0.005,0.00018
491,429.56750855004594,565832,87.0,0.005,0.00018
492,429.5673095565021,566211,88.0,0.005,0.00018
493,429.567338536593,566579,89.0,0.005,0.00018
494,429.5675354686568,566938,90.0,0.005,0.00018
495,429.5673401402499,567286,91.0,0.005,0.00018
496,429.5673411998823,567624,92.0,0.005,0.00018
497,429.56735523537117,567953,93.0,0.005,0.00018
498,429.56753214886385,568277,94.0,0.005,0.00018
499,429.5674150761494,568591,95.0,0.005,0.00018
500,429.5675236286799,568898,96.0,0.005,0.00018
501,429.5674396150377,569197,97.0,0.005,0.00018
502,429.5675448105888,569488,98.0,0.005,0.00018
503,429.5674747898243,569771,99.0,0.005,0.00018
504,429.5673352737498,570047,100.0,0.005,0.00018
505,429.99752647163155,443016,0.0,0.001,0.00018
506,429.56757507756095,442651,1.0,0.001,0.00018
507,429.5678352739475,443119,2.0,0.001,0.00018
508,429.56759101184485,443594,3.0,0.001,0.00018
509,429.56760715859184,444063,4.0,0.001,0.00018
510,429.5679720729485,444526,5.0,0.001,0.00018
511,429.56776349229034,444981,6.0,0.001,0.00018
512,429.5679878942244,445434,7.0,0.001,0.00018
513,429.5676867576502,445901,8.0,0.001,0.00018
514,429.56758407103683,446361,9.0,0.001,0.00018
515,429.5676551080537,446814,10.0,0.001,0.00018
516,429.5675761373944,447260,11.0,0.001,0.00018
517,429.56758438231634,447699,12.0,0.001,0.00018
518,429.5678871908502,448148,13.0,0.001,0.00018
519,429.5679595677684,448599,14.0,0.001,0.00018
520,429.5676975062318,449042,15.0,0.001,0.00018
521,429.56792194051394,449479,16.0,0.001,0.00018
522,429.5678071030802,449908,17.0,0.001,0.00018
523,429.5676940381619,450333,18.0,0.001,0.00018
524,429.56789880151797,450770,19.0,0.001,0.00018
525,429.5677042844309,451202,20.0,0.001,0.00018
526,429.5677893655212,451628,21.0,0.001,0.00018
527,429.56753492991464,452046,22.0,0.001,0.00018
528,429.56773455729456,452458,23.0,0.001,0.00018
529,429.5677237016588,452869,24.0,0.001,0.00018
530,429.5678917640907,453288,25.0,0.001,0.00018
531,429.56769849619013,453700,26.0,0.001,0.00018
532,429.56769665636824,454108,27.0,0.001,0.00018
533,429.567896026263,454510,28.0,0.001,0.00018
534,429.56791947581,454905,29.0,0.001,0.00018
535,429.56760916242064,455299,30.0,0.001,0.00018
536,429.567649262147,455701,31.0,0.001,0.00018
537,429.56758686845734,456096,32.0,0.001,0.00018
538,429.5675981291348,456488,33.0,0.001,0.00018
539,429.56759517306557,456874,34.0,0.001,0.00018
540,429.56789449240677,457255,35.0,0.001,0.00018
541,429.56764303701027,457632,36.0,0.001,0.00018
542,429.5678247480018,458018,37.0,0.001,0.00018
543,429.56766883788106,458399,38.0,0.001,0.00018
544,429.5678330360816,458777,39.0,0.001,0.00018
545,429.56757606046756,459150,40.0,0.001,0.00018
546,429.5677164398567,459519,41.0,0.001,0.00018
547,429.5675829775417,459883,42.0,0.001,0.00018
548,429.56761501433806,460252,43.0,0.001,0.00018
549,429.56771110951024,460624,44.0,0.001,0.00018
550,429.56759140809527,460990,45.0,0.001,0.00018
551,429.5675835300764,461351,46.0,0.001,0.00018
552,429.5676784903665,461707,47.0,0.001,0.00018
553,429.56781738840556,462058,48.0,0.001,0.00018
554,429.5678476768411,462408,49.0,0.001,0.00018
555,429.56769381269,462765,50.0,0.001,0.00018
556,429.5678269075795,463122,51.0,0.001,0.00018
557,429.5675551537993,463473,52.0,0.001,0.00018
558,429.56784810951643,463821,53.0,0.001,0.00018
559,429.56772080435144,464163,54.0,0.001,0.00018
560,429.56781402758963,464501,55.0,0.001,0.00018
561,429.56773661406,464837,56.0,0.001,0.00018
562,429.56758154714134,465178,57.0,0.001,0.00018
563,429.5675953637874,465518,58.0,0.001,0.00018
564,429.5678355074466,465856,59.0,0.001,0.00018
565,429.56770750029534,466190,60.0,0.001,0.00018
566,429.56760212315436,466520,61.0,0.001,0.00018
567,429.5678155205495,466847,62.0,0.001,0.00018
568,429.56769986459295,467171,63.0,0.001,0.00018
569,429.5678165392024,467500,64.0,0.001,0.00018
570,429.56764408660246,467829,65.0,0.001,0.00018
571,429.56755537400846,468154,66.0,0.001,0.00018
572,429.56780752372157,468476,67.0,0.001,0.00018
573,429.56775862637664,468793,68.0,0.001,0.00018
574,429.5675441835917,469107,69.0,0.001,0.00018
575,429.56760295486583,469420,70.0,0.001,0.00018
576,429.56778105650807,469735,71.0,0.001,0.00018
577,429.56763728533537,470053,72.0,0.001,0.00018
578,429.5676493828823,470369,73.0,0.001,0.00018
579,429.5675676079487,470681,74.0,0.001,0.00018
580,429.5676897637381,470990,75.0,0.001,0.00018
581,429.5676774423493,471295,76.0,0.001,0.00018
582,429.56778833394895,471597,77.0,0.001,0.00018
583,429.56781431158424,471897,78.0,0.001,0.00018
584,429.5676546113917,472200,79.0,0.001,0.00018
585,429.56769600924207,472507,80.0,0.001,0.00018
586,429.5677586050361,472811,81.0,0.001,0.00018
587,429.56760330316456,473111,82.0,0.001,0.00018
588,429.56780791783524,473409,83.0,0.001,0.00018
589,429.567772462313,473703,84.0,0.001,0.00018
590,429.5677376188234,473994,85.0,0.001,0.00018
591,429.5677099105115,474284,86.0,0.001,0.00018
592,429.56758643730996,474576,87.0,0.001,0.00018
593,429.5677337976448,474871,88.0,0.001,0.00018
594,429.5676358442692,475163,89.0,0.001,0.00018
595,429.56763042836343,475453,90.0,0.001,0.00018
596,429.5675992639886,475740,91.0,0.001,0.00018
597,429.56755216068535,476024,92.0,0.001,0.00018
598,429.56772115173436,476306,93.0,0.001,0.00018
599,429.56765413313974,476586,94.0,0.001,0.00018
600,429.5677176170403,476868,95.0,0.001,0.00018
601,429.56759064966093,477152,96.0,0.001,0.00018
602,429.5677497348564,477435,97.0,0.001,0.00018
603,429.56761910734764,477714,98.0,0.001,0.00018
604,429.5677991226265,477992,99.0,0.001,0.00018
605,429.5677465571602,478267,100.0,0.001,0.00018
606,429.9974339626331,443016,0.0,0.0025,0.00018
607,429.56757943206577,443599,1.0,0.0025,0.00018
608,429.56781275427744,444997,2.0,0.0025,0.00018
609,429.56770758822074,446395,3.0,0.0025,0.00018
610,429.5675586886498,447760,4.0,0.0025,0.00018
611,429.56756840512696,449137,5.0,0.0025,0.00018
612,429.56757901877,450468,6.0,0.0025,0.00018
613,429.5675046400874,451811,7.0,0.0025,0.00018
614,429.5677009925963,453115,8.0,0.0025,0.00018
615,429.5677368475496,454426,9.0,0.0025,0.00018
616,429.5675544225378,455697,10.0,0.0025,0.00018
617,429.5677686192701,456971,11.0,0.0025,0.00018
618,429.5677893443588,458213,12.0,0.0025,0.00018
619,429.567635803256,459450,13.0,0.0025,0.00018
620,429.56764972549166,460654,14.0,0.0025,0.00018
621,429.5677219823061,461865,15.0,0.0025,0.00018
622,429.56750865497054,463038,16.0,0.0025,0.00018
623,429.5675020827909,464217,17.0,0.0025,0.00018
624,429.56753246057536,465364,18.0,0.0025,0.00018
625,429.5674925824832,466520,19.0,0.0025,0.00018
626,429.56756092259496,467639,20.0,0.0025,0.00018
627,429.567535701663,468769,21.0,0.0025,0.00018
628,429.56753866790393,469872,22.0,0.0025,0.00018
629,429.5675396138942,470970,23.0,0.0025,0.00018
630,429.5677347562244,472060,24.0,0.0025,0.00018
631,429.56767844500416,473135,25.0,0.0025,0.00018
632,429.56761356764196,474212,26.0,0.0025,0.00018
633,429.5675362417005,475261,27.0,0.0025,0.00018
634,429.56748345702806,476320,28.0,0.0025,0.00018
635,429.56752555857594,477352,29.0,0.0025,0.00018
636,429.567509579802,478385,30.0,0.0025,0.00018
637,429.56770995015677,479411,31.0,0.0025,0.00018
638,429.56744667410607,480417,32.0,0.0025,0.00018
639,429.567544678304,481431,33.0,0.0025,0.00018
640,429.56751474486674,482418,34.0,0.0025,0.00018
641,429.56757740765477,483409,35.0,0.0025,0.00018
642,429.5675923766923,484385,36.0,0.0025,0.00018
643,429.5675141480149,485351,37.0,0.0025,0.00018
644,429.56762237791673,486325,38.0,0.0025,0.00018
645,429.5675382630484,487275,39.0,0.0025,0.00018
646,429.56758322000917,488227,40.0,0.0025,0.00018
647,429.56762639278736,489170,41.0,0.0025,0.00018
648,429.5675711944982,490094,42.0,0.0025,0.00018
649,429.56756482529335,491029,43.0,0.0025,0.00018
650,429.567464589081,491947,44.0,0.0025,0.00018
651,429.56761720993376,492858,45.0,0.0025,0.00018
652,429.567523863549,493771,46.0,0.0025,0.00018
653,429.56749925347003,494664,47.0,0.0025,0.00018
654,429.5676308931904,495559,48.0,0.0025,0.00018
655,429.56754647389175,496447,49.0,0.0025,0.00018
656,429.5675537133134,497320,50.0,0.0025,0.00018
657,429.5674953510843,498199,51.0,0.0025,0.00018
658,429.5674932014196,499066,52.0,0.0025,0.00018
659,429.56752565736235,499919,53.0,0.0025,0.00018
660,429.5676414476401,500779,54.0,0.0025,0.00018
661,429.56753558033216,501623,55.0,0.0025,0.00018
662,429.56757270239484,502458,56.0,0.0025,0.00018
663,429.5674764994605,503299,57.0,0.0025,0.00018
664,429.56760992810536,504125,58.0,0.0025,0.00018
665,429.56758028445364,504941,59.0,0.0025,0.00018
666,429.5676683255285,505762,60.0,0.0025,0.00018
667,429.5675381566482,506566,61.0,0.0025,0.00018
668,429.5676575747183,507362,62.0,0.0025,0.00018
669,429.56760626894436,508161,63.0,0.0025,0.00018
670,429.5674724703082,508944,64.0,0.0025,0.00018
671,429.56751217045496,509718,65.0,0.0025,0.00018
672,429.56758017264787,510497,66.0,0.0025,0.00018
673,429.5676033054434,511262,67.0,0.0025,0.00018
674,429.56747450106315,512015,68.0,0.0025,0.00018
675,429.5675231934087,512772,69.0,0.0025,0.00018
676,429.56763921599804,513517,70.0,0.0025,0.00018
677,429.56751445690577,514248,71.0,0.0025,0.00018
678,429.5675234781958,514981,72.0,0.0025,0.00018
679,429.56747207853834,515705,73.0,0.0025,0.00018
680,429.56747829656615,516415,74.0,0.0025,0.00018
681,429.5674486771309,517122,75.0,0.0025,0.00018
682,429.56760779705417,517828,76.0,0.0025,0.00018
683,429.56756558122856,518519,77.0,0.0025,0.00018
684,429.56753303008196,519202,78.0,0.0025,0.00018
685,429.5675814207132,519886,79.0,0.0025,0.00018
686,429.5674720643686,520557,80.0,0.0025,0.00018
687,429.5675735183128,521217,81.0,0.0025,0.00018
688,429.5675235802101,521875,82.0,0.0025,0.00018
689,429.56755199516783,522527,83.0,0.0025,0.00018
690,429.56745391032257,523165,84.0,0.0025,0.00018
691,429.56746055040975,523796,85.0,0.0025,0.00018
692,429.56760904900324,524428,86.0,0.0025,0.00018
693,429.5674421711264,525048,87.0,0.0025,0.00018
694,429.56745172234554,525657,88.0,0.0025,0.00018
695,429.56745485164106,526262,89.0,0.0025,0.00018
696,429.5675330933756,526864,90.0,0.0025,0.00018
697,429.5674407514487,527453,91.0,0.0025,0.00018
698,429.56756600194535,528033,92.0,0.0025,0.00018
699,429.56760932443433,528610,93.0,0.0025,0.00018
700,429.567639174695,529181,94.0,0.0025,0.00018
701,429.5676330731011,529740,95.0,0.0025,0.00018
702,429.56753259201577,530291,96.0,0.0025,0.00018
703,429.56744686191354,530840,97.0,0.0025,0.00018
704,429.56750180927094,531383,98.0,0.0025,0.00018
705,429.56755949659305,531915,99.0,0.0025,0.00018
706,429.5674510925744,532438,100.0,0.0025,0.00018
707,429.9973414539872,443016,0.0,0.004,0.00018
708,429.56749482706306,444539,1.0,0.004,0.00018
709,429.56750410574057,446864,2.0,0.004,0.00018
710,429.5677712110015,449155,3.0,0.004,0.00018
711,429.56769368359886,451402,4.0,0.004,0.00018
712,429.5676319645565,453606,5.0,0.004,0.00018
713,429.5675817655747,455769,6.0,0.004,0.00018
714,429.56759138199703,457889,7.0,0.004,0.00018
715,429.56743517998336,459978,8.0,0.004,0.00018
716,429.56768373913445,462022,9.0,0.004,0.00018
717,429.5673882118661,464025,10.0,0.004,0.00018
718,429.5674106147735,465985,11.0,0.004,0.00018
719,429.5675174051029,467912,12.0,0.004,0.00018
720,429.5674990974035,469820,13.0,0.004,0.00018
721,429.56742011915213,471696,14.0,0.004,0.00018
722,429.5676486403177,473538,15.0,0.004,0.00018
723,429.56758266499503,475356,16.0,0.004,0.00018
724,429.567485622937,477163,17.0,0.004,0.00018
725,429.5675433273523,478937,18.0,0.004,0.00018
726,429.56746372911397,480678,19.0,0.004,0.00018
727,429.56757030344215,482412,20.0,0.004,0.00018
728,429.56755386657915,484123,21.0,0.004,0.00018
729,429.56751928730847,485799,22.0,0.004,0.00018
730,429.56760080945884,487462,23.0,0.004,0.00018
731,429.5675215263306,489114,24.0,0.004,0.00018
732,429.5673610823725,490733,25.0,0.004,0.00018
733,429.5675692021624,492342,26.0,0.004,0.00018
734,429.56756530144213,493934,27.0,0.004,0.00018
735,429.56746606966476,495498,28.0,0.004,0.00018
736,429.56749841020866,497059,29.0,0.004,0.00018
737,429.5675743694999,498595,30.0,0.004,0.00018
738,429.56750085001335,500108,31.0,0.004,0.00018
739,429.56754103176087,501618,32.0,0.004,0.00018
740,429.5674703374522,503096,33.0,0.004,0.00018
741,429.56737930281736,504567,34.0,0.004,0.00018
742,429.5675124717345,506018,35.0,0.004,0.00018
743,429.56751909223874,507448,36.0,0.004,0.00018
744,429.56747706400057,508870,37.0,0.004,0.00018
745,429.56754588416095,510261,38.0,0.004,0.00018
746,429.5673607237163,511646,39.0,0.004,0.00018
747,429.56754820747125,513002,40.0,0.004,0.00018
748,429.5673510550667,514345,41.0,0.004,0.00018
749,429.56750716748144,515666,42.0,0.004,0.00018
750,429.5674526360398,516967,43.0,0.004,0.00018
751,429.56751064546813,518253,44.0,0.004,0.00018
752,429.56744606089296,519513,45.0,0.004,0.00018
753,429.5674661243795,520760,46.0,0.004,0.00018
754,429.567373642853,521978,47.0,0.004,0.00018
755,429.56753191084334,523185,48.0,0.004,0.00018
756,429.5675599490601,524362,49.0,0.004,0.00018
757,429.56740356150084,525526,50.0,0.004,0.00018
758,429.5673845214607,526662,51.0,0.004,0.00018
759,429.56739483988133,527786,52.0,0.004,0.00018
760,429.5675443502741,528883,53.0,0.004,0.00018
761,429.5674409795075,529963,54.0,0.004,0.00018
762,429.56748020841553,531019,55.0,0.004,0.00018
763,429.5674808067586,532055,56.0,0.004,0.00018
764,429.56747461240644,533071,57.0,0.004,0.00018
765,429.56747033860296,534062,58.0,0.004,0.00018
766,429.56742414929806,535039,59.0,0.004,0.00018
767,429.56754969933496,535990,60.0,0.004,0.00018
768,429.56749281256936,536928,61.0,0.004,0.00018
769,429.56752572093654,537839,62.0,0.004,0.00018
770,429.5674414502586,538734,63.0,0.004,0.00018
771,429.56746590060004,539608,64.0,0.004,0.00018
772,429.5673793945945,540459,65.0,0.004,0.00018
773,429.5674652955064,541297,66.0,0.004,0.00018
774,429.5673673668583,542109,67.0,0.004,0.00018
775,429.56747404052027,542911,68.0,0.004,0.00018
776,429.56739438365616,543692,69.0,0.004,0.00018
777,429.5674326228101,544453,70.0,0.004,0.00018
778,429.56734523091336,545201,71.0,0.004,0.00018
779,429.56736020274684,545927,72.0,0.004,0.00018
780,429.5675503758117,546638,73.0,0.004,0.00018
781,429.5674600089676,547333,74.0,0.004,0.00018
782,429.5674088515206,548007,75.0,0.004,0.00018
783,429.56736696479464,548668,76.0,0.004,0.00018
784,429.5674641887172,549314,77.0,0.004,0.00018
785,429.5674604086066,549944,78.0,0.004,0.00018
786,429.5675159866002,550563,79.0,0.004,0.00018
787,429.56736562659967,551165,80.0,0.004,0.00018
788,429.56736435269073,551751,81.0,0.004,0.00018
789,429.5675651037951,552327,82.0,0.004,0.00018
790,429.56757109711896,552887,83.0,0.004,0.00018
791,429.56750726427833,553431,84.0,0.004,0.00018
792,429.56734461699557,553964,85.0,0.004,0.00018
793,429.5675554879369,554485,86.0,0.004,0.00018
794,429.56737258094995,554990,87.0,0.004,0.00018
795,429.5674963080953,555489,88.0,0.004,0.00018
796,429.56736283952966,555976,89.0,0.004,0.00018
797,429.56743658505775,556450,90.0,0.004,0.00018
798,429.56739369077434,556913,91.0,0.004,0.00018
799,429.5673838453188,557367,92.0,0.004,0.00018
800,429.5675639681748,557809,93.0,0.004,0.00018
801,429.5675069957349,558239,94.0,0.004,0.00018
802,429.5675420796397,558661,95.0,0.004,0.00018
803,429.5675113121037,559072,96.0,0.004,0.00018
804,429.56739814047313,559472,97.0,0.004,0.00018
805,429.5675360790084,559867,98.0,0.004,0.00018
806,429.56735604683087,560253,99.0,0.004,0.00018
807,429.56751827643785,560630,100.0,0.004,0.00018
808,429.997310617851,443016,0.0,0.0045,0.00018
809,429.5677906536994,444848,1.0,0.0045,0.00018
810,429.5677719042713,447474,2.0,0.0045,0.00018
811,429.56741614876273,450054,3.0,0.0045,0.00018
812,429.56747791283686,452581,4.0,0.0045,0.00018
813,429.5676783231941,455064,5.0,0.0045,0.00018
814,429.56763734785955,457489,6.0,0.0045,0.00018
815,429.56743687926337,459864,7.0,0.0045,0.00018
816,429.56757886293616,462183,8.0,0.0045,0.00018
817,429.5674285924942,464455,9.0,0.0045,0.00018
818,429.5674838428349,466681,10.0,0.0045,0.00018
819,429.5673165259242,468862,11.0,0.0045,0.00018
820,429.5673616915919,471005,12.0,0.0045,0.00018
821,429.56733778491514,473107,13.0,0.0045,0.00018
822,429.5676206276029,475193,14.0,0.0045,0.00018
823,429.56747473082464,477249,15.0,0.0045,0.00018
824,429.567356104304,479268,16.0,0.0045,0.00018
825,429.5673763990432,481255,17.0,0.0045,0.00018
826,429.5673529423081,483211,18.0,0.0045,0.00018
827,429.56759407063623,485145,19.0,0.0045,0.00018
828,429.5673852718286,487053,20.0,0.0045,0.00018
829,429.5675536091865,488938,21.0,0.0045,0.00018
830,429.5674651020953,490790,22.0,0.0045,0.00018
831,429.5674028525376,492622,23.0,0.0045,0.00018
832,429.5673418621478,494438,24.0,0.0045,0.00018
833,429.5673898154393,496227,25.0,0.0045,0.00018
834,429.5675285860289,497987,26.0,0.0045,0.00018
835,429.5675473503832,499736,27.0,0.0045,0.00018
836,429.5673983737484,501461,28.0,0.0045,0.00018
837,429.5675410944462,503156,29.0,0.0045,0.00018
838,429.5675043198662,504837,30.0,0.0045,0.00018
839,429.5674162981653,506497,31.0,0.0045,0.00018
840,429.56745782435047,508127,32.0,0.0045,0.00018
841,429.56754620501636,509743,33.0,0.0045,0.00018
842,429.56737833604643,511335,34.0,0.0045,0.00018
843,429.56746307626156,512894,35.0,0.0045,0.00018
844,429.5675302218068,514440,36.0,0.0045,0.00018
845,429.5674751013921,515956,37.0,0.0045,0.00018
846,429.56739369869643,517442,38.0,0.0045,0.00018
847,429.5675361392736,518916,39.0,0.0045,0.00018
848,429.56739730989506,520352,40.0,0.0045,0.00018
849,429.5673656309441,521770,41.0,0.0045,0.00018
850,429.56735122864194,523160,42.0,0.0045,0.00018
851,429.56738852704507,524519,43.0,0.0045,0.00018
852,429.5674678492419,525860,44.0,0.0045,0.00018
853,429.56751661287586,527164,45.0,0.0045,0.00018
854,429.56753241884496,528453,46.0,0.0045,0.00018
855,429.56748694474777,529705,47.0,0.0045,0.00018
856,429.5674733471432,530938,48.0,0.0045,0.00018
857,429.5673170406574,532137,49.0,0.0045,0.00018
858,429.5673423680599,533314,50.0,0.0045,0.00018
859,429.56741572719545,534461,51.0,0.0045,0.00018
860,429.56747146567767,535583,52.0,0.0045,0.00018
861,429.56740738901203,536678,53.0,0.0045,0.00018
862,429.56744540958516,537749,54.0,0.0045,0.00018
863,429.5673751501415,538791,55.0,0.0045,0.00018
864,429.5673165111385,539810,56.0,0.0045,0.00018
865,429.567445736852,540800,57.0,0.0045,0.00018
866,429.56745024248966,541769,58.0,0.0045,0.00018
867,429.5675026638055,542707,59.0,0.0045,0.00018
868,429.5674882761669,543630,60.0,0.0045,0.00018
869,429.5673334640361,544523,61.0,0.0045,0.00018
870,429.5675026998699,545400,62.0,0.0045,0.00018
871,429.5673459268774,546248,63.0,0.0045,0.00018
872,429.56747278477116,547077,64.0,0.0045,0.00018
873,429.56739801099,547883,65.0,0.0045,0.00018
874,429.5674795806007,548665,66.0,0.0045,0.00018
875,429.5674898432992,549430,67.0,0.0045,0.00018
876,429.5674859680836,550169,68.0,0.0045,0.00018
877,429.56751492570623,550891,69.0,0.0045,0.00018
878,429.5673250724895,551595,70.0,0.0045,0.00018
879,429.56737381321676,552280,71.0,0.0045,0.00018
880,429.56734622288457,552950,72.0,0.0045,0.00018
881,429.56750648190564,553599,73.0,0.0045,0.00018
882,429.5675279935917,554231,74.0,0.0045,0.00018
883,429.56731907823297,554846,75.0,0.0045,0.00018
884,429.567349696764,555442,76.0,0.0045,0.00018
885,429.5673465554072,556024,77.0,0.0045,0.00018
886,429.567331177129,556589,78.0,0.0045,0.00018
887,429.56745326620944,557137,79.0,0.0045,0.00018
888,429.5674685164623,557676,80.0,0.0045,0.00018
889,429.5674359683254,558200,81.0,0.0045,0.00018
890,429.56738256439735,558709,82.0,0.0045,0.00018
891,429.5673667762172,559207,83.0,0.0045,0.00018
892,429.56731890736677,559690,84.0,0.0045,0.00018
893,429.5674299010807,560160,85.0,0.0045,0.00018
894,429.56741408726356,560619,86.0,0.0045,0.00018
895,429.5673189833972,561064,87.0,0.0045,0.00018
896,429.56740831423156,561497,88.0,0.0045,0.00018
897,429.56747259695294,561920,89.0,0.0045,0.00018
898,429.5675356382318,562334,90.0,0.0045,0.00018
899,429.5675243040596,562737,91.0,0.0045,0.00018
900,429.56748468922757,563131,92.0,0.0045,0.00018
901,429.5674639248511,563515,93.0,0.0045,0.00018
902,429.56741973800155,563888,94.0,0.0045,0.00018
903,429.56732430471266,564252,95.0,0.0045,0.00018
904,429.56736942390125,564608,96.0,0.0045,0.00018
905,429.56748733679643,564954,97.0,0.0045,0.00018
906,429.5675528129104,565291,98.0,0.0045,0.00018
907,429.5674741197878,565620,99.0,0.0045,0.00018
908,429.56732363334004,565942,100.0,0.0045,0.00018
909,429.9974647989272,443016,0.0,0.002,0.00018
910,429.567732982471,443281,1.0,0.002,0.00018
911,429.5676264032802,444381,2.0,0.002,0.00018
912,429.56789446841253,445452,3.0,0.002,0.00018
913,429.56756724980136,446545,4.0,0.002,0.00018
914,429.567853055016,447604,5.0,0.002,0.00018
915,429.5677544733115,448670,6.0,0.002,0.00018
916,429.56752075075906,449718,7.0,0.002,0.00018
917,429.5677124266638,450754,8.0,0.002,0.00018
918,429.56763620975823,451791,9.0,0.002,0.00018
919,429.56760297224713,452795,10.0,0.002,0.00018
920,429.56770357986096,453816,11.0,0.002,0.00018
921,429.567739013254,454807,12.0,0.002,0.00018
922,429.56782405491066,455786,13.0,0.002,0.00018
923,429.56757067846723,456767,14.0,0.002,0.00018
924,429.5678351783944,457718,15.0,0.002,0.00018
925,429.5675086029314,458676,16.0,0.002,0.00018
926,429.56755958442824,459618,17.0,0.002,0.00018
927,429.5676222437997,460542,18.0,0.002,0.00018
928,429.5676507847702,461473,19.0,0.002,0.00018
929,429.56756735121854,462382,20.0,0.002,0.00018
930,429.56759231133594,463292,21.0,0.002,0.00018
931,429.56762759735506,464198,22.0,0.002,0.00018
932,429.5677560799086,465080,23.0,0.002,0.00018
933,429.56769233435256,465969,24.0,0.002,0.00018
934,429.5676071359285,466843,25.0,0.002,0.00018
935,429.5675711145556,467698,26.0,0.002,0.00018
936,429.56758028481227,468569,27.0,0.002,0.00018
937,429.56761725145685,469422,28.0,0.002,0.00018
938,429.5676112492483,470257,29.0,0.002,0.00018
939,429.5677126182352,471103,30.0,0.002,0.00018
940,429.56747122998905,471928,31.0,0.002,0.00018
941,429.56773012902784,472738,32.0,0.002,0.00018
942,429.5675816385296,473565,33.0,0.002,0.00018
943,429.5675415422602,474375,34.0,0.002,0.00018
944,429.56776054849826,475171,35.0,0.002,0.00018
945,429.5675162280045,475976,36.0,0.002,0.00018
946,429.56763644708076,476766,37.0,0.002,0.00018
947,429.5677111363926,477540,38.0,0.002,0.00018
948,429.567661833279,478326,39.0,0.002,0.00018
949,429.567505997354,479102,40.0,0.002,0.00018
950,429.56750905658294,479863,41.0,0.002,0.00018
951,429.5675929076746,480631,42.0,0.002,0.00018
952,429.56766457252496,481392,43.0,0.002,0.00018
953,429.5677313328586,482137,44.0,0.002,0.00018
954,429.56760392019584,482882,45.0,0.002,0.00018
955,429.5677237874354,483632,46.0,0.002,0.00018
956,429.5674865133958,484366,47.0,0.002,0.00018
957,429.5676817849449,485094,48.0,0.002,0.00018
958,429.5675060915478,485829,49.0,0.002,0.00018
959,429.5676354310338,486552,50.0,0.002,0.00018
960,429.56762147506834,487262,51.0,0.002,0.00018
961,429.56746745984395,487981,52.0,0.002,0.00018
962,429.5674926352035,488696,53.0,0.002,0.00018
963,429.5674968445585,489398,54.0,0.002,0.00018
964,429.5676806286188,490098,55.0,0.002,0.00018
965,429.5677215817418,490803,56.0,0.002,0.00018
966,429.56765495460667,491495,57.0,0.002,0.00018
967,429.5677000387013,492177,58.0,0.002,0.00018
968,429.5676446273423,492865,59.0,0.002,0.00018
969,429.5675130148112,493547,60.0,0.002,0.00018
970,429.56768647278705,494218,61.0,0.002,0.00018
971,429.56771560016387,494886,62.0,0.002,0.00018
972,429.56755391329074,495560,63.0,0.002,0.00018
973,429.56750445185196,496224,64.0,0.002,0.00018
974,429.5676649927394,496878,65.0,0.002,0.00018
975,429.5676064595886,497533,66.0,0.002,0.00018
976,429.5674800588415,498188,67.0,0.002,0.00018
977,429.5676918729784,498833,68.0,0.002,0.00018
978,429.5675872092233,499468,69.0,0.002,0.00018
979,429.5675454743724,500108,70.0,0.002,0.00018
980,429.5676243477819,500744,71.0,0.002,0.00018
981,429.56749029124285,501370,72.0,0.002,0.00018
982,429.56757709306123,501991,73.0,0.002,0.00018
983,429.5676057594617,502617,74.0,0.002,0.00018
984,429.56752504720095,503236,75.0,0.002,0.00018
985,429.56751377425843,503845,76.0,0.002,0.00018
986,429.5675195232416,504449,77.0,0.002,0.00018
987,429.5676479360389,505058,78.0,0.002,0.00018
988,429.56759810912126,505659,79.0,0.002,0.00018
989,429.5675694406475,506250,80.0,0.002,0.00018
990,429.56748098798965,506836,81.0,0.002,0.00018
991,429.5676132925346,507428,82.0,0.002,0.00018
992,429.5676200448456,508013,83.0,0.002,0.00018
993,429.56751843968823,508588,84.0,0.002,0.00018
994,429.56749815192416,509158,85.0,0.002,0.00018
995,429.5676410447822,509732,86.0,0.002,0.00018
996,429.56769145747086,510300,87.0,0.002,0.00018
997,429.56761109882274,510858,88.0,0.002,0.00018
998,429.5676256678257,511410,89.0,0.002,0.00018
999,429.56748561494504,511963,90.0,0.002,0.00018
1000,429.5675782284516,512514,91.0,0.002,0.00018
1001,429.5674831467785,513056,92.0,0.002,0.00018
1002,429.5674799116108,513591,93.0,0.002,0.00018
1003,429.5676524606945,514126,94.0,0.002,0.00018
1004,429.56752055261484,514660,95.0,0.002,0.00018
1005,429.5676720582667,515187,96.0,0.002,0.00018
1006,429.56768480853054,515705,97.0,0.002,0.00018
1007,429.5674838949959,516218,98.0,0.002,0.00018
1008,429.56762718412995,516734,99.0,0.002,0.00018
1009,429.5676728325146,517244,100.0,0.002,0.00018
1010,429.9974031263782,443016,0.0,0.003,0.00018
1011,429.56761616756023,443915,1.0,0.003,0.00018
1012,429.56749430308355,445613,2.0,0.003,0.00018
1013,429.5677093374099,447316,3.0,0.003,0.00018
1014,429.56767834075544,448994,4.0,0.003,0.00018
1015,429.56780766368814,450632,5.0,0.003,0.00018
1016,429.5674274056353,452264,6.0,0.003,0.00018
1017,429.56763436484647,453873,7.0,0.003,0.00018
1018,429.5677826687405,455442,8.0,0.003,0.00018
1019,429.5677299083668,457009,9.0,0.003,0.00018
1020,429.5675417733142,458541,10.0,0.003,0.00018
1021,429.56754933083334,460044,11.0,0.003,0.00018
1022,429.5677458031268,461536,12.0,0.003,0.00018
1023,429.5675939994109,462989,13.0,0.003,0.00018
1024,429.5676822254276,464441,14.0,0.003,0.00018
1025,429.5676200597622,465860,15.0,0.003,0.00018
1026,429.567519552549,467267,16.0,0.003,0.00018
1027,429.56750158307716,468653,17.0,0.003,0.00018
1028,429.56743747693235,470019,18.0,0.003,0.00018
1029,429.56768809078505,471380,19.0,0.003,0.00018
1030,429.56771294081017,472709,20.0,0.003,0.00018
1031,429.5674973149174,474047,21.0,0.003,0.00018
1032,429.5676194127895,475351,22.0,0.003,0.00018
1033,429.56758110159217,476661,23.0,0.003,0.00018
1034,429.5675555206552,477935,24.0,0.003,0.00018
1035,429.56755910763786,479214,25.0,0.003,0.00018
1036,429.5674174789691,480466,26.0,0.003,0.00018
1037,429.5675235634843,481724,27.0,0.003,0.00018
1038,429.56761203729286,482950,28.0,0.003,0.00018
1039,429.56757565243646,484180,29.0,0.003,0.00018
1040,429.56748379658427,485378,30.0,0.003,0.00018
1041,429.5674368769516,486586,31.0,0.003,0.00018
1042,429.56755041803643,487767,32.0,0.003,0.00018
1043,429.5676315014953,488955,33.0,0.003,0.00018
1044,429.56760296894385,490113,34.0,0.003,0.00018
1045,429.5674436703076,491276,35.0,0.003,0.00018
1046,429.5674220579062,492414,36.0,0.003,0.00018
1047,429.56754268193134,493558,37.0,0.003,0.00018
1048,429.5675874574446,494682,38.0,0.003,0.00018
1049,429.56741308043604,495800,39.0,0.003,0.00018
1050,429.567624964981,496908,40.0,0.003,0.00018
1051,429.5675459217042,498000,41.0,0.003,0.00018
1052,429.5676551019301,499094,42.0,0.003,0.00018
1053,429.5676317415456,500165,43.0,0.003,0.00018
1054,429.56744510109013,501241,44.0,0.003,0.00018
1055,429.5676360337511,502294,45.0,0.003,0.00018
1056,429.56747543625386,503347,46.0,0.003,0.00018
1057,429.56744514853494,504385,47.0,0.003,0.00018
1058,429.5676231780295,505415,48.0,0.003,0.00018
1059,429.567561201771,506441,49.0,0.003,0.00018
1060,429.56741867329515,507445,50.0,0.003,0.00018
1061,429.567554362117,508454,51.0,0.003,0.00018
1062,429.56756154699997,509441,52.0,0.003,0.00018
1063,429.5675855801969,510423,53.0,0.003,0.00018
1064,429.5674284905692,511395,54.0,0.003,0.00018
1065,429.5675546867388,512349,55.0,0.003,0.00018
1066,429.5674558424492,513304,56.0,0.003,0.00018
1067,429.5676126578889,514240,57.0,0.003,0.00018
1068,429.5674759515004,515169,58.0,0.003,0.00018
1069,429.5674394434193,516091,59.0,0.003,0.00018
1070,429.56743849510735,516993,60.0,0.003,0.00018
1071,429.567472767614,517895,61.0,0.003,0.00018
1072,429.5675187318083,518780,62.0,0.003,0.00018
1073,429.5675590592457,519651,63.0,0.003,0.00018
1074,429.56754525313556,520520,64.0,0.003,0.00018
1075,429.5676103626125,521369,65.0,0.003,0.00018
1076,429.5674533031316,522209,66.0,0.003,0.00018
1077,429.5675618721097,523044,67.0,0.003,0.00018
1078,429.56755875446385,523860,68.0,0.003,0.00018
1079,429.5674849408928,524671,69.0,0.003,0.00018
1080,429.5674223092722,525471,70.0,0.003,0.00018
1081,429.5675646291223,526254,71.0,0.003,0.00018
1082,429.56746662723367,527032,72.0,0.003,0.00018
1083,429.56755198958575,527798,73.0,0.003,0.00018
1084,429.56761626518266,528547,74.0,0.003,0.00018
1085,429.56749120653154,529291,75.0,0.003,0.00018
1086,429.56756296422344,530023,76.0,0.003,0.00018
1087,429.5675456205882,530739,77.0,0.003,0.00018
1088,429.56748543569705,531451,78.0,0.003,0.00018
1089,429.5674903735068,532152,79.0,0.003,0.00018
1090,429.5675350720083,532837,80.0,0.003,0.00018
1091,429.5675447006751,533515,81.0,0.003,0.00018
1092,429.56748441181765,534184,82.0,0.003,0.00018
1093,429.56746111263095,534837,83.0,0.003,0.00018
1094,429.5675575172978,535481,84.0,0.003,0.00018
1095,429.5674182129558,536118,85.0,0.003,0.00018
1096,429.5675293824777,536741,86.0,0.003,0.00018
1097,429.56748815569375,537352,87.0,0.003,0.00018
1098,429.56760848701333,537960,88.0,0.003,0.00018
1099,429.5674164995775,538555,89.0,0.003,0.00018
1100,429.5676000109304,539138,90.0,0.003,0.00018
1101,429.5674723946537,539712,91.0,0.003,0.00018
1102,429.56749578376605,540280,92.0,0.003,0.00018
1103,429.5674470282662,540834,93.0,0.003,0.00018
1104,429.5675945938767,541378,94.0,0.003,0.00018
1105,429.56746204490145,541915,95.0,0.003,0.00018
1106,429.567482277483,542443,96.0,0.003,0.00018
1107,429.5674270797248,542959,97.0,0.003,0.00018
1108,429.56745469664185,543468,98.0,0.003,0.00018
1109,429.5675439746174,543972,99.0,0.003,0.00018
1110,429.5674587014098,544465,100.0,0.003,0.00018
1111,429.99721810968526,443016,0.0,0.006,0.00018
1112,429.56724330386754,445776,1.0,0.006,0.00018
1113,429.56756963386675,449315,2.0,0.006,0.00018
1114,429.56740437814943,452739,3.0,0.006,0.00018
1115,429.56759952116784,456097,4.0,0.006,0.00018
1116,429.56740981383626,459354,5.0,0.006,0.00018
1117,429.5674106945189,462504,6.0,0.006,0.00018
1118,429.567430479596,465568,7.0,0.006,0.00018
1119,429.5674496036532,468573,8.0,0.006,0.00018
1120,429.5675007214374,471502,9.0,0.006,0.00018
1121,429.567306887646,474365,10.0,0.006,0.00018
1122,429.56725809599277,477176,11.0,0.006,0.00018
1123,429.5672928880526,479927,12.0,0.006,0.00018
1124,429.56743993666686,482629,13.0,0.006,0.00018
1125,429.5674291328972,485281,14.0,0.006,0.00018
1126,429.5674824926292,487882,15.0,0.006,0.00018
1127,429.56745768595266,490446,16.0,0.006,0.00018
1128,429.56748425755353,492965,17.0,0.006,0.00018
1129,429.56736003828945,495442,18.0,0.006,0.00018
1130,429.56733916551383,497882,19.0,0.006,0.00018
1131,429.5672686136906,500281,20.0,0.006,0.00018
1132,429.56731428034936,502643,21.0,0.006,0.00018
1133,429.56731326787116,504966,22.0,0.006,0.00018
1134,429.56739953579944,507249,23.0,0.006,0.00018
1135,429.56728510961625,509493,24.0,0.006,0.00018
1136,429.5673260739109,511695,25.0,0.006,0.00018
1137,429.5672366788538,513852,26.0,0.006,0.00018
1138,429.56738259963004,515964,27.0,0.006,0.00018
1139,429.5672902415255,518029,28.0,0.006,0.00018
1140,429.56729501194883,520054,29.0,0.006,0.00018
1141,429.56727983912384,522035,30.0,0.006,0.00018
1142,429.56729617643015,523967,31.0,0.006,0.00018
1143,429.56741631826645,525848,32.0,0.006,0.00018
1144,429.56726445781044,527676,33.0,0.006,0.00018
1145,429.5674296114884,529462,34.0,0.006,0.00018
1146,429.56734016979397,531200,35.0,0.006,0.00018
1147,429.5672644482509,532884,36.0,0.006,0.00018
1148,429.56736221781847,534515,37.0,0.006,0.00018
1149,429.5674240837758,536102,38.0,0.006,0.00018
1150,429.56722242023693,537638,39.0,0.006,0.00018
1151,429.56727338221015,539122,40.0,0.006,0.00018
1152,429.56735660634104,540562,41.0,0.006,0.00018
1153,429.56725759162657,541954,42.0,0.006,0.00018
1154,429.56724706533294,543293,43.0,0.006,0.00018
1155,429.56727801069195,544591,44.0,0.006,0.00018
1156,429.5672733808384,545847,45.0,0.006,0.00018
1157,429.5672535955872,547058,46.0,0.006,0.00018
1158,429.56735613674323,548232,47.0,0.006,0.00018
1159,429.5672335204491,549358,48.0,0.006,0.00018
1160,429.56736160401925,550449,49.0,0.006,0.00018
1161,429.56727933873236,551497,50.0,0.006,0.00018
1162,429.56724360515176,552507,51.0,0.006,0.00018
1163,429.5672953914624,553481,52.0,0.006,0.00018
1164,429.56725737134974,554416,53.0,0.006,0.00018
1165,429.5673387546039,555319,54.0,0.006,0.00018
1166,429.5673130479305,556192,55.0,0.006,0.00018
1167,429.5674010048717,557038,56.0,0.006,0.00018
1168,429.5672449320113,557849,57.0,0.006,0.00018
1169,429.567308425644,558634,58.0,0.006,0.00018
1170,429.5673112179292,559387,59.0,0.006,0.00018
1171,429.56741329057684,560115,60.0,0.006,0.00018
1172,429.56733968987544,560813,61.0,0.006,0.00018
1173,429.56733440477086,561487,62.0,0.006,0.00018
1174,429.5674725988642,562135,63.0,0.006,0.00018
1175,429.5672625434131,562758,64.0,0.006,0.00018
1176,429.56744731862875,563367,65.0,0.006,0.00018
1177,429.5672987210318,563954,66.0,0.006,0.00018
1178,429.5672221181272,564522,67.0,0.006,0.00018
1179,429.56730409925206,565069,68.0,0.006,0.00018
1180,429.5672251641024,565598,69.0,0.006,0.00018
1181,429.5672416966847,566107,70.0,0.006,0.00018
1182,429.56738879889514,566600,71.0,0.006,0.00018
1183,429.56734754852215,567074,72.0,0.006,0.00018
1184,429.5674468929823,567532,73.0,0.006,0.00018
1185,429.5674382803391,567974,74.0,0.006,0.00018
1186,429.56739505527673,568405,75.0,0.006,0.00018
1187,429.5673181053862,568824,76.0,0.006,0.00018
1188,429.56745264812616,569229,77.0,0.006,0.00018
1189,429.56744141795593,569621,78.0,0.006,0.00018
1190,429.5673956824748,570000,79.0,0.006,0.00018
1191,429.56726828073994,570366,80.0,0.006,0.00018
1192,429.5674606406571,570722,81.0,0.006,0.00018
1193,429.56746773846,571065,82.0,0.006,0.00018
1194,429.5673506572668,571397,83.0,0.006,0.00018
1195,429.56749203248484,571719,84.0,0.006,0.00018
1196,429.56731967064445,572033,85.0,0.006,0.00018
1197,429.56748884097686,572340,86.0,0.006,0.00018
1198,429.56728743497257,572636,87.0,0.006,0.00018
1199,429.56724376102983,572924,88.0,0.006,0.00018
1200,429.5673460926097,573204,89.0,0.006,0.00018
1201,429.5673634333056,573475,90.0,0.006,0.00018
1202,429.56751578193246,573739,91.0,0.006,0.00018
1203,429.5674572512729,573994,92.0,0.006,0.00018
1204,429.5675099986929,574242,93.0,0.006,0.00018
1205,429.5672951334084,574482,94.0,0.006,0.00018
1206,429.56740253785415,574718,95.0,0.006,0.00018
1207,429.5673890440684,574948,96.0,0.006,0.00018
1208,429.5672403037013,575171,97.0,0.006,0.00018
1209,429.56741442163656,575389,98.0,0.006,0.00018
1210,429.56749608423587,575601,99.0,0.006,0.00018
1211,429.5672551534456,575806,100.0,0.006,0.00018
