,Unnamed: 0,total_counts,area,time,D (um^2/s),alpha (1/s)
0,0.0,429.9976003329285,443016,0.0,0.02,0.0161
1,1.0,429.56797641507313,441853,0.2,0.02,0.0161
2,2.0,429.56766893193264,441489,0.4,0.02,0.0161
3,3.0,429.5677725278824,441090,0.6,0.02,0.0161
4,4.0,429.5677503322595,440652,0.8,0.02,0.0161
5,5.0,429.5679018899444,440174,1.0,0.02,0.0161
6,6.0,429.56760799529434,439652,1.2,0.02,0.0161
7,7.0,429.5677069785692,439096,1.4,0.02,0.0161
8,8.0,429.5676063178026,438511,1.6,0.02,0.0161
9,9.0,429.5676493190974,437888,1.8,0.02,0.0161
10,10.0,429.5678467815937,437228,2.0,0.02,0.0161
11,11.0,429.5676293961252,436531,2.2,0.02,0.0161
12,12.0,429.56794503933105,435802,2.4,0.02,0.0161
13,13.0,429.5678440486466,435059,2.6,0.02,0.0161
14,14.0,429.5678899315798,434290,2.8,0.02,0.0161
15,15.0,429.5677589124522,433491,3.0,0.02,0.0161
16,16.0,429.5676972183937,432665,3.2,0.02,0.0161
17,17.0,429.56782173835165,431825,3.4,0.02,0.0161
18,18.0,429.5676514330959,430972,3.6,0.02,0.0161
19,19.0,429.5676411304305,430095,3.8,0.02,0.0161
20,20.0,429.56776470838975,429193,4.0,0.02,0.0161
21,21.0,429.56766007130494,428288,4.2,0.02,0.0161
22,22.0,429.56765443993646,427369,4.4,0.02,0.0161
23,23.0,429.56788267919967,426428,4.6,0.02,0.0161
24,24.0,429.5678876126159,425474,4.8,0.02,0.0161
25,25.0,429.5677695819837,424515,5.0,0.02,0.0161
26,26.0,429.567614742146,423535,5.2,0.02,0.0161
27,27.0,429.5676029021539,422537,5.4,0.02,0.0161
28,28.0,429.56764326342545,421543,5.6,0.02,0.0161
29,29.0,429.56760965782394,420537,5.8,0.02,0.0161
30,30.0,429.56788943975226,419513,6.0,0.02,0.0161
31,31.0,429.56771105142496,418485,6.2,0.02,0.0161
32,32.0,429.5677675782963,417450,6.4,0.02,0.0161
33,33.0,429.5678533585592,416400,6.6,0.02,0.0161
34,34.0,429.56769109574617,415356,6.8,0.02,0.0161
35,35.0,429.5678431059712,414312,7.0,0.02,0.0161
36,36.0,429.56766138562296,413241,7.2,0.02,0.0161
37,37.0,429.5676488024255,412174,7.4,0.02,0.0161
38,38.0,429.5676110574284,411103,7.6,0.02,0.0161
39,39.0,429.56785911012565,410022,7.8,0.02,0.0161
40,40.0,429.5678441183898,408951,8.0,0.02,0.0161
41,41.0,429.5678285837634,407873,8.2,0.02,0.0161
42,42.0,429.5678136956053,406775,8.4,0.02,0.0161
43,43.0,429.5677230955223,405686,8.6,0.02,0.0161
44,44.0,429.56765073119664,404591,8.8,0.02,0.0161
45,45.0,429.56763600303816,403492,9.0,0.02,0.0161
46,46.0,429.56776870780794,402406,9.2,0.02,0.0161
47,47.0,429.5678567633182,401301,9.4,0.02,0.0161
48,48.0,429.5676494951515,400191,9.6,0.02,0.0161
49,49.0,429.56765476664714,399089,9.8,0.02,0.0161
50,50.0,429.5678081268176,397979,10.0,0.02,0.0161
51,51.0,429.56777535922635,396876,10.2,0.02,0.0161
52,52.0,429.5677696603881,395774,10.4,0.02,0.0161
53,53.0,429.56781735021747,394655,10.6,0.02,0.0161
54,54.0,429.5678000390667,393545,10.8,0.02,0.0161
55,55.0,429.56771038087834,392433,11.0,0.02,0.0161
56,56.0,429.5678567556163,391319,11.2,0.02,0.0161
57,57.0,429.5676241169444,390216,11.4,0.02,0.0161
58,58.0,429.5677517872195,389100,11.6,0.02,0.0161
59,59.0,429.5678277790687,387983,11.8,0.02,0.0161
60,60.0,429.56767481599167,386872,12.0,0.02,0.0161
61,61.0,429.567609661291,385755,12.2,0.02,0.0161
62,62.0,429.56780342429306,384649,12.4,0.02,0.0161
63,63.0,429.5676928007092,383542,12.6,0.02,0.0161
64,64.0,429.5676354326474,382423,12.8,0.02,0.0161
65,65.0,429.5678426125955,381315,13.0,0.02,0.0161
66,66.0,429.5677738703849,380203,13.2,0.02,0.0161
67,67.0,429.56784179540904,379094,13.4,0.02,0.0161
68,68.0,429.5676757214379,377994,13.6,0.02,0.0161
69,69.0,429.56760718509287,376877,13.8,0.02,0.0161
70,70.0,429.5677590893113,375763,14.0,0.02,0.0161
71,71.0,429.5677420103709,374649,14.2,0.02,0.0161
72,72.0,429.56779856079805,373530,14.4,0.02,0.0161
73,73.0,429.5678219520484,372420,14.6,0.02,0.0161
74,74.0,429.56778230606335,371307,14.8,0.02,0.0161
75,75.0,429.5677742420647,370197,15.0,0.02,0.0161
76,76.0,429.5676549531019,369095,15.2,0.02,0.0161
77,77.0,429.56770510659607,367991,15.4,0.02,0.0161
78,78.0,429.5678390347466,366898,15.6,0.02,0.0161
79,79.0,429.5676819349447,365792,15.8,0.02,0.0161
80,80.0,429.5678157771844,364681,16.0,0.02,0.0161
81,81.0,429.5676201913644,363578,16.2,0.02,0.0161
82,82.0,429.5678437269649,362475,16.4,0.02,0.0161
83,83.0,429.56773323639874,361376,16.6,0.02,0.0161
84,84.0,429.56782023040824,360286,16.8,0.02,0.0161
85,85.0,429.567633275167,359194,17.0,0.02,0.0161
86,86.0,429.56777600544785,358115,17.2,0.02,0.0161
87,87.0,429.5677236093944,357041,17.4,0.02,0.0161
88,88.0,429.56768721998014,355971,17.6,0.02,0.0161
89,89.0,429.56778596290826,354892,17.8,0.02,0.0161
90,90.0,429.5677864010792,353806,18.0,0.02,0.0161
91,91.0,429.567791008356,352725,18.2,0.02,0.0161
92,92.0,429.56780447142427,351651,18.4,0.02,0.0161
93,93.0,429.567839356376,350576,18.6,0.02,0.0161
94,94.0,429.56761271352286,349510,18.8,0.02,0.0161
95,95.0,429.5676258641803,348450,19.0,0.02,0.0161
96,96.0,429.567629440944,347393,19.2,0.02,0.0161
97,97.0,429.56760977922994,346348,19.4,0.02,0.0161
98,98.0,429.5676230844861,345307,19.6,0.02,0.0161
99,99.0,429.56763603582743,344253,19.8,0.02,0.0161
100,100.0,429.56762237889546,343201,20.0,0.02,0.0161
101,101.0,429.997785350903,443016,0.0,0.005,0.0161
102,102.0,429.568021711497,439973,0.2,0.005,0.0161
103,103.0,429.5680584498214,437771,0.4,0.005,0.0161
104,104.0,429.5679510078966,435591,0.6,0.005,0.0161
105,105.0,429.5678054232524,433417,0.8,0.005,0.0161
106,106.0,429.5680151013444,431251,1.0,0.005,0.0161
107,107.0,429.5680542082691,429082,1.2,0.005,0.0161
108,108.0,429.56802950218224,426923,1.4,0.005,0.0161
109,109.0,429.56798260089863,424799,1.6,0.005,0.0161
110,110.0,429.56823967875016,422673,1.8,0.005,0.0161
111,111.0,429.56781262005063,420557,2.0,0.005,0.0161
112,112.0,429.56791236648695,418454,2.2,0.005,0.0161
113,113.0,429.567922406121,416348,2.4,0.005,0.0161
114,114.0,429.5682477290076,414277,2.6,0.005,0.0161
115,115.0,429.5678344831692,412215,2.8,0.005,0.0161
116,116.0,429.5678698279048,410150,3.0,0.005,0.0161
117,117.0,429.5678989422732,408095,3.2,0.005,0.0161
118,118.0,429.56809866147944,406054,3.4,0.005,0.0161
119,119.0,429.56780963924774,404031,3.6,0.005,0.0161
120,120.0,429.56823140871256,402019,3.8,0.005,0.0161
121,121.0,429.5679716313303,400009,4.0,0.005,0.0161
122,122.0,429.56798834015086,397999,4.2,0.005,0.0161
123,123.0,429.56808122807104,396019,4.4,0.005,0.0161
124,124.0,429.5678957452043,394048,4.6,0.005,0.0161
125,125.0,429.5680668531961,392078,4.8,0.005,0.0161
126,126.0,429.567809766452,390116,5.0,0.005,0.0161
127,127.0,429.5681050405678,388165,5.2,0.005,0.0161
128,128.0,429.56794866895905,386234,5.4,0.005,0.0161
129,129.0,429.56812447843646,384312,5.6,0.005,0.0161
130,130.0,429.5682272384134,382386,5.8,0.005,0.0161
131,131.0,429.568095610232,380469,6.0,0.005,0.0161
132,132.0,429.5681992244096,378585,6.2,0.005,0.0161
133,133.0,429.5678465077173,376694,6.4,0.005,0.0161
134,134.0,429.56807937482773,374809,6.6,0.005,0.0161
135,135.0,429.5681959934689,372936,6.8,0.005,0.0161
136,136.0,429.56797312913,371081,7.0,0.005,0.0161
137,137.0,429.5678826503587,369232,7.2,0.005,0.0161
138,138.0,429.5679005370154,367388,7.4,0.005,0.0161
139,139.0,429.5680945961209,365547,7.6,0.005,0.0161
140,140.0,429.5680665283866,363734,7.8,0.005,0.0161
141,141.0,429.5680465960386,361924,8.0,0.005,0.0161
142,142.0,429.56810606374466,360110,8.2,0.005,0.0161
143,143.0,429.56791713970927,358314,8.4,0.005,0.0161
144,144.0,429.5681250379076,356538,8.6,0.005,0.0161
145,145.0,429.5681206956401,354758,8.8,0.005,0.0161
146,146.0,429.56811946414274,352983,9.0,0.005,0.0161
147,147.0,429.56794655585617,351230,9.2,0.005,0.0161
148,148.0,429.5681462961879,349484,9.4,0.005,0.0161
149,149.0,429.56799479375536,347741,9.6,0.005,0.0161
150,150.0,429.5681097738278,345996,9.8,0.005,0.0161
151,151.0,429.5678245958464,344267,10.0,0.005,0.0161
152,152.0,429.56788017616753,342539,10.2,0.005,0.0161
153,153.0,429.56792810171305,340813,10.4,0.005,0.0161
154,154.0,429.56793351294294,339109,10.6,0.005,0.0161
155,155.0,429.5681796760772,337425,10.8,0.005,0.0161
156,156.0,429.56792119055217,335724,11.0,0.005,0.0161
157,157.0,429.5682217361924,334030,11.2,0.005,0.0161
158,158.0,429.5679823003648,332365,11.4,0.005,0.0161
159,159.0,429.5679719750063,330708,11.6,0.005,0.0161
160,160.0,429.5679039020935,329058,11.8,0.005,0.0161
161,161.0,429.5680253665185,327417,12.0,0.005,0.0161
162,162.0,429.56810682796856,325780,12.2,0.005,0.0161
163,163.0,429.5679807118949,324145,12.4,0.005,0.0161
164,164.0,429.567967080442,322527,12.6,0.005,0.0161
165,165.0,429.5681815430828,320935,12.8,0.005,0.0161
166,166.0,429.5678382760451,319333,13.0,0.005,0.0161
167,167.0,429.5681300071489,317729,13.2,0.005,0.0161
168,168.0,429.5679338429673,316151,13.4,0.005,0.0161
169,169.0,429.5680408754033,314577,13.6,0.005,0.0161
170,170.0,429.5681530114936,313010,13.8,0.005,0.0161
171,171.0,429.56821096116545,311466,14.0,0.005,0.0161
172,172.0,429.5682059944317,309911,14.2,0.005,0.0161
173,173.0,429.56814931946144,308358,14.4,0.005,0.0161
174,174.0,429.5678455224168,306832,14.6,0.005,0.0161
175,175.0,429.5680384292025,305315,14.8,0.005,0.0161
176,176.0,429.5682236977429,303799,15.0,0.005,0.0161
177,177.0,429.5678886575469,302291,15.2,0.005,0.0161
178,178.0,429.5679580719214,300789,15.4,0.005,0.0161
179,179.0,429.568067816266,299289,15.6,0.005,0.0161
180,180.0,429.5679038876713,297816,15.8,0.005,0.0161
181,181.0,429.5681994982915,296352,16.0,0.005,0.0161
182,182.0,429.5678159574943,294870,16.2,0.005,0.0161
183,183.0,429.56792018915536,293414,16.4,0.005,0.0161
184,184.0,429.5678464403846,291961,16.6,0.005,0.0161
185,185.0,429.5678954109933,290513,16.8,0.005,0.0161
186,186.0,429.56809417501734,289094,17.0,0.005,0.0161
187,187.0,429.56786005044296,287661,17.2,0.005,0.0161
188,188.0,429.5678335516562,286231,17.4,0.005,0.0161
189,189.0,429.5679485130076,284825,17.6,0.005,0.0161
190,190.0,429.568049116524,283418,17.8,0.005,0.0161
191,191.0,429.5678322377018,282026,18.0,0.005,0.0161
192,192.0,429.5680815384273,280643,18.2,0.005,0.0161
193,193.0,429.5681222708852,279250,18.4,0.005,0.0161
194,194.0,429.567936006596,277877,18.6,0.005,0.0161
195,195.0,429.567856201606,276513,18.8,0.005,0.0161
196,196.0,429.56807755388235,275152,19.0,0.005,0.0161
197,197.0,429.5678609516893,273810,19.2,0.005,0.0161
198,198.0,429.5680580101142,272459,19.4,0.005,0.0161
199,199.0,429.5682109048312,271116,19.6,0.005,0.0161
200,200.0,429.5681683387322,269793,19.8,0.005,0.0161
201,201.0,429.5681566319532,268468,20.0,0.005,0.0161
202,202.0,429.9972919728299,443016,0.0,0.045,0.0161
203,203.0,429.5673328867001,444933,0.2,0.045,0.0161
204,204.0,429.5674607871982,447490,0.4,0.045,0.0161
205,205.0,429.567336428132,449817,0.6,0.045,0.0161
206,206.0,429.5674189911849,451940,0.8,0.045,0.0161
207,207.0,429.56752867302714,453863,1.0,0.045,0.0161
208,208.0,429.56748900672267,455604,1.2,0.045,0.0161
209,209.0,429.5674916308159,457179,1.4,0.045,0.0161
210,210.0,429.56748086051925,458628,1.6,0.045,0.0161
211,211.0,429.5674878455856,459968,1.8,0.045,0.0161
212,212.0,429.5674300053931,461189,2.0,0.045,0.0161
213,213.0,429.56749895760544,462294,2.2,0.045,0.0161
214,214.0,429.5673107891432,463308,2.4,0.045,0.0161
215,215.0,429.56754179850975,464225,2.6,0.045,0.0161
216,216.0,429.5673495867511,465064,2.8,0.045,0.0161
217,217.0,429.5675234074856,465824,3.0,0.045,0.0161
218,218.0,429.5673830630973,466508,3.2,0.045,0.0161
219,219.0,429.5674260471842,467134,3.4,0.045,0.0161
220,220.0,429.5675242121832,467684,3.6,0.045,0.0161
221,221.0,429.5673552210948,468201,3.8,0.045,0.0161
222,222.0,429.56746081750583,468656,4.0,0.045,0.0161
223,223.0,429.56743351466,469046,4.2,0.045,0.0161
224,224.0,429.56738020900985,469386,4.4,0.045,0.0161
225,225.0,429.567295890218,469688,4.6,0.045,0.0161
226,226.0,429.567384762445,469932,4.8,0.045,0.0161
227,227.0,429.5674487114243,470124,5.0,0.045,0.0161
228,228.0,429.5673789731536,470265,5.2,0.045,0.0161
229,229.0,429.567346755877,470377,5.4,0.045,0.0161
230,230.0,429.5674562653349,470446,5.6,0.045,0.0161
231,231.0,429.5674918810855,470470,5.8,0.045,0.0161
232,232.0,429.5674290801797,470451,6.0,0.045,0.0161
233,233.0,429.5674513759239,470406,6.2,0.045,0.0161
234,234.0,429.5673144923455,470331,6.4,0.045,0.0161
235,235.0,429.5674644731134,470220,6.6,0.045,0.0161
236,236.0,429.56739095649,470071,6.8,0.045,0.0161
237,237.0,429.5674674790849,469894,7.0,0.045,0.0161
238,238.0,429.5674311450286,469696,7.2,0.045,0.0161
239,239.0,429.5674056704787,469470,7.4,0.045,0.0161
240,240.0,429.5674160487014,469216,7.6,0.045,0.0161
241,241.0,429.5673443660386,468936,7.8,0.045,0.0161
242,242.0,429.5674833543005,468642,8.0,0.045,0.0161
243,243.0,429.5673894678569,468324,8.2,0.045,0.0161
244,244.0,429.5673404534583,467983,8.4,0.045,0.0161
245,245.0,429.5673069270241,467619,8.6,0.045,0.0161
246,246.0,429.5673154878955,467249,8.8,0.045,0.0161
247,247.0,429.5673974375897,466863,9.0,0.045,0.0161
248,248.0,429.56736162474226,466460,9.2,0.045,0.0161
249,249.0,429.5673619731636,466041,9.4,0.045,0.0161
250,250.0,429.5673966455995,465606,9.6,0.045,0.0161
251,251.0,429.56742977577767,465155,9.8,0.045,0.0161
252,252.0,429.56741921775904,464688,10.0,0.045,0.0161
253,253.0,429.5673481935384,464205,10.2,0.045,0.0161
254,254.0,429.56732429656665,463714,10.4,0.045,0.0161
255,255.0,429.56736654147096,463216,10.6,0.045,0.0161
256,256.0,429.5672955277293,462705,10.8,0.045,0.0161
257,257.0,429.5674704402472,462183,11.0,0.045,0.0161
258,258.0,429.56729983385344,461647,11.2,0.045,0.0161
259,259.0,429.56731857755534,461100,11.4,0.045,0.0161
260,260.0,429.5673087789319,460541,11.6,0.045,0.0161
261,261.0,429.5674177817317,459971,11.8,0.045,0.0161
262,262.0,429.5673588479055,459390,12.0,0.045,0.0161
263,263.0,429.56748113590993,458812,12.2,0.045,0.0161
264,264.0,429.5674444055349,458225,12.4,0.045,0.0161
265,265.0,429.56739861910006,457630,12.6,0.045,0.0161
266,266.0,429.56731239319913,457027,12.8,0.045,0.0161
267,267.0,429.5673267368209,456417,13.0,0.045,0.0161
268,268.0,429.56742410615254,455800,13.2,0.045,0.0161
269,269.0,429.56736901608303,455175,13.4,0.045,0.0161
270,270.0,429.5673155529901,454543,13.6,0.045,0.0161
271,271.0,429.5673789185983,453910,13.8,0.045,0.0161
272,272.0,429.5674127873267,453274,14.0,0.045,0.0161
273,273.0,429.5674572034777,452633,14.2,0.045,0.0161
274,274.0,429.5673145496871,451986,14.4,0.045,0.0161
275,275.0,429.567336921966,451335,14.6,0.045,0.0161
276,276.0,429.56733316290416,450679,14.8,0.045,0.0161
277,277.0,429.56742638582546,450019,15.0,0.045,0.0161
278,278.0,429.56730770894814,449354,15.2,0.045,0.0161
279,279.0,429.56737119884696,448687,15.4,0.045,0.0161
280,280.0,429.5673535404861,448019,15.6,0.045,0.0161
281,281.0,429.5673114419544,447348,15.8,0.045,0.0161
282,282.0,429.5674011078183,446675,16.0,0.045,0.0161
283,283.0,429.56742991861125,445999,16.2,0.045,0.0161
284,284.0,429.5673767410516,445320,16.4,0.045,0.0161
285,285.0,429.5674066410864,444639,16.6,0.045,0.0161
286,286.0,429.5673330953312,443955,16.8,0.045,0.0161
287,287.0,429.56732955946296,443269,17.0,0.045,0.0161
288,288.0,429.5673402283833,442582,17.2,0.045,0.0161
289,289.0,429.5673795497784,441894,17.4,0.045,0.0161
290,290.0,429.5674711939231,441205,17.6,0.045,0.0161
291,291.0,429.56740730234094,440514,17.8,0.045,0.0161
292,292.0,429.567358385891,439822,18.0,0.045,0.0161
293,293.0,429.56732379994554,439129,18.2,0.045,0.0161
294,294.0,429.5674512648585,438436,18.4,0.045,0.0161
295,295.0,429.5673759892655,437741,18.6,0.045,0.0161
296,296.0,429.56734468999616,437045,18.8,0.045,0.0161
297,297.0,429.5673640961642,436348,19.0,0.045,0.0161
298,298.0,429.56745107434466,435651,19.2,0.045,0.0161
299,299.0,429.56740923400866,434953,19.4,0.045,0.0161
300,300.0,429.5674009509248,434255,19.6,0.045,0.0161
301,301.0,429.5674073497743,433557,19.8,0.045,0.0161
302,302.0,429.5674329911451,432859,20.0,0.045,0.0161
303,303.0,429.99766200543417,443016,0.0,0.015,0.0161
304,304.0,429.5680601099467,441232,0.2,0.015,0.0161
305,305.0,429.5676750320732,440247,0.4,0.015,0.0161
306,306.0,429.5680468613523,439272,0.6,0.015,0.0161
307,307.0,429.5680690839256,438274,0.8,0.015,0.0161
308,308.0,429.56799324707015,437240,1.0,0.015,0.0161
309,309.0,429.5680579310365,436217,1.2,0.015,0.0161
310,310.0,429.56782524263303,435166,1.4,0.015,0.0161
311,311.0,429.5678963308714,434084,1.6,0.015,0.0161
312,312.0,429.5678092117267,433011,1.8,0.015,0.0161
313,313.0,429.5677903292556,431897,2.0,0.015,0.0161
314,314.0,429.5676890843875,430765,2.2,0.015,0.0161
315,315.0,429.56767160480695,429637,2.4,0.015,0.0161
316,316.0,429.56781011787143,428467,2.6,0.015,0.0161
317,317.0,429.5678046163999,427306,2.8,0.015,0.0161
318,318.0,429.5678607235445,426134,3.0,0.015,0.0161
319,319.0,429.5677370691725,424937,3.2,0.015,0.0161
320,320.0,429.567931342356,423745,3.4,0.015,0.0161
321,321.0,429.56768349089987,422530,3.6,0.015,0.0161
322,322.0,429.5676665514867,421325,3.8,0.015,0.0161
323,323.0,429.5678382124308,420096,4.0,0.015,0.0161
324,324.0,429.5678078229348,418866,4.2,0.015,0.0161
325,325.0,429.5679249505181,417637,4.4,0.015,0.0161
326,326.0,429.5676972575492,416381,4.6,0.015,0.0161
327,327.0,429.56795285417405,415143,4.8,0.015,0.0161
328,328.0,429.56780999159736,413884,5.0,0.015,0.0161
329,329.0,429.5677750347444,412630,5.2,0.015,0.0161
330,330.0,429.5679514502987,411364,5.4,0.015,0.0161
331,331.0,429.5679830013357,410103,5.6,0.015,0.0161
332,332.0,429.5679352941544,408832,5.8,0.015,0.0161
333,333.0,429.5678841687941,407552,6.0,0.015,0.0161
334,334.0,429.5678390383381,406286,6.2,0.015,0.0161
335,335.0,429.56797717353174,404992,6.4,0.015,0.0161
336,336.0,429.5677763696126,403706,6.6,0.015,0.0161
337,337.0,429.5677161132738,402400,6.8,0.015,0.0161
338,338.0,429.5677934637648,401109,7.0,0.015,0.0161
339,339.0,429.5678052337539,399806,7.2,0.015,0.0161
340,340.0,429.56774842791543,398515,7.4,0.015,0.0161
341,341.0,429.5677687126966,397215,7.6,0.015,0.0161
342,342.0,429.5676818185717,395903,7.8,0.015,0.0161
343,343.0,429.5677146535105,394595,8.0,0.015,0.0161
344,344.0,429.5676909024396,393285,8.2,0.015,0.0161
345,345.0,429.567773899873,391989,8.4,0.015,0.0161
346,346.0,429.56778694915187,390690,8.6,0.015,0.0161
347,347.0,429.56788686561606,389414,8.8,0.015,0.0161
348,348.0,429.5676944768592,388097,9.0,0.015,0.0161
349,349.0,429.5677498920906,386798,9.2,0.015,0.0161
350,350.0,429.5676687740951,385488,9.4,0.015,0.0161
351,351.0,429.56789726163134,384199,9.6,0.015,0.0161
352,352.0,429.5678750116101,382904,9.8,0.015,0.0161
353,353.0,429.56767272690126,381629,10.0,0.015,0.0161
354,354.0,429.56793369231053,380339,10.2,0.015,0.0161
355,355.0,429.5676720307458,379044,10.4,0.015,0.0161
356,356.0,429.5678451392875,377752,10.6,0.015,0.0161
357,357.0,429.56792751173464,376465,10.8,0.015,0.0161
358,358.0,429.56774178401344,375187,11.0,0.015,0.0161
359,359.0,429.56779597213847,373913,11.2,0.015,0.0161
360,360.0,429.5676964770323,372651,11.4,0.015,0.0161
361,361.0,429.5679497573642,371365,11.6,0.015,0.0161
362,362.0,429.5678971554618,370093,11.8,0.015,0.0161
363,363.0,429.56773965027594,368814,12.0,0.015,0.0161
364,364.0,429.567946174141,367555,12.2,0.015,0.0161
365,365.0,429.5679213458628,366291,12.4,0.015,0.0161
366,366.0,429.5677296558674,365047,12.6,0.015,0.0161
367,367.0,429.56769046159167,363783,12.8,0.015,0.0161
368,368.0,429.5678112222543,362527,13.0,0.015,0.0161
369,369.0,429.56788572625095,361270,13.2,0.015,0.0161
370,370.0,429.567681961023,360021,13.4,0.015,0.0161
371,371.0,429.5677619987902,358780,13.6,0.015,0.0161
372,372.0,429.5676727538479,357544,13.8,0.015,0.0161
373,373.0,429.5678596372941,356315,14.0,0.015,0.0161
374,374.0,429.56776514914264,355070,14.2,0.015,0.0161
375,375.0,429.56777333688257,353839,14.4,0.015,0.0161
376,376.0,429.5678843204713,352604,14.6,0.015,0.0161
377,377.0,429.56768703763254,351385,14.8,0.015,0.0161
378,378.0,429.56793471763666,350165,15.0,0.015,0.0161
379,379.0,429.567862327487,348962,15.2,0.015,0.0161
380,380.0,429.5676736335124,347739,15.4,0.015,0.0161
381,381.0,429.5677895217578,346527,15.6,0.015,0.0161
382,382.0,429.56776495949447,345317,15.8,0.015,0.0161
383,383.0,429.5677450550589,344113,16.0,0.015,0.0161
384,384.0,429.5676960393815,342919,16.2,0.015,0.0161
385,385.0,429.56778682707665,341728,16.4,0.015,0.0161
386,386.0,429.56780050224614,340542,16.6,0.015,0.0161
387,387.0,429.56774165937503,339345,16.8,0.015,0.0161
388,388.0,429.5679194830056,338163,17.0,0.015,0.0161
389,389.0,429.5678318192392,336977,17.2,0.015,0.0161
390,390.0,429.5678732385249,335806,17.4,0.015,0.0161
391,391.0,429.5677468641853,334636,17.6,0.015,0.0161
392,392.0,429.5678322268172,333475,17.8,0.015,0.0161
393,393.0,429.5677370450745,332307,18.0,0.015,0.0161
394,394.0,429.567757719509,331141,18.2,0.015,0.0161
395,395.0,429.56782360796075,329986,18.4,0.015,0.0161
396,396.0,429.5678995382362,328830,18.6,0.015,0.0161
397,397.0,429.5676807912844,327688,18.8,0.015,0.0161
398,398.0,429.567842097686,326547,19.0,0.015,0.0161
399,399.0,429.56774793871904,325408,19.2,0.015,0.0161
400,400.0,429.5676702727294,324266,19.4,0.015,0.0161
401,401.0,429.56776630617696,323132,19.6,0.015,0.0161
402,402.0,429.5678939866714,322005,19.8,0.015,0.0161
403,403.0,429.5679100072006,320880,20.0,0.015,0.0161
404,404.0,429.9975386605824,443016,0.0,0.025,0.0161
405,405.0,429.5675603142776,442464,0.2,0.025,0.0161
406,406.0,429.5678926286785,442696,0.4,0.025,0.0161
407,407.0,429.56789707171424,442880,0.6,0.025,0.0161
408,408.0,429.56784599210056,442994,0.8,0.025,0.0161
409,409.0,429.5677003484375,443037,1.0,0.025,0.0161
410,410.0,429.56767519742056,443013,1.2,0.025,0.0161
411,411.0,429.5676359227251,442932,1.4,0.025,0.0161
412,412.0,429.567851575973,442790,1.6,0.025,0.0161
413,413.0,429.5678275868346,442598,1.8,0.025,0.0161
414,414.0,429.567661445493,442349,2.0,0.025,0.0161
415,415.0,429.5676145774716,442057,2.2,0.025,0.0161
416,416.0,429.56768115684326,441719,2.4,0.025,0.0161
417,417.0,429.5675687940761,441341,2.6,0.025,0.0161
418,418.0,429.5678585567177,440926,2.8,0.025,0.0161
419,419.0,429.5677409634797,440474,3.0,0.025,0.0161
420,420.0,429.56784052658855,439990,3.2,0.025,0.0161
421,421.0,429.5678018597454,439475,3.4,0.025,0.0161
422,422.0,429.56756066963015,438938,3.6,0.025,0.0161
423,423.0,429.56755686111165,438378,3.8,0.025,0.0161
424,424.0,429.5678026251047,437793,4.0,0.025,0.0161
425,425.0,429.56773395478245,437181,4.2,0.025,0.0161
426,426.0,429.5677827583267,436547,4.4,0.025,0.0161
427,427.0,429.56765672599727,435888,4.6,0.025,0.0161
428,428.0,429.5676082924468,435206,4.8,0.025,0.0161
429,429.0,429.5677974031995,434510,5.0,0.025,0.0161
430,430.0,429.5677399840396,433801,5.2,0.025,0.0161
431,431.0,429.5675456753224,433073,5.4,0.025,0.0161
432,432.0,429.56768690211385,432327,5.6,0.025,0.0161
433,433.0,429.56767193252705,431562,5.8,0.025,0.0161
434,434.0,429.5677492485226,430785,6.0,0.025,0.0161
435,435.0,429.56768055644073,430000,6.2,0.025,0.0161
436,436.0,429.5676483365086,429202,6.4,0.025,0.0161
437,437.0,429.5677129353237,428389,6.6,0.025,0.0161
438,438.0,429.567781444054,427561,6.8,0.025,0.0161
439,439.0,429.5677704682484,426726,7.0,0.025,0.0161
440,440.0,429.5677443449796,425885,7.2,0.025,0.0161
441,441.0,429.5676895698414,425032,7.4,0.025,0.0161
442,442.0,429.5676479799525,424166,7.6,0.025,0.0161
443,443.0,429.567596467708,423291,7.8,0.025,0.0161
444,444.0,429.56778296053545,422415,8.0,0.025,0.0161
445,445.0,429.5677054745853,421529,8.2,0.025,0.0161
446,446.0,429.56765251056856,420632,8.4,0.025,0.0161
447,447.0,429.56769200432825,419725,8.6,0.025,0.0161
448,448.0,429.5676225575798,418815,8.8,0.025,0.0161
449,449.0,429.56759101716136,417896,9.0,0.025,0.0161
450,450.0,429.56776986227726,416966,9.2,0.025,0.0161
451,451.0,429.5676460974362,416032,9.4,0.025,0.0161
452,452.0,429.5675589268624,415098,9.6,0.025,0.0161
453,453.0,429.56754166996046,414157,9.8,0.025,0.0161
454,454.0,429.5677122662159,413209,10.0,0.025,0.0161
455,455.0,429.5677793291532,412260,10.2,0.025,0.0161
456,456.0,429.56766432774,411302,10.4,0.025,0.0161
457,457.0,429.56769731379114,410336,10.6,0.025,0.0161
458,458.0,429.5676038306708,409365,10.8,0.025,0.0161
459,459.0,429.56759528595705,408398,11.0,0.025,0.0161
460,460.0,429.5677229702185,407429,11.2,0.025,0.0161
461,461.0,429.5675877917201,406453,11.4,0.025,0.0161
462,462.0,429.567594843988,405482,11.6,0.025,0.0161
463,463.0,429.5677692025159,404516,11.8,0.025,0.0161
464,464.0,429.5677491417221,403532,12.0,0.025,0.0161
465,465.0,429.567603194144,402541,12.2,0.025,0.0161
466,466.0,429.56768041387886,401555,12.4,0.025,0.0161
467,467.0,429.56774111739696,400567,12.6,0.025,0.0161
468,468.0,429.56770333935106,399574,12.8,0.025,0.0161
469,469.0,429.56756315453146,398586,13.0,0.025,0.0161
470,470.0,429.5675940047539,397602,13.2,0.025,0.0161
471,471.0,429.5677400608368,396616,13.4,0.025,0.0161
472,472.0,429.56771837453465,395629,13.6,0.025,0.0161
473,473.0,429.5676312821736,394634,13.8,0.025,0.0161
474,474.0,429.5677593596185,393637,14.0,0.025,0.0161
475,475.0,429.5677148822124,392637,14.2,0.025,0.0161
476,476.0,429.56770703694787,391643,14.4,0.025,0.0161
477,477.0,429.56767066951494,390650,14.6,0.025,0.0161
478,478.0,429.56766732413246,389655,14.8,0.025,0.0161
479,479.0,429.56772028715704,388667,15.0,0.025,0.0161
480,480.0,429.56773742817137,387684,15.2,0.025,0.0161
481,481.0,429.56772226840746,386688,15.4,0.025,0.0161
482,482.0,429.56767484656285,385690,15.6,0.025,0.0161
483,483.0,429.56758544066065,384696,15.8,0.025,0.0161
484,484.0,429.5675518879558,383701,16.0,0.025,0.0161
485,485.0,429.56761200676686,382707,16.2,0.025,0.0161
486,486.0,429.5677506052488,381720,16.4,0.025,0.0161
487,487.0,429.5676313051314,380734,16.6,0.025,0.0161
488,488.0,429.5676584651952,379749,16.8,0.025,0.0161
489,489.0,429.5676979244117,378769,17.0,0.025,0.0161
490,490.0,429.56757514858367,377780,17.2,0.025,0.0161
491,491.0,429.56758125273825,376789,17.4,0.025,0.0161
492,492.0,429.5677116410246,375803,17.6,0.025,0.0161
493,493.0,429.56756511144266,374820,17.8,0.025,0.0161
494,494.0,429.56773400498696,373838,18.0,0.025,0.0161
495,495.0,429.56772858554126,372859,18.2,0.025,0.0161
496,496.0,429.56758687239505,371886,18.4,0.025,0.0161
497,497.0,429.5677474070033,370917,18.6,0.025,0.0161
498,498.0,429.56765555021167,369940,18.8,0.025,0.0161
499,499.0,429.5675615926487,368964,19.0,0.025,0.0161
500,500.0,429.5676761245369,367991,19.2,0.025,0.0161
501,501.0,429.56769933801786,367017,19.4,0.025,0.0161
502,502.0,429.5675511068493,366048,19.6,0.025,0.0161
503,503.0,429.5675560784963,365084,19.8,0.025,0.0161
504,504.0,429.5676317109085,364121,20.0,0.025,0.0161
505,505.0,429.9974769883976,443016,0.0,0.03,0.0161
506,506.0,429.567519279236,443084,0.2,0.03,0.0161
507,507.0,429.567871257268,443924,0.4,0.03,0.0161
508,508.0,429.5675817948009,444649,0.6,0.03,0.0161
509,509.0,429.56766824679016,445289,0.8,0.03,0.0161
510,510.0,429.56748331033367,445830,1.0,0.03,0.0161
511,511.0,429.56769342053144,446277,1.2,0.03,0.0161
512,512.0,429.5674996095456,446634,1.4,0.03,0.0161
513,513.0,429.567726855758,446923,1.6,0.03,0.0161
514,514.0,429.5675211769428,447137,1.8,0.03,0.0161
515,515.0,429.56769346062595,447275,2.0,0.03,0.0161
516,516.0,429.5677112301138,447354,2.2,0.03,0.0161
517,517.0,429.5676489643964,447371,2.4,0.03,0.0161
518,518.0,429.5677877471947,447338,2.6,0.03,0.0161
519,519.0,429.5676026360287,447262,2.8,0.03,0.0161
520,520.0,429.5677645328858,447149,3.0,0.03,0.0161
521,521.0,429.56752169520615,446991,3.2,0.03,0.0161
522,522.0,429.5676617865811,446793,3.4,0.03,0.0161
523,523.0,429.5676980548522,446563,3.6,0.03,0.0161
524,524.0,429.5677088414614,446293,3.8,0.03,0.0161
525,525.0,429.5675322514571,445982,4.0,0.03,0.0161
526,526.0,429.56774088520183,445648,4.2,0.03,0.0161
527,527.0,429.56765749379343,445283,4.4,0.03,0.0161
528,528.0,429.567490407427,444886,4.6,0.03,0.0161
529,529.0,429.56767498028375,444464,4.8,0.03,0.0161
530,530.0,429.5674892980896,444020,5.0,0.03,0.0161
531,531.0,429.5675713595256,443552,5.2,0.03,0.0161
532,532.0,429.56753901869087,443059,5.4,0.03,0.0161
533,533.0,429.5676996299559,442550,5.6,0.03,0.0161
534,534.0,429.5676522793872,442019,5.8,0.03,0.0161
535,535.0,429.5676598130963,441467,6.0,0.03,0.0161
536,536.0,429.5675349073226,440897,6.2,0.03,0.0161
537,537.0,429.56765131312955,440312,6.4,0.03,0.0161
538,538.0,429.5677086553443,439709,6.6,0.03,0.0161
539,539.0,429.5676123273424,439088,6.8,0.03,0.0161
540,540.0,429.5675870634353,438453,7.0,0.03,0.0161
541,541.0,429.56764828862225,437805,7.2,0.03,0.0161
542,542.0,429.5676044235286,437143,7.4,0.03,0.0161
543,543.0,429.5676488052074,436469,7.6,0.03,0.0161
544,544.0,429.5676794281975,435781,7.8,0.03,0.0161
545,545.0,429.567612820813,435078,8.0,0.03,0.0161
546,546.0,429.5675373762928,434361,8.2,0.03,0.0161
547,547.0,429.5676651222294,433635,8.4,0.03,0.0161
548,548.0,429.5676306537635,432900,8.6,0.03,0.0161
549,549.0,429.56759817969714,432156,8.8,0.03,0.0161
550,550.0,429.5676785234661,431402,9.0,0.03,0.0161
551,551.0,429.56767312576,430636,9.2,0.03,0.0161
552,552.0,429.56760861964074,429859,9.4,0.03,0.0161
553,553.0,429.5675594590781,429076,9.6,0.03,0.0161
554,554.0,429.5675629427368,428288,9.8,0.03,0.0161
555,555.0,429.5676965312319,427494,10.0,0.03,0.0161
556,556.0,429.56764640544833,426691,10.2,0.03,0.0161
557,557.0,429.5674976830024,425876,10.4,0.03,0.0161
558,558.0,429.5676038674824,425057,10.6,0.03,0.0161
559,559.0,429.567539376072,424234,10.8,0.03,0.0161
560,560.0,429.5675928475068,423407,11.0,0.03,0.0161
561,561.0,429.56757831406213,422573,11.2,0.03,0.0161
562,562.0,429.56757531776,421732,11.4,0.03,0.0161
563,563.0,429.5676632647685,420889,11.6,0.03,0.0161
564,564.0,429.5675643160169,420040,11.8,0.03,0.0161
565,565.0,429.5676430728108,419188,12.0,0.03,0.0161
566,566.0,429.56752773695496,418329,12.2,0.03,0.0161
567,567.0,429.5676738278784,417466,12.4,0.03,0.0161
568,568.0,429.5676118020874,416602,12.6,0.03,0.0161
569,569.0,429.5676419779948,415738,12.8,0.03,0.0161
570,570.0,429.5676645591595,414870,13.0,0.03,0.0161
571,571.0,429.56768045999127,413993,13.2,0.03,0.0161
572,572.0,429.56762616438857,413114,13.4,0.03,0.0161
573,573.0,429.56750907350374,412235,13.6,0.03,0.0161
574,574.0,429.56763844239566,411356,13.8,0.03,0.0161
575,575.0,429.5676829386431,410473,14.0,0.03,0.0161
576,576.0,429.56751508459854,409587,14.2,0.03,0.0161
577,577.0,429.56757663664575,408702,14.4,0.03,0.0161
578,578.0,429.567663566137,407814,14.6,0.03,0.0161
579,579.0,429.5674822766133,406922,14.8,0.03,0.0161
580,580.0,429.5675676428965,406028,15.0,0.03,0.0161
581,581.0,429.5674962686452,405135,15.2,0.03,0.0161
582,582.0,429.56753358915216,404244,15.4,0.03,0.0161
583,583.0,429.56762540994106,403353,15.6,0.03,0.0161
584,584.0,429.5675850876867,402456,15.8,0.03,0.0161
585,585.0,429.56758623984007,401558,16.0,0.03,0.0161
586,586.0,429.56750073505384,400661,16.2,0.03,0.0161
587,587.0,429.5676346335155,399765,16.4,0.03,0.0161
588,588.0,429.567597718611,398866,16.6,0.03,0.0161
589,589.0,429.5676158615952,397969,16.8,0.03,0.0161
590,590.0,429.56762062529623,397075,17.0,0.03,0.0161
591,591.0,429.5676481708074,396177,17.2,0.03,0.0161
592,592.0,429.5675940015791,395274,17.4,0.03,0.0161
593,593.0,429.56765893079256,394372,17.6,0.03,0.0161
594,594.0,429.56753788746687,393471,17.8,0.03,0.0161
595,595.0,429.5676726236961,392572,18.0,0.03,0.0161
596,596.0,429.567679323121,391671,18.2,0.03,0.0161
597,597.0,429.56760476605865,390771,18.4,0.03,0.0161
598,598.0,429.56749640135394,389874,18.6,0.03,0.0161
599,599.0,429.5675600694656,388980,18.8,0.03,0.0161
600,600.0,429.5675990254871,388086,19.0,0.03,0.0161
601,601.0,429.5676316698196,387188,19.2,0.03,0.0161
602,602.0,429.5676276473937,386290,19.4,0.03,0.0161
603,603.0,429.5675307941245,385393,19.6,0.03,0.0161
604,604.0,429.5675345595293,384496,19.8,0.03,0.0161
605,605.0,429.5675489160516,383601,20.0,0.03,0.0161
606,606.0,429.997415316376,443016,0.0,0.035,0.0161
607,607.0,429.56771673480495,443711,0.2,0.035,0.0161
608,608.0,429.5676974213783,445113,0.4,0.035,0.0161
609,609.0,429.5675682045916,446408,0.6,0.035,0.0161
610,610.0,429.5676377605433,447539,0.8,0.035,0.0161
611,611.0,429.56754335366674,448568,1.0,0.035,0.0161
612,612.0,429.5674523325184,449458,1.2,0.035,0.0161
613,613.0,429.5676521751814,450251,1.4,0.035,0.0161
614,614.0,429.5675907344461,450927,1.6,0.035,0.0161
615,615.0,429.56752431682344,451521,1.8,0.035,0.0161
616,616.0,429.5675134348874,452032,2.0,0.035,0.0161
617,617.0,429.56756837977855,452458,2.2,0.035,0.0161
618,618.0,429.567619243585,452829,2.4,0.035,0.0161
619,619.0,429.56770443471,453149,2.6,0.035,0.0161
620,620.0,429.56744230603294,453397,2.8,0.035,0.0161
621,621.0,429.5674822659713,453596,3.0,0.035,0.0161
622,622.0,429.5675871513947,453733,3.2,0.035,0.0161
623,623.0,429.5674310180412,453817,3.4,0.035,0.0161
624,624.0,429.56750583152126,453871,3.6,0.035,0.0161
625,625.0,429.5675890234258,453874,3.8,0.035,0.0161
626,626.0,429.5676084428828,453832,4.0,0.035,0.0161
627,627.0,429.5676036367649,453756,4.2,0.035,0.0161
628,628.0,429.5676285373802,453638,4.4,0.035,0.0161
629,629.0,429.5674599731559,453485,4.6,0.035,0.0161
630,630.0,429.567620305048,453303,4.8,0.035,0.0161
631,631.0,429.56741849491095,453085,5.0,0.035,0.0161
632,632.0,429.56757301174616,452845,5.2,0.035,0.0161
633,633.0,429.5675911388717,452581,5.4,0.035,0.0161
634,634.0,429.56755668416594,452290,5.6,0.035,0.0161
635,635.0,429.56752075719567,451972,5.8,0.035,0.0161
636,636.0,429.56751778857,451627,6.0,0.035,0.0161
637,637.0,429.5676466038886,451256,6.2,0.035,0.0161
638,638.0,429.5676388632772,450870,6.4,0.035,0.0161
639,639.0,429.5674351962791,450460,6.6,0.035,0.0161
640,640.0,429.5674731835476,450028,6.8,0.035,0.0161
641,641.0,429.5674470870164,449573,7.0,0.035,0.0161
642,642.0,429.5675391713584,449096,7.2,0.035,0.0161
643,643.0,429.5675512828074,448601,7.4,0.035,0.0161
644,644.0,429.5676052446681,448095,7.6,0.035,0.0161
645,645.0,429.5676221324835,447571,7.8,0.035,0.0161
646,646.0,429.5675701089357,447029,8.0,0.035,0.0161
647,647.0,429.5676304871971,446470,8.2,0.035,0.0161
648,648.0,429.56751245395736,445893,8.4,0.035,0.0161
649,649.0,429.5674888323432,445305,8.6,0.035,0.0161
650,650.0,429.5674332829491,444705,8.8,0.035,0.0161
651,651.0,429.56757179853054,444092,9.0,0.035,0.0161
652,652.0,429.567558896258,443466,9.2,0.035,0.0161
653,653.0,429.56751388281,442828,9.4,0.035,0.0161
654,654.0,429.5675941347808,442179,9.6,0.035,0.0161
655,655.0,429.5675799288928,441523,9.8,0.035,0.0161
656,656.0,429.56758335285934,440857,10.0,0.035,0.0161
657,657.0,429.5674516613363,440180,10.2,0.035,0.0161
658,658.0,429.56741990495703,439493,10.4,0.035,0.0161
659,659.0,429.5674642781003,438796,10.6,0.035,0.0161
660,660.0,429.5675778338938,438091,10.8,0.035,0.0161
661,661.0,429.5675263586148,437380,11.0,0.035,0.0161
662,662.0,429.567609391998,436663,11.2,0.035,0.0161
663,663.0,429.5676148650536,435939,11.4,0.035,0.0161
664,664.0,429.56760197935273,435208,11.6,0.035,0.0161
665,665.0,429.5674690269784,434469,11.8,0.035,0.0161
666,666.0,429.56755718118006,433724,12.0,0.035,0.0161
667,667.0,429.5675985039574,432973,12.2,0.035,0.0161
668,668.0,429.5674686348744,432217,12.4,0.035,0.0161
669,669.0,429.5675759021154,431458,12.6,0.035,0.0161
670,670.0,429.5675335528357,430694,12.8,0.035,0.0161
671,671.0,429.5674676399308,429925,13.0,0.035,0.0161
672,672.0,429.56743852171024,429150,13.2,0.035,0.0161
673,673.0,429.5674983426061,428370,13.4,0.035,0.0161
674,674.0,429.5675253645442,427587,13.6,0.035,0.0161
675,675.0,429.5675088409524,426801,13.8,0.035,0.0161
676,676.0,429.567495872107,426012,14.0,0.035,0.0161
677,677.0,429.5676138150405,425220,14.2,0.035,0.0161
678,678.0,429.56759306519666,424423,14.4,0.035,0.0161
679,679.0,429.56745261946656,423622,14.6,0.035,0.0161
680,680.0,429.56753447519526,422821,14.8,0.035,0.0161
681,681.0,429.5674219374227,422018,15.0,0.035,0.0161
682,682.0,429.5675882657786,421212,15.2,0.035,0.0161
683,683.0,429.56742620341726,420401,15.4,0.035,0.0161
684,684.0,429.5675773616184,419588,15.6,0.035,0.0161
685,685.0,429.5675628082664,418773,15.8,0.035,0.0161
686,686.0,429.5674351283322,417957,16.0,0.035,0.0161
687,687.0,429.56759906244383,417142,16.2,0.035,0.0161
688,688.0,429.5675784022924,416325,16.4,0.035,0.0161
689,689.0,429.5675215446705,415506,16.6,0.035,0.0161
690,690.0,429.5675828495312,414687,16.8,0.035,0.0161
691,691.0,429.5675678684224,413869,17.0,0.035,0.0161
692,692.0,429.5674961148315,413046,17.2,0.035,0.0161
693,693.0,429.56749761719624,412222,17.4,0.035,0.0161
694,694.0,429.5675924756488,411397,17.6,0.035,0.0161
695,695.0,429.56752911190114,410570,17.8,0.035,0.0161
696,696.0,429.5674637705409,409744,18.0,0.035,0.0161
697,697.0,429.5675817441163,408920,18.2,0.035,0.0161
698,698.0,429.5675653334238,408096,18.4,0.035,0.0161
699,699.0,429.56751674968854,407272,18.6,0.035,0.0161
700,700.0,429.56745892476096,406448,18.8,0.035,0.0161
701,701.0,429.56751104177454,405627,19.0,0.035,0.0161
702,702.0,429.5674750740068,404801,19.2,0.035,0.0161
703,703.0,429.5675051821901,403975,19.4,0.035,0.0161
704,704.0,429.5675607785856,403149,19.6,0.035,0.0161
705,705.0,429.5674711637598,402322,19.8,0.035,0.0161
706,706.0,429.56742619265106,401497,20.0,0.035,0.0161
707,707.0,429.9973536445195,443016,0.0,0.04,0.0161
708,708.0,429.5675869542373,444327,0.2,0.04,0.0161
709,709.0,429.5674960738488,446321,0.4,0.04,0.0161
710,710.0,429.567397079119,448128,0.6,0.04,0.0161
711,711.0,429.567359751092,449757,0.8,0.04,0.0161
712,712.0,429.5675200131998,451247,1.0,0.04,0.0161
713,713.0,429.5674830390463,452570,1.2,0.04,0.0161
714,714.0,429.5676771845701,453749,1.4,0.04,0.0161
715,715.0,429.5675234379444,454826,1.6,0.04,0.0161
716,716.0,429.5676412068375,455790,1.8,0.04,0.0161
717,717.0,429.5675835635003,456679,2.0,0.04,0.0161
718,718.0,429.5675844602897,457459,2.2,0.04,0.0161
719,719.0,429.5676190912972,458172,2.4,0.04,0.0161
720,720.0,429.5675581724957,458786,2.6,0.04,0.0161
721,721.0,429.567456470509,459336,2.8,0.04,0.0161
722,722.0,429.5675756897117,459825,3.0,0.04,0.0161
723,723.0,429.56760461897534,460244,3.2,0.04,0.0161
724,724.0,429.5675283976513,460603,3.4,0.04,0.0161
725,725.0,429.5675558747881,460905,3.6,0.04,0.0161
726,726.0,429.5673833322422,461169,3.8,0.04,0.0161
727,727.0,429.5674306219972,461374,4.0,0.04,0.0161
728,728.0,429.5675880638052,461537,4.2,0.04,0.0161
729,729.0,429.56743749205344,461665,4.4,0.04,0.0161
730,730.0,429.56744524199377,461757,4.6,0.04,0.0161
731,731.0,429.5673849686768,461805,4.8,0.04,0.0161
732,732.0,429.5674839920652,461807,5.0,0.04,0.0161
733,733.0,429.5674258322733,461780,5.2,0.04,0.0161
734,734.0,429.567440758017,461718,5.4,0.04,0.0161
735,735.0,429.567551333486,461619,5.6,0.04,0.0161
736,736.0,429.5675187915908,461482,5.8,0.04,0.0161
737,737.0,429.5674817701689,461307,6.0,0.04,0.0161
738,738.0,429.5675478334525,461120,6.2,0.04,0.0161
739,739.0,429.5674238944789,460902,6.4,0.04,0.0161
740,740.0,429.56753435501395,460654,6.6,0.04,0.0161
741,741.0,429.5674320088844,460374,6.8,0.04,0.0161
742,742.0,429.5674929863824,460066,7.0,0.04,0.0161
743,743.0,429.5674612827865,459745,7.2,0.04,0.0161
744,744.0,429.5674280510946,459400,7.4,0.04,0.0161
745,745.0,429.5673934251836,459031,7.6,0.04,0.0161
746,746.0,429.5675277345966,458639,7.8,0.04,0.0161
747,747.0,429.56753495871914,458226,8.0,0.04,0.0161
748,748.0,429.56751825661235,457801,8.2,0.04,0.0161
749,749.0,429.567469050472,457357,8.4,0.04,0.0161
750,750.0,429.56755457750376,456895,8.6,0.04,0.0161
751,751.0,429.5675331909206,456414,8.8,0.04,0.0161
752,752.0,429.5674669366036,455918,9.0,0.04,0.0161
753,753.0,429.5673779170296,455411,9.2,0.04,0.0161
754,754.0,429.5674538915907,454890,9.4,0.04,0.0161
755,755.0,429.56746904744153,454354,9.6,0.04,0.0161
756,756.0,429.5673934964957,453803,9.8,0.04,0.0161
757,757.0,429.5675455441896,453244,10.0,0.04,0.0161
758,758.0,429.5673767785021,452676,10.2,0.04,0.0161
759,759.0,429.567472802004,452099,10.4,0.04,0.0161
760,760.0,429.5674068820214,451511,10.6,0.04,0.0161
761,761.0,429.5675331785127,450914,10.8,0.04,0.0161
762,762.0,429.5674343124481,450306,11.0,0.04,0.0161
763,763.0,429.5674358504175,449689,11.2,0.04,0.0161
764,764.0,429.56753498263464,449063,11.4,0.04,0.0161
765,765.0,429.5674698739916,448427,11.6,0.04,0.0161
766,766.0,429.567422102762,447782,11.8,0.04,0.0161
767,767.0,429.5674607107091,447134,12.0,0.04,0.0161
768,768.0,429.56753288177134,446479,12.2,0.04,0.0161
769,769.0,429.5673890404517,445815,12.4,0.04,0.0161
770,770.0,429.5673634608755,445144,12.6,0.04,0.0161
771,771.0,429.5674452892919,444467,12.8,0.04,0.0161
772,772.0,429.5673804522591,443783,13.0,0.04,0.0161
773,773.0,429.56748350653544,443094,13.2,0.04,0.0161
774,774.0,429.56737216774326,442398,13.4,0.04,0.0161
775,775.0,429.5673679592597,441697,13.6,0.04,0.0161
776,776.0,429.56753201361545,440992,13.8,0.04,0.0161
777,777.0,429.56742580330103,440284,14.0,0.04,0.0161
778,778.0,429.5675299968662,439572,14.2,0.04,0.0161
779,779.0,429.5674030465389,438854,14.4,0.04,0.0161
780,780.0,429.5673698488133,438133,14.6,0.04,0.0161
781,781.0,429.5673756934147,437409,14.8,0.04,0.0161
782,782.0,429.5674289425635,436682,15.0,0.04,0.0161
783,783.0,429.56747648162377,435952,15.2,0.04,0.0161
784,784.0,429.5675298409394,435219,15.4,0.04,0.0161
785,785.0,429.56742453804816,434482,15.6,0.04,0.0161
786,786.0,429.56753734876065,433743,15.8,0.04,0.0161
787,787.0,429.56751306577166,433001,16.0,0.04,0.0161
788,788.0,429.5674286726456,432257,16.2,0.04,0.0161
789,789.0,429.56745012499687,431512,16.4,0.04,0.0161
790,790.0,429.5674071385066,430765,16.6,0.04,0.0161
791,791.0,429.5674603407353,430017,16.8,0.04,0.0161
792,792.0,429.5674556557597,429267,17.0,0.04,0.0161
793,793.0,429.5674446867438,428515,17.2,0.04,0.0161
794,794.0,429.56741524116353,427762,17.4,0.04,0.0161
795,795.0,429.56741295358313,427009,17.6,0.04,0.0161
796,796.0,429.5674029742043,426254,17.8,0.04,0.0161
797,797.0,429.5674463422366,425498,18.0,0.04,0.0161
798,798.0,429.56744204678944,424741,18.2,0.04,0.0161
799,799.0,429.5674319480757,423983,18.4,0.04,0.0161
800,800.0,429.5674385060063,423224,18.6,0.04,0.0161
801,801.0,429.5674233962977,422465,18.8,0.04,0.0161
802,802.0,429.5674974377101,421707,19.0,0.04,0.0161
803,803.0,429.56746668228567,420949,19.2,0.04,0.0161
804,804.0,429.5675078104065,420192,19.4,0.04,0.0161
805,805.0,429.5674679626288,419435,19.6,0.04,0.0161
806,806.0,429.5674316644654,418674,19.8,0.04,0.0161
807,807.0,429.5674109268411,417913,20.0,0.04,0.0161
808,808.0,429.9977236780962,443016,0.0,0.01,0.0161
809,809.0,429.5680700533929,440600,0.2,0.01,0.0161
810,810.0,429.5681058648182,439026,0.4,0.01,0.0161
811,811.0,429.56807699137465,437428,0.6,0.01,0.0161
812,812.0,429.56804979624934,435862,0.8,0.01,0.0161
813,813.0,429.5678514698863,434269,1.0,0.01,0.0161
814,814.0,429.5681506134444,432695,1.2,0.01,0.0161
815,815.0,429.5679645134796,431114,1.4,0.01,0.0161
816,816.0,429.56799916981186,429517,1.6,0.01,0.0161
817,817.0,429.5677405930124,427928,1.8,0.01,0.0161
818,818.0,429.56802365471145,426322,2.0,0.01,0.0161
819,819.0,429.5678459720325,424736,2.2,0.01,0.0161
820,820.0,429.5680997477351,423128,2.4,0.01,0.0161
821,821.0,429.56811316788816,421536,2.6,0.01,0.0161
822,822.0,429.5679290888152,419950,2.8,0.01,0.0161
823,823.0,429.567880656818,418336,3.0,0.01,0.0161
824,824.0,429.56798714620726,416756,3.2,0.01,0.0161
825,825.0,429.56780531863,415163,3.4,0.01,0.0161
826,826.0,429.5679640453787,413571,3.6,0.01,0.0161
827,827.0,429.5679136407812,411980,3.8,0.01,0.0161
828,828.0,429.5680398388741,410396,4.0,0.01,0.0161
829,829.0,429.5678234982541,408811,4.2,0.01,0.0161
830,830.0,429.56811829548184,407214,4.4,0.01,0.0161
831,831.0,429.56786211570335,405647,4.6,0.01,0.0161
832,832.0,429.5680586435709,404062,4.8,0.01,0.0161
833,833.0,429.5677407937389,402478,5.0,0.01,0.0161
834,834.0,429.5680900779754,400913,5.2,0.01,0.0161
835,835.0,429.567958978304,399330,5.4,0.01,0.0161
836,836.0,429.5679522937096,397767,5.6,0.01,0.0161
837,837.0,429.56794252103094,396196,5.8,0.01,0.0161
838,838.0,429.5678049650013,394637,6.0,0.01,0.0161
839,839.0,429.56803701720025,393075,6.2,0.01,0.0161
840,840.0,429.5680527309328,391509,6.4,0.01,0.0161
841,841.0,429.5678824735076,389969,6.6,0.01,0.0161
842,842.0,429.56785040333176,388406,6.8,0.01,0.0161
843,843.0,429.5678077118336,386864,7.0,0.01,0.0161
844,844.0,429.5679600151515,385326,7.2,0.01,0.0161
845,845.0,429.5680478448577,383766,7.4,0.01,0.0161
846,846.0,429.5679592813685,382218,7.6,0.01,0.0161
847,847.0,429.56794815891993,380657,7.8,0.01,0.0161
848,848.0,429.56792447813115,379118,8.0,0.01,0.0161
849,849.0,429.5678344590112,377577,8.2,0.01,0.0161
850,850.0,429.5677886748337,376047,8.4,0.01,0.0161
851,851.0,429.56781626774733,374518,8.6,0.01,0.0161
852,852.0,429.5678773111215,372969,8.8,0.01,0.0161
853,853.0,429.5679108543427,371445,9.0,0.01,0.0161
854,854.0,429.5680319669689,369919,9.2,0.01,0.0161
855,855.0,429.56792692555945,368409,9.4,0.01,0.0161
856,856.0,429.567879089229,366917,9.6,0.01,0.0161
857,857.0,429.568062582265,365423,9.8,0.01,0.0161
858,858.0,429.5678028877415,363921,10.0,0.01,0.0161
859,859.0,429.5679710992561,362413,10.2,0.01,0.0161
860,860.0,429.56772980408687,360924,10.4,0.01,0.0161
861,861.0,429.568013293148,359444,10.6,0.01,0.0161
862,862.0,429.56801792894225,357972,10.8,0.01,0.0161
863,863.0,429.5678585475162,356526,11.0,0.01,0.0161
864,864.0,429.5679429072356,355050,11.2,0.01,0.0161
865,865.0,429.5680332210411,353589,11.4,0.01,0.0161
866,866.0,429.5678179161437,352124,11.6,0.01,0.0161
867,867.0,429.5678281642459,350676,11.8,0.01,0.0161
868,868.0,429.5678105695312,349240,12.0,0.01,0.0161
869,869.0,429.5679279590334,347811,12.2,0.01,0.0161
870,870.0,429.56789102754067,346395,12.4,0.01,0.0161
871,871.0,429.5677568675824,344953,12.6,0.01,0.0161
872,872.0,429.5679829910908,343534,12.8,0.01,0.0161
873,873.0,429.567796669422,342112,13.0,0.01,0.0161
874,874.0,429.56785733415967,340708,13.2,0.01,0.0161
875,875.0,429.56803884763696,339315,13.4,0.01,0.0161
876,876.0,429.5680561398003,337931,13.6,0.01,0.0161
877,877.0,429.5677866898056,336536,13.8,0.01,0.0161
878,878.0,429.5678433572197,335137,14.0,0.01,0.0161
879,879.0,429.5678267770203,333760,14.2,0.01,0.0161
880,880.0,429.5678335194874,332380,14.4,0.01,0.0161
881,881.0,429.56790838978986,331022,14.6,0.01,0.0161
882,882.0,429.5677733727655,329668,14.8,0.01,0.0161
883,883.0,429.5679808246,328315,15.0,0.01,0.0161
884,884.0,429.5679061723251,326958,15.2,0.01,0.0161
885,885.0,429.5679876690735,325604,15.4,0.01,0.0161
886,886.0,429.5677407515609,324267,15.6,0.01,0.0161
887,887.0,429.5679417887159,322930,15.8,0.01,0.0161
888,888.0,429.5678154753616,321616,16.0,0.01,0.0161
889,889.0,429.56779388648926,320297,16.2,0.01,0.0161
890,890.0,429.568016730953,318980,16.4,0.01,0.0161
891,891.0,429.5679888225612,317659,16.6,0.01,0.0161
892,892.0,429.5679413212434,316354,16.8,0.01,0.0161
893,893.0,429.5679765479991,315053,17.0,0.01,0.0161
894,894.0,429.5677809590511,313764,17.2,0.01,0.0161
895,895.0,429.5677931444198,312487,17.4,0.01,0.0161
896,896.0,429.56784188682354,311200,17.6,0.01,0.0161
897,897.0,429.56791501697455,309921,17.8,0.01,0.0161
898,898.0,429.5677996478744,308641,18.0,0.01,0.0161
899,899.0,429.56800034354626,307380,18.2,0.01,0.0161
900,900.0,429.5679400002699,306117,18.4,0.01,0.0161
901,901.0,429.5677282239834,304875,18.6,0.01,0.0161
902,902.0,429.56798932343503,303626,18.8,0.01,0.0161
903,903.0,429.56804278300297,302383,19.0,0.01,0.0161
904,904.0,429.5677980973947,301135,19.2,0.01,0.0161
905,905.0,429.56787721913554,299906,19.4,0.01,0.0161
906,906.0,429.5679028846827,298676,19.6,0.01,0.0161
907,907.0,429.5678813498986,297464,19.8,0.01,0.0161
908,908.0,429.56776388088866,296254,20.0,0.01,0.0161
909,909.0,429.9972303013092,443016,0.0,0.05,0.0161
910,910.0,429.56736022253455,445544,0.2,0.05,0.0161
911,911.0,429.5673648205222,448674,0.4,0.05,0.0161
912,912.0,429.5673170749044,451512,0.6,0.05,0.0161
913,913.0,429.56749555871056,454095,0.8,0.05,0.0161
914,914.0,429.5672635895121,456435,1.0,0.05,0.0161
915,915.0,429.5674450468586,458570,1.2,0.05,0.0161
916,916.0,429.5672625928205,460542,1.4,0.05,0.0161
917,917.0,429.5672375107593,462360,1.6,0.05,0.0161
918,918.0,429.5673952538637,464040,1.8,0.05,0.0161
919,919.0,429.56737421053987,465562,2.0,0.05,0.0161
920,920.0,429.56747845075415,466995,2.2,0.05,0.0161
921,921.0,429.56724991918367,468297,2.4,0.05,0.0161
922,922.0,429.5674143271219,469502,2.6,0.05,0.0161
923,923.0,429.5674044552658,470616,2.8,0.05,0.0161
924,924.0,429.5674388544572,471639,3.0,0.05,0.0161
925,925.0,429.5674451697821,472583,3.2,0.05,0.0161
926,926.0,429.5673819245487,473463,3.4,0.05,0.0161
927,927.0,429.5673189100038,474269,3.6,0.05,0.0161
928,928.0,429.5674396314802,474993,3.8,0.05,0.0161
929,929.0,429.56728971323673,475660,4.0,0.05,0.0161
930,930.0,429.56724704679584,476257,4.2,0.05,0.0161
931,931.0,429.5673148770426,476793,4.4,0.05,0.0161
932,932.0,429.5672865313195,477246,4.6,0.05,0.0161
933,933.0,429.56724093894655,477661,4.8,0.05,0.0161
934,934.0,429.5672495889372,478026,5.0,0.05,0.0161
935,935.0,429.5674237426484,478324,5.2,0.05,0.0161
936,936.0,429.56729484754095,478564,5.4,0.05,0.0161
937,937.0,429.5672618922127,478778,5.6,0.05,0.0161
938,938.0,429.56731347976176,478940,5.8,0.05,0.0161
939,939.0,429.5673975571051,479049,6.0,0.05,0.0161
940,940.0,429.5672785895248,479118,6.2,0.05,0.0161
941,941.0,429.5674353002192,479161,6.4,0.05,0.0161
942,942.0,429.5672403620127,479161,6.6,0.05,0.0161
943,943.0,429.5672666560766,479119,6.8,0.05,0.0161
944,944.0,429.5672835986013,479048,7.0,0.05,0.0161
945,945.0,429.5672978135587,478949,7.2,0.05,0.0161
946,946.0,429.56742305373285,478819,7.4,0.05,0.0161
947,947.0,429.5672847983037,478656,7.6,0.05,0.0161
948,948.0,429.5674190806948,478483,7.8,0.05,0.0161
949,949.0,429.5674170245734,478285,8.0,0.05,0.0161
950,950.0,429.5672494626501,478062,8.2,0.05,0.0161
951,951.0,429.5673956907265,477817,8.4,0.05,0.0161
952,952.0,429.56737890018,477548,8.6,0.05,0.0161
953,953.0,429.5673553611685,477256,8.8,0.05,0.0161
954,954.0,429.5673084027743,476941,9.0,0.05,0.0161
955,955.0,429.56732916550305,476613,9.2,0.05,0.0161
956,956.0,429.5674225247936,476275,9.4,0.05,0.0161
957,957.0,429.567375470035,475918,9.6,0.05,0.0161
958,958.0,429.5673767188055,475543,9.8,0.05,0.0161
959,959.0,429.56726492584176,475149,10.0,0.05,0.0161
960,960.0,429.5673893835907,474738,10.2,0.05,0.0161
961,961.0,429.5673303434481,474308,10.4,0.05,0.0161
962,962.0,429.56724024055904,473861,10.6,0.05,0.0161
963,963.0,429.56731025253737,473418,10.8,0.05,0.0161
964,964.0,429.5673089707215,472962,11.0,0.05,0.0161
965,965.0,429.5673952378339,472494,11.2,0.05,0.0161
966,966.0,429.5673575211216,472013,11.4,0.05,0.0161
967,967.0,429.5673559767392,471520,11.6,0.05,0.0161
968,968.0,429.56736012361824,471015,11.8,0.05,0.0161
969,969.0,429.5673353146153,470498,12.0,0.05,0.0161
970,970.0,429.5672844964243,469977,12.2,0.05,0.0161
971,971.0,429.5673144470968,469453,12.4,0.05,0.0161
972,972.0,429.5673941956408,468921,12.6,0.05,0.0161
973,973.0,429.567330418476,468380,12.8,0.05,0.0161
974,974.0,429.5672705017987,467831,13.0,0.05,0.0161
975,975.0,429.56738226374006,467275,13.2,0.05,0.0161
976,976.0,429.5672686369957,466710,13.4,0.05,0.0161
977,977.0,429.56728206671454,466139,13.6,0.05,0.0161
978,978.0,429.5672408150832,465568,13.8,0.05,0.0161
979,979.0,429.5672911218202,464992,14.0,0.05,0.0161
980,980.0,429.56739076427107,464411,14.2,0.05,0.0161
981,981.0,429.56733420116177,463824,14.4,0.05,0.0161
982,982.0,429.5672780966633,463232,14.6,0.05,0.0161
983,983.0,429.56739272464296,462636,14.8,0.05,0.0161
984,984.0,429.5672795844174,462034,15.0,0.05,0.0161
985,985.0,429.56727986831527,461431,15.2,0.05,0.0161
986,986.0,429.5672907769133,460826,15.4,0.05,0.0161
987,987.0,429.56735316895896,460218,15.6,0.05,0.0161
988,988.0,429.5672766928538,459606,15.8,0.05,0.0161
989,989.0,429.5674107309519,458992,16.0,0.05,0.0161
990,990.0,429.567370243207,458374,16.2,0.05,0.0161
991,991.0,429.56730224271627,457753,16.4,0.05,0.0161
992,992.0,429.5672864842449,457130,16.6,0.05,0.0161
993,993.0,429.56737567611935,456507,16.8,0.05,0.0161
994,994.0,429.5673075622614,455881,17.0,0.05,0.0161
995,995.0,429.56723955106094,455253,17.2,0.05,0.0161
996,996.0,429.56732954932903,454624,17.4,0.05,0.0161
997,997.0,429.56737958325897,453993,17.6,0.05,0.0161
998,998.0,429.5673329050997,453360,17.8,0.05,0.0161
999,999.0,429.56735518291055,452726,18.0,0.05,0.0161
1000,1000.0,429.5672349239207,452090,18.2,0.05,0.0161
1001,1001.0,429.56731618422833,451454,18.4,0.05,0.0161
1002,1002.0,429.5673982261215,450817,18.6,0.05,0.0161
1003,1003.0,429.56726901226193,450178,18.8,0.05,0.0161
1004,1004.0,429.5672801741864,449539,19.0,0.05,0.0161
1005,1005.0,429.56726043527425,448899,19.2,0.05,0.0161
1006,1006.0,429.5673603514291,448259,19.4,0.05,0.0161
1007,1007.0,429.56738499673935,447618,19.6,0.05,0.0161
1008,1008.0,429.56732380932647,446976,19.8,0.05,0.0161
1009,1009.0,429.56735584755216,446334,20.0,0.05,0.0161
1010,,429.99784986712325,443016,0.0,0.011,0.0161
1011,,429.56812403953984,439273,0.4,0.011,0.0161
1012,,429.56829972769197,436345,0.8,0.011,0.0161
1013,,429.5678966103515,433397,1.2,0.011,0.0161
1014,,429.56804243910574,430441,1.6,0.011,0.0161
1015,,429.5682718546504,427473,2.0,0.011,0.0161
1016,,429.5682029614838,424492,2.4,0.011,0.0161
1017,,429.5681863408893,421498,2.8,0.011,0.0161
1018,,429.568062502192,418459,3.2,0.011,0.0161
1019,,429.5679194103529,415424,3.6,0.011,0.0161
1020,,429.5680921143726,412363,4.0,0.011,0.0161
1021,,429.56801675155145,409337,4.4,0.011,0.0161
1022,,429.5678822612011,406292,4.8,0.011,0.0161
1023,,429.5678621616597,403266,5.2,0.011,0.0161
1024,,429.56789123857214,400237,5.6,0.011,0.0161
1025,,429.5679904461164,397218,6.0,0.011,0.0161
1026,,429.56806540600405,394208,6.4,0.011,0.0161
1027,,429.56815343776304,391202,6.8,0.011,0.0161
1028,,429.56816168904913,388217,7.2,0.011,0.0161
1029,,429.56799778893895,385238,7.6,0.011,0.0161
1030,,429.5681313419367,382286,8.0,0.011,0.0161
1031,,429.568057334896,379333,8.4,0.011,0.0161
1032,,429.56810015919206,376408,8.8,0.011,0.0161
1033,,429.568011878665,373481,9.2,0.011,0.0161
1034,,429.56793541888004,370585,9.6,0.011,0.0161
1035,,429.5680645763533,367688,10.0,0.011,0.0161
1036,,429.5679136732639,364823,10.4,0.011,0.0161
1037,,429.5679438695392,361962,10.8,0.011,0.0161
1038,,429.56811187094485,359134,11.2,0.011,0.0161
1039,,429.5679564982892,356315,11.6,0.011,0.0161
1040,,429.568131425871,353522,12.0,0.011,0.0161
1041,,429.56791638518865,350742,12.4,0.011,0.0161
1042,,429.56791177823595,347983,12.8,0.011,0.0161
1043,,429.5679403524248,345230,13.2,0.011,0.0161
1044,,429.56804656177763,342473,13.6,0.011,0.0161
1045,,429.5681182658093,339735,14.0,0.011,0.0161
1046,,429.5679752451357,337026,14.4,0.011,0.0161
1047,,429.56788361356183,334336,14.8,0.011,0.0161
1048,,429.5680689011167,331641,15.2,0.011,0.0161
1049,,429.56789731240053,328978,15.6,0.011,0.0161
1050,,429.56812953467954,326358,16.0,0.011,0.0161
1051,,429.56817361487475,323779,16.4,0.011,0.0161
1052,,429.5681044742373,321171,16.8,0.011,0.0161
1053,,429.5678564191974,318593,17.2,0.011,0.0161
1054,,429.5681664470456,316055,17.6,0.011,0.0161
1055,,429.56787949794017,313561,18.0,0.011,0.0161
1056,,429.56792467711284,311051,18.4,0.011,0.0161
1057,,429.5679697070155,308560,18.8,0.011,0.0161
1058,,429.5680235850934,306104,19.2,0.011,0.0161
1059,,429.56793622041175,303689,19.6,0.011,0.0161
1060,,429.56801040506593,301280,20.0,0.011,0.0161
1061,,429.5679234841201,298875,20.4,0.011,0.0161
1062,,429.56795083429455,296502,20.8,0.011,0.0161
1063,,429.56814935501365,294167,21.2,0.011,0.0161
1064,,429.56806315473517,291853,21.6,0.011,0.0161
1065,,429.567881926392,289533,22.0,0.011,0.0161
1066,,429.568095517106,287243,22.4,0.011,0.0161
1067,,429.56804501993497,284986,22.8,0.011,0.0161
1068,,429.56796869108723,282762,23.2,0.011,0.0161
1069,,429.5678814965811,280526,23.6,0.011,0.0161
1070,,429.5681458673924,278317,24.0,0.011,0.0161
1071,,429.56808355587805,276138,24.4,0.011,0.0161
1072,,429.5681530874253,273995,24.8,0.011,0.0161
1073,,429.5679885761895,271846,25.2,0.011,0.0161
1074,,429.56817914594905,269717,25.6,0.011,0.0161
1075,,429.5681735905471,267616,26.0,0.011,0.0161
1076,,429.5681712284457,265548,26.4,0.011,0.0161
1077,,429.5681057093944,263489,26.8,0.011,0.0161
1078,,429.56815030251545,261439,27.2,0.011,0.0161
1079,,429.56807460441473,259414,27.6,0.011,0.0161
1080,,429.56797687985886,257418,28.0,0.011,0.0161
1081,,429.56816067477945,255441,28.4,0.011,0.0161
1082,,429.56818385413976,253465,28.8,0.011,0.0161
1083,,429.56789348729336,251512,29.2,0.011,0.0161
1084,,429.5680338871459,249588,29.6,0.011,0.0161
1085,,429.5680772162467,247691,30.0,0.011,0.0161
1086,,429.5678599519128,245791,30.4,0.011,0.0161
1087,,429.56816349940885,243914,30.8,0.011,0.0161
1088,,429.56787567032484,242059,31.2,0.011,0.0161
1089,,429.56786332478475,240232,31.6,0.011,0.0161
1090,,429.56799732051184,238406,32.0,0.011,0.0161
1091,,429.5679019026816,236597,32.4,0.011,0.0161
1092,,429.56806081005135,234813,32.8,0.011,0.0161
1093,,429.56806384766327,233055,33.2,0.011,0.0161
1094,,429.5681982828625,231305,33.6,0.011,0.0161
1095,,429.5679503710822,229563,34.0,0.011,0.0161
1096,,429.568143752379,227844,34.4,0.011,0.0161
1097,,429.56791534721776,226149,34.8,0.011,0.0161
1098,,429.5678659367269,224472,35.2,0.011,0.0161
1099,,429.56819384681876,222799,35.6,0.011,0.0161
1100,,429.5678890599828,221143,36.0,0.011,0.0161
1101,,429.5680374528617,219511,36.4,0.011,0.0161
1102,,429.56785522887395,217901,36.8,0.011,0.0161
1103,,429.56797253084727,216293,37.2,0.011,0.0161
1104,,429.5679916418892,214701,37.6,0.011,0.0161
1105,,429.56817781792813,213130,38.0,0.011,0.0161
1106,,429.5679550845243,211582,38.4,0.011,0.0161
1107,,429.56820836970735,210039,38.8,0.011,0.0161
1108,,429.5682031836228,208508,39.2,0.011,0.0161
1109,,429.56816270075046,206996,39.6,0.011,0.0161
1110,,429.5679063455401,205506,40.0,0.011,0.0161
1111,,429.9977758602579,443016,0.0,0.014,0.0161
1112,,429.56782377716786,440000,0.4,0.014,0.0161
1113,,429.5680810918325,437786,0.8,0.014,0.0161
1114,,429.56778908008016,435513,1.2,0.014,0.0161
1115,,429.5679141624255,433185,1.6,0.014,0.0161
1116,,429.5681339499234,430802,2.0,0.014,0.0161
1117,,429.56813558839093,428369,2.4,0.014,0.0161
1118,,429.5678231195408,425884,2.8,0.014,0.0161
1119,,429.5681302871533,423363,3.2,0.014,0.0161
1120,,429.568120815264,420792,3.6,0.014,0.0161
1121,,429.5678159864799,418215,4.0,0.014,0.0161
1122,,429.5679479200304,415594,4.4,0.014,0.0161
1123,,429.5679286123849,412976,4.8,0.014,0.0161
1124,,429.56778951153734,410325,5.2,0.014,0.0161
1125,,429.5679440489398,407680,5.6,0.014,0.0161
1126,,429.56779524874986,405012,6.0,0.014,0.0161
1127,,429.5680359865535,402351,6.4,0.014,0.0161
1128,,429.56802638575056,399676,6.8,0.014,0.0161
1129,,429.5679138367468,397007,7.2,0.014,0.0161
1130,,429.5680459539316,394333,7.6,0.014,0.0161
1131,,429.56806199191294,391665,8.0,0.014,0.0161
1132,,429.5679678306054,388997,8.4,0.014,0.0161
1133,,429.56799238166434,386323,8.8,0.014,0.0161
1134,,429.56786833147726,383631,9.2,0.014,0.0161
1135,,429.5678044560225,380947,9.6,0.014,0.0161
1136,,429.56779152488235,378285,10.0,0.014,0.0161
1137,,429.5679524572871,375606,10.4,0.014,0.0161
1138,,429.56785296376006,372933,10.8,0.014,0.0161
1139,,429.56782808341546,370290,11.2,0.014,0.0161
1140,,429.56778241184236,367690,11.6,0.014,0.0161
1141,,429.56789786201335,365049,12.0,0.014,0.0161
1142,,429.5679813887909,362431,12.4,0.014,0.0161
1143,,429.56778408969,359846,12.8,0.014,0.0161
1144,,429.56797116678104,357293,13.2,0.014,0.0161
1145,,429.56787375781505,354713,13.6,0.014,0.0161
1146,,429.56787220538445,352159,14.0,0.014,0.0161
1147,,429.5679010345795,349640,14.4,0.014,0.0161
1148,,429.56799749785984,347139,14.8,0.014,0.0161
1149,,429.56787711534656,344626,15.2,0.014,0.0161
1150,,429.5678134363893,342140,15.6,0.014,0.0161
1151,,429.5678011085716,339689,16.0,0.014,0.0161
1152,,429.5679556910344,337245,16.4,0.014,0.0161
1153,,429.5679949017963,334802,16.8,0.014,0.0161
1154,,429.5678399463157,332386,17.2,0.014,0.0161
1155,,429.5677789402007,330005,17.6,0.014,0.0161
1156,,429.5679866059483,327622,18.0,0.014,0.0161
1157,,429.5679655938962,325251,18.4,0.014,0.0161
1158,,429.5680167842382,322909,18.8,0.014,0.0161
1159,,429.5680078281588,320602,19.2,0.014,0.0161
1160,,429.56791484406835,318283,19.6,0.014,0.0161
1161,,429.56801540354655,315987,20.0,0.014,0.0161
1162,,429.5679109818356,313718,20.4,0.014,0.0161
1163,,429.56781756944724,311475,20.8,0.014,0.0161
1164,,429.56806108293273,309227,21.2,0.014,0.0161
1165,,429.5680546867933,307001,21.6,0.014,0.0161
1166,,429.56790991080277,304803,22.0,0.014,0.0161
1167,,429.5679123012544,302625,22.4,0.014,0.0161
1168,,429.5677819930524,300449,22.8,0.014,0.0161
1169,,429.5680173024695,298299,23.2,0.014,0.0161
1170,,429.5678464859183,296176,23.6,0.014,0.0161
1171,,429.5680486017911,294065,24.0,0.014,0.0161
1172,,429.56798192328176,291960,24.4,0.014,0.0161
1173,,429.56778598530343,289878,24.8,0.014,0.0161
1174,,429.56785504981667,287825,25.2,0.014,0.0161
1175,,429.56805886290334,285779,25.6,0.014,0.0161
1176,,429.56784269471996,283747,26.0,0.014,0.0161
1177,,429.56778814151704,281739,26.4,0.014,0.0161
1178,,429.5679112206695,279757,26.8,0.014,0.0161
1179,,429.5680564033447,277774,27.2,0.014,0.0161
1180,,429.56794129546694,275810,27.6,0.014,0.0161
1181,,429.5679136898141,273871,28.0,0.014,0.0161
1182,,429.56783279459063,271956,28.4,0.014,0.0161
1183,,429.5678760066001,270042,28.8,0.014,0.0161
1184,,429.5679596541629,268147,29.2,0.014,0.0161
1185,,429.56791851664786,266275,29.6,0.014,0.0161
1186,,429.5678894852314,264422,30.0,0.014,0.0161
1187,,429.5679864776019,262577,30.4,0.014,0.0161
1188,,429.5680216302141,260750,30.8,0.014,0.0161
1189,,429.56781007761566,258944,31.2,0.014,0.0161
1190,,429.56797031158584,257145,31.6,0.014,0.0161
1191,,429.56787349230734,255345,32.0,0.014,0.0161
1192,,429.56789680525617,253558,32.4,0.014,0.0161
1193,,429.56781039867633,251784,32.8,0.014,0.0161
1194,,429.5678306552455,250028,33.2,0.014,0.0161
1195,,429.5680692867841,248294,33.6,0.014,0.0161
1196,,429.56805861727383,246582,34.0,0.014,0.0161
1197,,429.5679568821263,244892,34.4,0.014,0.0161
1198,,429.5678148072237,243188,34.8,0.014,0.0161
1199,,429.5680128553033,241503,35.2,0.014,0.0161
1200,,429.56795082473894,239838,35.6,0.014,0.0161
1201,,429.5680562384801,238194,36.0,0.014,0.0161
1202,,429.56789280743357,236574,36.4,0.014,0.0161
1203,,429.5680136878017,234983,36.8,0.014,0.0161
1204,,429.567875128326,233413,37.2,0.014,0.0161
1205,,429.5680365087508,231821,37.6,0.014,0.0161
1206,,429.5680443538645,230247,38.0,0.014,0.0161
1207,,429.5678510662585,228692,38.4,0.014,0.0161
1208,,429.56801759766694,227157,38.8,0.014,0.0161
1209,,429.5678040601381,225644,39.2,0.014,0.0161
1210,,429.5680705075794,224158,39.6,0.014,0.0161
1211,,429.5678383638967,222683,40.0,0.014,0.0161
1212,,429.99794854330173,443016,0.0,0.007,0.0161
1213,,429.5681851174281,438280,0.4,0.007,0.0161
1214,,429.56829324838,434392,0.8,0.007,0.0161
1215,,429.5682830839574,430541,1.2,0.007,0.0161
1216,,429.568192445756,426700,1.6,0.007,0.0161
1217,,429.5681663360367,422918,2.0,0.007,0.0161
1218,,429.56801979976467,419142,2.4,0.007,0.0161
1219,,429.5681637345912,415404,2.8,0.007,0.0161
1220,,429.56819889785385,411655,3.2,0.007,0.0161
1221,,429.56830264992277,407936,3.6,0.007,0.0161
1222,,429.5679864604641,404234,4.0,0.007,0.0161
1223,,429.5680863003498,400573,4.4,0.007,0.0161
1224,,429.56824559912815,396935,4.8,0.007,0.0161
1225,,429.56801248031144,393336,5.2,0.007,0.0161
1226,,429.56803700349957,389748,5.6,0.007,0.0161
1227,,429.56825602597934,386214,6.0,0.007,0.0161
1228,,429.56798173864826,382692,6.4,0.007,0.0161
1229,,429.5680915407931,379203,6.8,0.007,0.0161
1230,,429.5680463149111,375756,7.2,0.007,0.0161
1231,,429.5682202469666,372313,7.6,0.007,0.0161
1232,,429.56798325686447,368928,8.0,0.007,0.0161
1233,,429.56796479111307,365554,8.4,0.007,0.0161
1234,,429.5681330160015,362215,8.8,0.007,0.0161
1235,,429.5682643526582,358903,9.2,0.007,0.0161
1236,,429.5679702241055,355635,9.6,0.007,0.0161
1237,,429.5683384506486,352366,10.0,0.007,0.0161
1238,,429.56800241279296,349158,10.4,0.007,0.0161
1239,,429.56823461684525,345961,10.8,0.007,0.0161
1240,,429.56810273272686,342798,11.2,0.007,0.0161
1241,,429.5682908815388,339657,11.6,0.007,0.0161
1242,,429.56812219380976,336561,12.0,0.007,0.0161
1243,,429.56824117693026,333482,12.4,0.007,0.0161
1244,,429.56798876525113,330427,12.8,0.007,0.0161
1245,,429.56823594284236,327414,13.2,0.007,0.0161
1246,,429.5681257752415,324426,13.6,0.007,0.0161
1247,,429.5683269795206,321465,14.0,0.007,0.0161
1248,,429.5681878651131,318522,14.4,0.007,0.0161
1249,,429.5682457321963,315625,14.8,0.007,0.0161
1250,,429.5680888949585,312747,15.2,0.007,0.0161
1251,,429.5681682303005,309902,15.6,0.007,0.0161
1252,,429.5679739861165,307069,16.0,0.007,0.0161
1253,,429.5681500726051,304281,16.4,0.007,0.0161
1254,,429.56813385246414,301513,16.8,0.007,0.0161
1255,,429.5681289195537,298781,17.2,0.007,0.0161
1256,,429.56795492264683,296061,17.6,0.007,0.0161
1257,,429.56829542208277,293375,18.0,0.007,0.0161
1258,,429.5681200534726,290711,18.4,0.007,0.0161
1259,,429.56819167408395,288083,18.8,0.007,0.0161
1260,,429.568068724949,285464,19.2,0.007,0.0161
1261,,429.5681522796637,282854,19.6,0.007,0.0161
1262,,429.568258991694,280269,20.0,0.007,0.0161
1263,,429.5679747959886,277717,20.4,0.007,0.0161
1264,,429.5681404743582,275190,20.8,0.007,0.0161
1265,,429.5680722403423,272677,21.2,0.007,0.0161
1266,,429.5680860757573,270203,21.6,0.007,0.0161
1267,,429.56826233297375,267773,22.0,0.007,0.0161
1268,,429.5683156830669,265352,22.4,0.007,0.0161
1269,,429.5679607921698,262942,22.8,0.007,0.0161
1270,,429.5681918935051,260569,23.2,0.007,0.0161
1271,,429.56808676852137,258237,23.6,0.007,0.0161
1272,,429.5680081515362,255907,24.0,0.007,0.0161
1273,,429.56828164449774,253601,24.4,0.007,0.0161
1274,,429.56818385386083,251330,24.8,0.007,0.0161
1275,,429.56828913331793,249100,25.2,0.007,0.0161
1276,,429.56812446511395,246862,25.6,0.007,0.0161
1277,,429.5679526735812,244653,26.0,0.007,0.0161
1278,,429.56825824718777,242479,26.4,0.007,0.0161
1279,,429.5682332867566,240336,26.8,0.007,0.0161
1280,,429.5681005477192,238191,27.2,0.007,0.0161
1281,,429.568153779071,236075,27.6,0.007,0.0161
1282,,429.5681359773822,233992,28.0,0.007,0.0161
1283,,429.5681920026842,231933,28.4,0.007,0.0161
1284,,429.56815897951645,229878,28.8,0.007,0.0161
1285,,429.5680876753688,227851,29.2,0.007,0.0161
1286,,429.56796060136253,225856,29.6,0.007,0.0161
1287,,429.5680300680273,223878,30.0,0.007,0.0161
1288,,429.5682630482846,221910,30.4,0.007,0.0161
1289,,429.5683610078042,219969,30.8,0.007,0.0161
1290,,429.5680200868216,218058,31.2,0.007,0.0161
1291,,429.568249528111,216158,31.6,0.007,0.0161
1292,,429.5682322532059,214272,32.0,0.007,0.0161
1293,,429.5679667091024,212412,32.4,0.007,0.0161
1294,,429.5681433295533,210583,32.8,0.007,0.0161
1295,,429.56836000410334,208758,33.2,0.007,0.0161
1296,,429.567966705734,206951,33.6,0.007,0.0161
1297,,429.5683648801181,205172,34.0,0.007,0.0161
1298,,429.56818932777054,203420,34.4,0.007,0.0161
1299,,429.567955322573,201669,34.8,0.007,0.0161
1300,,429.5679559197593,199941,35.2,0.007,0.0161
1301,,429.5681755790721,198238,35.6,0.007,0.0161
1302,,429.5681912396094,196556,36.0,0.007,0.0161
1303,,429.5680676477328,194877,36.4,0.007,0.0161
1304,,429.56826746908183,193220,36.8,0.007,0.0161
1305,,429.5682061401515,191587,37.2,0.007,0.0161
1306,,429.568131261353,189972,37.6,0.007,0.0161
1307,,429.56829566476694,188366,38.0,0.007,0.0161
1308,,429.56796427587545,186781,38.4,0.007,0.0161
1309,,429.56837778576784,185220,38.8,0.007,0.0161
1310,,429.56824096947486,183669,39.2,0.007,0.0161
1311,,429.56815243785195,182128,39.6,0.007,0.0161
1312,,429.5680491970605,180608,40.0,0.007,0.0161
1313,,429.997800529187,443016,0.0,0.013,0.0161
1314,,429.56783978407344,439759,0.4,0.013,0.0161
1315,,429.5678473002763,437295,0.8,0.013,0.0161
1316,,429.56821764945164,434802,1.2,0.013,0.0161
1317,,429.5678134151608,432271,1.6,0.013,0.0161
1318,,429.568023212293,429702,2.0,0.013,0.0161
1319,,429.56817495150676,427096,2.4,0.013,0.0161
1320,,429.56790269475925,424445,2.8,0.013,0.0161
1321,,429.5678584876527,421749,3.2,0.013,0.0161
1322,,429.5678811782016,419027,3.6,0.013,0.0161
1323,,429.5679245082784,416287,4.0,0.013,0.0161
1324,,429.56798243668527,413539,4.4,0.013,0.0161
1325,,429.56810420304015,410776,4.8,0.013,0.0161
1326,,429.56811616271654,408010,5.2,0.013,0.0161
1327,,429.5681038750867,405235,5.6,0.013,0.0161
1328,,429.5678990539653,402460,6.0,0.013,0.0161
1329,,429.5679157567073,399682,6.4,0.013,0.0161
1330,,429.5679253086189,396907,6.8,0.013,0.0161
1331,,429.5680376353311,394133,7.2,0.013,0.0161
1332,,429.56807218411717,391364,7.6,0.013,0.0161
1333,,429.56805595656635,388599,8.0,0.013,0.0161
1334,,429.5679718238145,385841,8.4,0.013,0.0161
1335,,429.5678495205237,383090,8.8,0.013,0.0161
1336,,429.56780679564736,380348,9.2,0.013,0.0161
1337,,429.567895993088,377616,9.6,0.013,0.0161
1338,,429.56789653269203,374880,10.0,0.013,0.0161
1339,,429.5679797217002,372133,10.4,0.013,0.0161
1340,,429.56805917835476,369399,10.8,0.013,0.0161
1341,,429.56786068036223,366690,11.2,0.013,0.0161
1342,,429.56790797166485,363976,11.6,0.013,0.0161
1343,,429.5680169311332,361265,12.0,0.013,0.0161
1344,,429.5680588216784,358585,12.4,0.013,0.0161
1345,,429.56804317322036,355948,12.8,0.013,0.0161
1346,,429.56808109290625,353302,13.2,0.013,0.0161
1347,,429.56795755261254,350657,13.6,0.013,0.0161
1348,,429.5678171745837,348045,14.0,0.013,0.0161
1349,,429.5679271704453,345477,14.4,0.013,0.0161
1350,,429.56792432302757,342901,14.8,0.013,0.0161
1351,,429.5680351627253,340331,15.2,0.013,0.0161
1352,,429.567962097139,337793,15.6,0.013,0.0161
1353,,429.56785540198996,335296,16.0,0.013,0.0161
1354,,429.56780874158073,332793,16.4,0.013,0.0161
1355,,429.5680162056551,330300,16.8,0.013,0.0161
1356,,429.56781404317746,327837,17.2,0.013,0.0161
1357,,429.5680108654252,325414,17.6,0.013,0.0161
1358,,429.5678213837374,322985,18.0,0.013,0.0161
1359,,429.5680556192896,320569,18.4,0.013,0.0161
1360,,429.56795343801537,318182,18.8,0.013,0.0161
1361,,429.5680442323763,315832,19.2,0.013,0.0161
1362,,429.56798354190636,313478,19.6,0.013,0.0161
1363,,429.5680370588961,311138,20.0,0.013,0.0161
1364,,429.5680278830323,308827,20.4,0.013,0.0161
1365,,429.5680507412622,306551,20.8,0.013,0.0161
1366,,429.567845289269,304272,21.2,0.013,0.0161
1367,,429.5680387987098,302010,21.6,0.013,0.0161
1368,,429.56805483072463,299776,22.0,0.013,0.0161
1369,,429.5680830120658,297576,22.4,0.013,0.0161
1370,,429.56810158612893,295374,22.8,0.013,0.0161
1371,,429.56785395510434,293187,23.2,0.013,0.0161
1372,,429.5678423332038,291027,23.6,0.013,0.0161
1373,,429.56781729301525,288898,24.0,0.013,0.0161
1374,,429.5680074121542,286768,24.4,0.013,0.0161
1375,,429.5680489228683,284655,24.8,0.013,0.0161
1376,,429.5679110954965,282568,25.2,0.013,0.0161
1377,,429.56806437017786,280513,25.6,0.013,0.0161
1378,,429.56781991278905,278457,26.0,0.013,0.0161
1379,,429.56796926372544,276420,26.4,0.013,0.0161
1380,,429.56794408747663,274406,26.8,0.013,0.0161
1381,,429.5679610238175,272420,27.2,0.013,0.0161
1382,,429.5680721773075,270434,27.6,0.013,0.0161
1383,,429.5678981138759,268466,28.0,0.013,0.0161
1384,,429.5679451435653,266524,28.4,0.013,0.0161
1385,,429.5678170502429,264610,28.8,0.013,0.0161
1386,,429.5678415379647,262695,29.2,0.013,0.0161
1387,,429.568108348923,260798,29.6,0.013,0.0161
1388,,429.5680140218811,258923,30.0,0.013,0.0161
1389,,429.56787065551237,257075,30.4,0.013,0.0161
1390,,429.56804836972657,255230,30.8,0.013,0.0161
1391,,429.56789952732476,253402,31.2,0.013,0.0161
1392,,429.5679193127717,251595,31.6,0.013,0.0161
1393,,429.5679712929661,249813,32.0,0.013,0.0161
1394,,429.5680927330178,248033,32.4,0.013,0.0161
1395,,429.5678351237368,246272,32.8,0.013,0.0161
1396,,429.56793136211974,244532,33.2,0.013,0.0161
1397,,429.56790025854,242814,33.6,0.013,0.0161
1398,,429.56790214583833,241098,34.0,0.013,0.0161
1399,,429.5678800359018,239402,34.4,0.013,0.0161
1400,,429.56785716089934,237726,34.8,0.013,0.0161
1401,,429.5679818701459,236071,35.2,0.013,0.0161
1402,,429.56785461605006,234418,35.6,0.013,0.0161
1403,,429.56791273040466,232785,36.0,0.013,0.0161
1404,,429.56798488767976,231171,36.4,0.013,0.0161
1405,,429.5678157244663,229575,36.8,0.013,0.0161
1406,,429.56798278026287,227971,37.2,0.013,0.0161
1407,,429.56787804405025,226379,37.6,0.013,0.0161
1408,,429.56798247671765,224799,38.0,0.013,0.0161
1409,,429.5679229719513,223233,38.4,0.013,0.0161
1410,,429.5678581216682,221685,38.8,0.013,0.0161
1411,,429.5680942098565,220157,39.2,0.013,0.0161
1412,,429.567884874891,218646,39.6,0.013,0.0161
1413,,429.5679239218212,217155,40.0,0.013,0.0161
1414,,429.9979238742191,443016,0.0,0.008,0.0161
1415,,429.5683389069501,438531,0.4,0.008,0.0161
1416,,429.5682370565086,434873,0.8,0.008,0.0161
1417,,429.56798677926315,431256,1.2,0.008,0.0161
1418,,429.5679548072215,427652,1.6,0.008,0.0161
1419,,429.5679393196324,424054,2.0,0.008,0.0161
1420,,429.56804264450824,420500,2.4,0.008,0.0161
1421,,429.56800611542036,416955,2.8,0.008,0.0161
1422,,429.5681337706052,413378,3.2,0.008,0.0161
1423,,429.56804641682146,409848,3.6,0.008,0.0161
1424,,429.56797463284505,406311,4.0,0.008,0.0161
1425,,429.568299156136,402801,4.4,0.008,0.0161
1426,,429.56833712861965,399329,4.8,0.008,0.0161
1427,,429.5682604733625,395872,5.2,0.008,0.0161
1428,,429.5679559252825,392436,5.6,0.008,0.0161
1429,,429.5679416162019,389025,6.0,0.008,0.0161
1430,,429.56829801800455,385658,6.4,0.008,0.0161
1431,,429.5682468914213,382282,6.8,0.008,0.0161
1432,,429.5683174442193,378960,7.2,0.008,0.0161
1433,,429.56818206365546,375646,7.6,0.008,0.0161
1434,,429.5681268904034,372375,8.0,0.008,0.0161
1435,,429.5681371680108,369096,8.4,0.008,0.0161
1436,,429.56831077754737,365879,8.8,0.008,0.0161
1437,,429.5680710511435,362669,9.2,0.008,0.0161
1438,,429.5680481789445,359486,9.6,0.008,0.0161
1439,,429.5681075181551,356327,10.0,0.008,0.0161
1440,,429.56802545811433,353204,10.4,0.008,0.0161
1441,,429.56801708352407,350106,10.8,0.008,0.0161
1442,,429.5680490181703,347021,11.2,0.008,0.0161
1443,,429.56819550010204,343974,11.6,0.008,0.0161
1444,,429.56804759551915,340950,12.0,0.008,0.0161
1445,,429.5679494523525,337962,12.4,0.008,0.0161
1446,,429.568024653858,334981,12.8,0.008,0.0161
1447,,429.5679635131232,332039,13.2,0.008,0.0161
1448,,429.56824291949476,329116,13.6,0.008,0.0161
1449,,429.5679997482311,326232,14.0,0.008,0.0161
1450,,429.5680164647138,323362,14.4,0.008,0.0161
1451,,429.56819271458147,320521,14.8,0.008,0.0161
1452,,429.56818999387264,317701,15.2,0.008,0.0161
1453,,429.5681202805843,314913,15.6,0.008,0.0161
1454,,429.56801858235104,312155,16.0,0.008,0.0161
1455,,429.5679441226598,309417,16.4,0.008,0.0161
1456,,429.56799728426637,306708,16.8,0.008,0.0161
1457,,429.56795528785733,304015,17.2,0.008,0.0161
1458,,429.56800407884276,301352,17.6,0.008,0.0161
1459,,429.5680093441837,298687,18.0,0.008,0.0161
1460,,429.5679655722225,296046,18.4,0.008,0.0161
1461,,429.5679675756662,293435,18.8,0.008,0.0161
1462,,429.5679578886477,290861,19.2,0.008,0.0161
1463,,429.5682716963004,288286,19.6,0.008,0.0161
1464,,429.56802186920214,285736,20.0,0.008,0.0161
1465,,429.56803812143744,283227,20.4,0.008,0.0161
1466,,429.56827396420545,280768,20.8,0.008,0.0161
1467,,429.5681353362629,278294,21.2,0.008,0.0161
1468,,429.56824397316467,275852,21.6,0.008,0.0161
1469,,429.56827182757957,273448,22.0,0.008,0.0161
1470,,429.5680038039506,271083,22.4,0.008,0.0161
1471,,429.568026053574,268708,22.8,0.008,0.0161
1472,,429.5682094353673,266364,23.2,0.008,0.0161
1473,,429.5682769064033,264056,23.6,0.008,0.0161
1474,,429.56798688861636,261780,24.0,0.008,0.0161
1475,,429.5680231038103,259500,24.4,0.008,0.0161
1476,,429.56807993973354,257250,24.8,0.008,0.0161
1477,,429.5680371998356,255035,25.2,0.008,0.0161
1478,,429.56827152279226,252848,25.6,0.008,0.0161
1479,,429.5681443622574,250660,26.0,0.008,0.0161
1480,,429.56824092815214,248502,26.4,0.008,0.0161
1481,,429.56795005238973,246377,26.8,0.008,0.0161
1482,,429.56815528104977,244275,27.2,0.008,0.0161
1483,,429.56815858943446,242177,27.6,0.008,0.0161
1484,,429.5680006769644,240107,28.0,0.008,0.0161
1485,,429.5680184928735,238070,28.4,0.008,0.0161
1486,,429.56813080864646,236050,28.8,0.008,0.0161
1487,,429.56809288024294,234038,29.2,0.008,0.0161
1488,,429.56800983878793,232053,29.6,0.008,0.0161
1489,,429.5683111387152,230100,30.0,0.008,0.0161
1490,,429.5680699450327,228158,30.4,0.008,0.0161
1491,,429.56808999172495,226228,30.8,0.008,0.0161
1492,,429.56811319742906,224324,31.2,0.008,0.0161
1493,,429.56796789624116,222449,31.6,0.008,0.0161
1494,,429.5680308370059,220583,32.0,0.008,0.0161
1495,,429.5683041912677,218732,32.4,0.008,0.0161
1496,,429.56798116891525,216905,32.8,0.008,0.0161
1497,,429.56812412674935,215108,33.2,0.008,0.0161
1498,,429.568325379585,213317,33.6,0.008,0.0161
1499,,429.56826419984986,211543,34.0,0.008,0.0161
1500,,429.56818361102233,209794,34.4,0.008,0.0161
1501,,429.56830769049697,208072,34.8,0.008,0.0161
1502,,429.56797569356434,206350,35.2,0.008,0.0161
1503,,429.56833182169896,204648,35.6,0.008,0.0161
1504,,429.5680786883702,202968,36.0,0.008,0.0161
1505,,429.56832633988023,201315,36.4,0.008,0.0161
1506,,429.5680660200066,199663,36.8,0.008,0.0161
1507,,429.5680707031738,198033,37.2,0.008,0.0161
1508,,429.56809275460785,196425,37.6,0.008,0.0161
1509,,429.56797908425824,194837,38.0,0.008,0.0161
1510,,429.5680452379405,193252,38.4,0.008,0.0161
1511,,429.56813095954016,191687,38.8,0.008,0.0161
1512,,429.5681796364866,190145,39.2,0.008,0.0161
1513,,429.5680720274211,188623,39.6,0.008,0.0161
1514,,429.568312976622,187105,40.0,0.008,0.0161
1515,,429.9979732124093,443016,0.0,0.006,0.0161
1516,,429.5681522681713,438027,0.4,0.006,0.0161
1517,,429.56843777184133,433906,0.8,0.006,0.0161
1518,,429.56817104037657,429807,1.2,0.006,0.0161
1519,,429.5682805855921,425767,1.6,0.006,0.0161
1520,,429.56812122983615,421744,2.0,0.006,0.0161
1521,,429.5680915931732,417780,2.4,0.006,0.0161
1522,,429.56835117463396,413831,2.8,0.006,0.0161
1523,,429.5682276272692,409915,3.2,0.006,0.0161
1524,,429.56816755215567,406009,3.6,0.006,0.0161
1525,,429.5683494065747,402146,4.0,0.006,0.0161
1526,,429.5681435286646,398311,4.4,0.006,0.0161
1527,,429.56811182363026,394522,4.8,0.006,0.0161
1528,,429.5680814478887,390759,5.2,0.006,0.0161
1529,,429.5681327137568,387038,5.6,0.006,0.0161
1530,,429.568256509766,383348,6.0,0.006,0.0161
1531,,429.5682190598284,379691,6.4,0.006,0.0161
1532,,429.5682791926902,376074,6.8,0.006,0.0161
1533,,429.5683810840655,372481,7.2,0.006,0.0161
1534,,429.5680823365785,368934,7.6,0.006,0.0161
1535,,429.5682612361754,365415,8.0,0.006,0.0161
1536,,429.5680661198536,361926,8.4,0.006,0.0161
1537,,429.5682968646467,358484,8.8,0.006,0.0161
1538,,429.56833404244225,355049,9.2,0.006,0.0161
1539,,429.56798873052134,351680,9.6,0.006,0.0161
1540,,429.56837016871975,348316,10.0,0.006,0.0161
1541,,429.56821252811426,345002,10.4,0.006,0.0161
1542,,429.56832819500204,341713,10.8,0.006,0.0161
1543,,429.56827482228715,338458,11.2,0.006,0.0161
1544,,429.568103738119,335230,11.6,0.006,0.0161
1545,,429.5681423061214,332051,12.0,0.006,0.0161
1546,,429.5681408041666,328875,12.4,0.006,0.0161
1547,,429.56805878009453,325759,12.8,0.006,0.0161
1548,,429.5682480439135,322659,13.2,0.006,0.0161
1549,,429.56812510969013,319593,13.6,0.006,0.0161
1550,,429.5683708509461,316553,14.0,0.006,0.0161
1551,,429.5682591055475,313559,14.4,0.006,0.0161
1552,,429.56803687672647,310578,14.8,0.006,0.0161
1553,,429.568196234224,307632,15.2,0.006,0.0161
1554,,429.5682522684488,304722,15.6,0.006,0.0161
1555,,429.5680602540325,301842,16.0,0.006,0.0161
1556,,429.5682577210508,298982,16.4,0.006,0.0161
1557,,429.56835547481325,296155,16.8,0.006,0.0161
1558,,429.5683473050242,293364,17.2,0.006,0.0161
1559,,429.5679903372486,290598,17.6,0.006,0.0161
1560,,429.5681871366554,287857,18.0,0.006,0.0161
1561,,429.568061929646,285141,18.4,0.006,0.0161
1562,,429.5680005312093,282463,18.8,0.006,0.0161
1563,,429.5683526884518,279812,19.2,0.006,0.0161
1564,,429.5679778319895,277186,19.6,0.006,0.0161
1565,,429.5682279007597,274582,20.0,0.006,0.0161
1566,,429.56834157980984,272002,20.4,0.006,0.0161
1567,,429.5684034670011,269432,20.8,0.006,0.0161
1568,,429.56825834449296,266889,21.2,0.006,0.0161
1569,,429.5682415645925,264378,21.6,0.006,0.0161
1570,,429.5680293274112,261894,22.0,0.006,0.0161
1571,,429.56808981556867,259415,22.4,0.006,0.0161
1572,,429.5682329258327,256976,22.8,0.006,0.0161
1573,,429.56826131737853,254583,23.2,0.006,0.0161
1574,,429.56798431298137,252208,23.6,0.006,0.0161
1575,,429.56814574644653,249844,24.0,0.006,0.0161
1576,,429.56803642483516,247514,24.4,0.006,0.0161
1577,,429.5682898519318,245225,24.8,0.006,0.0161
1578,,429.568275373285,242937,25.2,0.006,0.0161
1579,,429.5683396494766,240672,25.6,0.006,0.0161
1580,,429.5684062944366,238444,26.0,0.006,0.0161
1581,,429.5682905713185,236252,26.4,0.006,0.0161
1582,,429.5682803283346,234059,26.8,0.006,0.0161
1583,,429.5680592213681,231896,27.2,0.006,0.0161
1584,,429.5683350529336,229769,27.6,0.006,0.0161
1585,,429.5682378158837,227664,28.0,0.006,0.0161
1586,,429.56819134420647,225566,28.4,0.006,0.0161
1587,,429.56826061606375,223498,28.8,0.006,0.0161
1588,,429.5683518487348,221464,29.2,0.006,0.0161
1589,,429.5683589327325,219441,29.6,0.006,0.0161
1590,,429.56801558023267,217433,30.0,0.006,0.0161
1591,,429.5683409039741,215456,30.4,0.006,0.0161
1592,,429.56798481981457,213511,30.8,0.006,0.0161
1593,,429.568126609355,211567,31.2,0.006,0.0161
1594,,429.5680849557731,209647,31.6,0.006,0.0161
1595,,429.56838293732443,207757,32.0,0.006,0.0161
1596,,429.56820957989913,205891,32.4,0.006,0.0161
1597,,429.56844166383144,204030,32.8,0.006,0.0161
1598,,429.56807196001654,202193,33.2,0.006,0.0161
1599,,429.56836931102606,200386,33.6,0.006,0.0161
1600,,429.5683232332806,198594,34.0,0.006,0.0161
1601,,429.5684402201279,196813,34.4,0.006,0.0161
1602,,429.56809399503004,195056,34.8,0.006,0.0161
1603,,429.56811536627856,193328,35.2,0.006,0.0161
1604,,429.56804175314454,191607,35.6,0.006,0.0161
1605,,429.56813767988746,189904,36.0,0.006,0.0161
1606,,429.5681214573329,188226,36.4,0.006,0.0161
1607,,429.568080499121,186574,36.8,0.006,0.0161
1608,,429.56812511594404,184925,37.2,0.006,0.0161
1609,,429.56829912282103,183297,37.6,0.006,0.0161
1610,,429.5682813398957,181692,38.0,0.006,0.0161
1611,,429.568172422567,180104,38.4,0.006,0.0161
1612,,429.56842669671425,178524,38.8,0.006,0.0161
1613,,429.5684361037229,176965,39.2,0.006,0.0161
1614,,429.56817299614323,175430,39.6,0.006,0.0161
1615,,429.56826570505547,173908,40.0,0.006,0.0161
1616,,429.9978251981423,443016,0.0,0.012,0.0161
1617,,429.5680997413086,439517,0.4,0.012,0.0161
1618,,429.56816459711115,436822,0.8,0.012,0.0161
1619,,429.5681304110692,434097,1.2,0.012,0.0161
1620,,429.56806750456593,431351,1.6,0.012,0.0161
1621,,429.5681921203,428582,2.0,0.012,0.0161
1622,,429.5681660917724,425790,2.4,0.012,0.0161
1623,,429.5682256518691,422972,2.8,0.012,0.0161
1624,,429.56801450486387,420108,3.2,0.012,0.0161
1625,,429.56819147351683,417237,3.6,0.012,0.0161
1626,,429.56815965148684,414337,4.0,0.012,0.0161
1627,,429.56804534192065,411458,4.4,0.012,0.0161
1628,,429.5678843023682,408547,4.8,0.012,0.0161
1629,,429.567873933817,405663,5.2,0.012,0.0161
1630,,429.5680951664712,402753,5.6,0.012,0.0161
1631,,429.56782941423705,399870,6.0,0.012,0.0161
1632,,429.56808942471935,396967,6.4,0.012,0.0161
1633,,429.5679779322233,394091,6.8,0.012,0.0161
1634,,429.56803743967447,391201,7.2,0.012,0.0161
1635,,429.5679905362703,388336,7.6,0.012,0.0161
1636,,429.5679787527438,385465,8.0,0.012,0.0161
1637,,429.5679347903486,382616,8.4,0.012,0.0161
1638,,429.5680444025729,379769,8.8,0.012,0.0161
1639,,429.56811141891086,376943,9.2,0.012,0.0161
1640,,429.5680520067567,374124,9.6,0.012,0.0161
1641,,429.5681344619436,371324,10.0,0.012,0.0161
1642,,429.5678615931132,368534,10.4,0.012,0.0161
1643,,429.5680217514223,365762,10.8,0.012,0.0161
1644,,429.5679719725411,362989,11.2,0.012,0.0161
1645,,429.5680265423209,360209,11.6,0.012,0.0161
1646,,429.5679748263216,357445,12.0,0.012,0.0161
1647,,429.5681146915776,354710,12.4,0.012,0.0161
1648,,429.56783733506626,351983,12.8,0.012,0.0161
1649,,429.5680372497257,349260,13.2,0.012,0.0161
1650,,429.5678531681893,346571,13.6,0.012,0.0161
1651,,429.5678485921911,343929,14.0,0.012,0.0161
1652,,429.56800709090567,341275,14.4,0.012,0.0161
1653,,429.5680793773123,338635,14.8,0.012,0.0161
1654,,429.5679801957459,336031,15.2,0.012,0.0161
1655,,429.5678743488665,333467,15.6,0.012,0.0161
1656,,429.56785838111796,330883,16.0,0.012,0.0161
1657,,429.56809108917815,328329,16.4,0.012,0.0161
1658,,429.5679283053436,325811,16.8,0.012,0.0161
1659,,429.5678752459495,323316,17.2,0.012,0.0161
1660,,429.5680062375237,320817,17.6,0.012,0.0161
1661,,429.5680932943083,318348,18.0,0.012,0.0161
1662,,429.56807329606164,315916,18.4,0.012,0.0161
1663,,429.56813608541154,313491,18.8,0.012,0.0161
1664,,429.5679618759173,311075,19.2,0.012,0.0161
1665,,429.5680849334997,308691,19.6,0.012,0.0161
1666,,429.5681161616646,306344,20.0,0.012,0.0161
1667,,429.5678809584052,303988,20.4,0.012,0.0161
1668,,429.56786429910375,301656,20.8,0.012,0.0161
1669,,429.56783373654895,299355,21.2,0.012,0.0161
1670,,429.5680729634412,297082,21.6,0.012,0.0161
1671,,429.5678886277032,294805,22.0,0.012,0.0161
1672,,429.56804296108936,292555,22.4,0.012,0.0161
1673,,429.5679149049088,290335,22.8,0.012,0.0161
1674,,429.56799323556487,288131,23.2,0.012,0.0161
1675,,429.5680487339635,285934,23.6,0.012,0.0161
1676,,429.5679630169214,283763,24.0,0.012,0.0161
1677,,429.56811455437963,281624,24.4,0.012,0.0161
1678,,429.56795281044964,279489,24.8,0.012,0.0161
1679,,429.5681212767327,277372,25.2,0.012,0.0161
1680,,429.5678552611106,275281,25.6,0.012,0.0161
1681,,429.5678637680394,273220,26.0,0.012,0.0161
1682,,429.56790657183006,271158,26.4,0.012,0.0161
1683,,429.567960447029,269118,26.8,0.012,0.0161
1684,,429.56806159380545,267104,27.2,0.012,0.0161
1685,,429.56808703594953,265109,27.6,0.012,0.0161
1686,,429.56805812992997,263120,28.0,0.012,0.0161
1687,,429.5681392964899,261155,28.4,0.012,0.0161
1688,,429.56803727856345,259217,28.8,0.012,0.0161
1689,,429.5678384665122,257291,29.2,0.012,0.0161
1690,,429.56814205141575,255378,29.6,0.012,0.0161
1691,,429.5679005474385,253485,30.0,0.012,0.0161
1692,,429.5680171190068,251619,30.4,0.012,0.0161
1693,,429.56790382295225,249756,30.8,0.012,0.0161
1694,,429.5681107408002,247914,31.2,0.012,0.0161
1695,,429.5678702850951,246095,31.6,0.012,0.0161
1696,,429.56808346317297,244297,32.0,0.012,0.0161
1697,,429.5680284521963,242502,32.4,0.012,0.0161
1698,,429.56786834435815,240727,32.8,0.012,0.0161
1699,,429.56806448347976,238977,33.2,0.012,0.0161
1700,,429.56787319139414,237242,33.6,0.012,0.0161
1701,,429.56815990181235,235517,34.0,0.012,0.0161
1702,,429.5678767537666,233809,34.4,0.012,0.0161
1703,,429.56793945346607,232125,34.8,0.012,0.0161
1704,,429.56806537271433,230440,35.2,0.012,0.0161
1705,,429.56783347033274,228761,35.6,0.012,0.0161
1706,,429.5680717110822,227095,36.0,0.012,0.0161
1707,,429.5678387684179,225443,36.4,0.012,0.0161
1708,,429.5679663700304,223811,36.8,0.012,0.0161
1709,,429.5679077230273,222200,37.2,0.012,0.0161
1710,,429.5680844937446,220610,37.6,0.012,0.0161
1711,,429.5681538055034,219030,38.0,0.012,0.0161
1712,,429.5680564897112,217448,38.4,0.012,0.0161
1713,,429.56790177750054,215886,38.8,0.012,0.0161
1714,,429.56790709599807,214343,39.2,0.012,0.0161
1715,,429.5679919467051,212822,39.6,0.012,0.0161
1716,,429.56795516768676,211326,40.0,0.012,0.0161
1717,,429.9978992051619,443016,0.0,0.009,0.0161
1718,,429.56834484110817,438780,0.4,0.009,0.0161
1719,,429.56814204127807,435370,0.8,0.009,0.0161
1720,,429.56793418419096,431959,1.2,0.009,0.0161
1721,,429.56806901696615,428583,1.6,0.009,0.0161
1722,,429.56809465732607,425211,2.0,0.009,0.0161
1723,,429.56812263365083,421841,2.4,0.009,0.0161
1724,,429.5681812865106,418472,2.8,0.009,0.0161
1725,,429.56818515612736,415099,3.2,0.009,0.0161
1726,,429.56802463295264,411734,3.6,0.009,0.0161
1727,,429.56827546970385,408358,4.0,0.009,0.0161
1728,,429.5679793712193,405003,4.4,0.009,0.0161
1729,,429.56792940278353,401685,4.8,0.009,0.0161
1730,,429.5681648401995,398371,5.2,0.009,0.0161
1731,,429.56797002874026,395083,5.6,0.009,0.0161
1732,,429.5681205700966,391791,6.0,0.009,0.0161
1733,,429.5681810665693,388557,6.4,0.009,0.0161
1734,,429.56820566305976,385313,6.8,0.009,0.0161
1735,,429.56818299196254,382111,7.2,0.009,0.0161
1736,,429.5679362139766,378895,7.6,0.009,0.0161
1737,,429.56814108382616,375737,8.0,0.009,0.0161
1738,,429.56813287811104,372583,8.4,0.009,0.0161
1739,,429.56822311999946,369457,8.8,0.009,0.0161
1740,,429.5679294717068,366342,9.2,0.009,0.0161
1741,,429.5682528525139,363255,9.6,0.009,0.0161
1742,,429.56807806678734,360201,10.0,0.009,0.0161
1743,,429.56819801886974,357161,10.4,0.009,0.0161
1744,,429.5679722455324,354149,10.8,0.009,0.0161
1745,,429.568027629939,351145,11.2,0.009,0.0161
1746,,429.5682490447801,348183,11.6,0.009,0.0161
1747,,429.5681434583114,345234,12.0,0.009,0.0161
1748,,429.56790704709744,342323,12.4,0.009,0.0161
1749,,429.56790858278345,339417,12.8,0.009,0.0161
1750,,429.56815151359064,336545,13.2,0.009,0.0161
1751,,429.56818501946606,333687,13.6,0.009,0.0161
1752,,429.5680980075293,330862,14.0,0.009,0.0161
1753,,429.56820177432184,328063,14.4,0.009,0.0161
1754,,429.5679664049081,325285,14.8,0.009,0.0161
1755,,429.5681758965724,322534,15.2,0.009,0.0161
1756,,429.5681490733697,319799,15.6,0.009,0.0161
1757,,429.56793548129144,317088,16.0,0.009,0.0161
1758,,429.5682302544874,314371,16.4,0.009,0.0161
1759,,429.5681173241897,311677,16.8,0.009,0.0161
1760,,429.5680555516015,309015,17.2,0.009,0.0161
1761,,429.56802193264525,306392,17.6,0.009,0.0161
1762,,429.5680705414312,303762,18.0,0.009,0.0161
1763,,429.56813659582497,301161,18.4,0.009,0.0161
1764,,429.5681110190603,298600,18.8,0.009,0.0161
1765,,429.5679235641927,296086,19.2,0.009,0.0161
1766,,429.56823687974105,293552,19.6,0.009,0.0161
1767,,429.56792520042234,291049,20.0,0.009,0.0161
1768,,429.5680019593215,288587,20.4,0.009,0.0161
1769,,429.5682365404996,286166,20.8,0.009,0.0161
1770,,429.56821253693363,283732,21.2,0.009,0.0161
1771,,429.5681676815868,281329,21.6,0.009,0.0161
1772,,429.56815843574753,278963,22.0,0.009,0.0161
1773,,429.5679230613921,276630,22.4,0.009,0.0161
1774,,429.5680077172397,274291,22.8,0.009,0.0161
1775,,429.5682284438412,271982,23.2,0.009,0.0161
1776,,429.5679874860848,269707,23.6,0.009,0.0161
1777,,429.5679641196871,267461,24.0,0.009,0.0161
1778,,429.5680565995865,265213,24.4,0.009,0.0161
1779,,429.568192064155,262994,24.8,0.009,0.0161
1780,,429.5680314425794,260808,25.2,0.009,0.0161
1781,,429.56796942801276,258646,25.6,0.009,0.0161
1782,,429.5679757414268,256486,26.0,0.009,0.0161
1783,,429.56803515657055,254354,26.4,0.009,0.0161
1784,,429.56798957333865,252254,26.8,0.009,0.0161
1785,,429.56805433340327,250174,27.2,0.009,0.0161
1786,,429.5680397829054,248099,27.6,0.009,0.0161
1787,,429.5680765615108,246051,28.0,0.009,0.0161
1788,,429.5681075408924,244034,28.4,0.009,0.0161
1789,,429.56802901894036,242033,28.8,0.009,0.0161
1790,,429.56819914696143,240041,29.2,0.009,0.0161
1791,,429.5682677201279,238075,29.6,0.009,0.0161
1792,,429.56790491921333,236138,30.0,0.009,0.0161
1793,,429.5681544021003,234216,30.4,0.009,0.0161
1794,,429.5680016594128,232304,30.8,0.009,0.0161
1795,,429.56796329630777,230417,31.2,0.009,0.0161
1796,,429.56795133383883,228558,31.6,0.009,0.0161
1797,,429.568200614374,226709,32.0,0.009,0.0161
1798,,429.56794024492297,224871,32.4,0.009,0.0161
1799,,429.5680457888468,223058,32.8,0.009,0.0161
1800,,429.56791603158945,221272,33.2,0.009,0.0161
1801,,429.5681069109601,219495,33.6,0.009,0.0161
1802,,429.5680307132626,217733,34.0,0.009,0.0161
1803,,429.5679730368394,215995,34.4,0.009,0.0161
1804,,429.5680103580878,214282,34.8,0.009,0.0161
1805,,429.56804011618965,212573,35.2,0.009,0.0161
1806,,429.5680993513225,210880,35.6,0.009,0.0161
1807,,429.5682000709344,209210,36.0,0.009,0.0161
1808,,429.5682388083991,207566,36.4,0.009,0.0161
1809,,429.56808089184955,205926,36.8,0.009,0.0161
1810,,429.56823312844364,204303,37.2,0.009,0.0161
1811,,429.56799337663284,202699,37.6,0.009,0.0161
1812,,429.5679087872484,201119,38.0,0.009,0.0161
1813,,429.56822826657105,199543,38.4,0.009,0.0161
1814,,429.5680611198126,197986,38.8,0.009,0.0161
1815,,429.56807609954666,196449,39.2,0.009,0.0161
1816,,429.56794026491553,194931,39.6,0.009,0.0161
1817,,429.56799103054055,193417,40.0,0.009,0.0161
