,total_counts,area,time,D (um^2/s),alpha (1/s)
0,429.99784325759055,443016,0.0,0.001,0.0039
1,429.5679480669221,439385,1.0,0.001,0.0039
2,429.5680809553909,436596,2.0,0.001,0.0039
3,429.56814478354005,433825,3.0,0.001,0.0039
4,429.5678508418423,431071,4.0,0.001,0.0039
5,429.5680274164508,428339,5.0,0.001,0.0039
6,429.5683447886452,425625,6.0,0.001,0.0039
7,429.56820784211584,422929,7.0,0.001,0.0039
8,429.5680380669839,420253,8.0,0.001,0.0039
9,429.56786219812466,417593,9.0,0.001,0.0039
10,429.56793199966245,414953,10.0,0.001,0.0039
11,429.5681567399919,412332,11.0,0.001,0.0039
12,429.56815140745,409726,12.0,0.001,0.0039
13,429.56792322727705,407136,13.0,0.001,0.0039
14,429.567979673984,404553,14.0,0.001,0.0039
15,429.5681054607268,401990,15.0,0.001,0.0039
16,429.56790452564877,399447,16.0,0.001,0.0039
17,429.5679579534125,396910,17.0,0.001,0.0039
18,429.56790601533874,394397,18.0,0.001,0.0039
19,429.56817445825294,391911,19.0,0.001,0.0039
20,429.56828992486504,389424,20.0,0.001,0.0039
21,429.56798611086316,386959,21.0,0.001,0.0039
22,429.56830090920926,384521,22.0,0.001,0.0039
23,429.5680583033761,382085,23.0,0.001,0.0039
24,429.56814195703765,379668,24.0,0.001,0.0039
25,429.56805577517673,377275,25.0,0.001,0.0039
26,429.56799914908237,374890,26.0,0.001,0.0039
27,429.56814800558453,372519,27.0,0.001,0.0039
28,429.5682608263879,370171,28.0,0.001,0.0039
29,429.5678980416338,367834,29.0,0.001,0.0039
30,429.5680897848384,365508,30.0,0.001,0.0039
31,429.56793225036677,363204,31.0,0.001,0.0039
32,429.5682296884259,360919,32.0,0.001,0.0039
33,429.5682408677964,358643,33.0,0.001,0.0039
34,429.56826895226607,356389,34.0,0.001,0.0039
35,429.56799645292534,354153,35.0,0.001,0.0039
36,429.5680722225885,351921,36.0,0.001,0.0039
37,429.5683089973579,349709,37.0,0.001,0.0039
38,429.56807665582966,347517,38.0,0.001,0.0039
39,429.5678711416102,345326,39.0,0.001,0.0039
40,429.5680171338966,343154,40.0,0.001,0.0039
41,429.56822388775726,341003,41.0,0.001,0.0039
42,429.56800795649025,338854,42.0,0.001,0.0039
43,429.56801327585964,336722,43.0,0.001,0.0039
44,429.56810010475516,334615,44.0,0.001,0.0039
45,429.5681960677231,332520,45.0,0.001,0.0039
46,429.5679261314765,330436,46.0,0.001,0.0039
47,429.5682547766857,328372,47.0,0.001,0.0039
48,429.56791393025964,326316,48.0,0.001,0.0039
49,429.56794000094834,324269,49.0,0.001,0.0039
50,429.568265437373,322240,50.0,0.001,0.0039
51,429.56792485410085,320222,51.0,0.001,0.0039
52,429.5678875543633,318214,52.0,0.001,0.0039
53,429.56828198779516,316232,53.0,0.001,0.0039
54,429.56805519924455,314265,54.0,0.001,0.0039
55,429.5678914299659,312301,55.0,0.001,0.0039
56,429.5681353329446,310353,56.0,0.001,0.0039
57,429.56794844096396,308420,57.0,0.001,0.0039
58,429.568060932446,306489,58.0,0.001,0.0039
59,429.56791904624833,304576,59.0,0.001,0.0039
60,429.5679445674038,302690,60.0,0.001,0.0039
61,429.5679022179068,300807,61.0,0.001,0.0039
62,429.5679476907563,298936,62.0,0.001,0.0039
63,429.56798436545216,297080,63.0,0.001,0.0039
64,429.5678697292007,295228,64.0,0.001,0.0039
65,429.568194847539,293390,65.0,0.001,0.0039
66,429.56814635728955,291577,66.0,0.001,0.0039
67,429.56816717226735,289773,67.0,0.001,0.0039
68,429.56822811344335,287975,68.0,0.001,0.0039
69,429.56790325387453,286189,69.0,0.001,0.0039
70,429.56824417518527,284414,70.0,0.001,0.0039
71,429.5680144029137,282652,71.0,0.001,0.0039
72,429.56818519642536,280911,72.0,0.001,0.0039
73,429.5679978694573,279179,73.0,0.001,0.0039
74,429.56798012941493,277449,74.0,0.001,0.0039
75,429.5680580519853,275731,75.0,0.001,0.0039
76,429.56807153487466,274035,76.0,0.001,0.0039
77,429.56807981399044,272348,77.0,0.001,0.0039
78,429.5682858871887,270671,78.0,0.001,0.0039
79,429.5678600857359,269004,79.0,0.001,0.0039
80,429.56795839060635,267341,80.0,0.001,0.0039
81,429.56813409868056,265701,81.0,0.001,0.0039
82,429.56800096605195,264075,82.0,0.001,0.0039
83,429.5681932225282,262451,83.0,0.001,0.0039
84,429.5681575514877,260833,84.0,0.001,0.0039
85,429.56816751802614,259236,85.0,0.001,0.0039
86,429.5681490567179,257653,86.0,0.001,0.0039
87,429.5680483789563,256073,87.0,0.001,0.0039
88,429.5681369946218,254502,88.0,0.001,0.0039
89,429.5681515233781,252945,89.0,0.001,0.0039
90,429.56802240113205,251403,90.0,0.001,0.0039
91,429.568162246155,249869,91.0,0.001,0.0039
92,429.5683321541163,248341,92.0,0.001,0.0039
93,429.5682879630097,246823,93.0,0.001,0.0039
94,429.5682246214834,245325,94.0,0.001,0.0039
95,429.56808880279385,243832,95.0,0.001,0.0039
96,429.5679983523485,242330,96.0,0.001,0.0039
97,429.56810624178723,240844,97.0,0.001,0.0039
98,429.5683154234245,239372,98.0,0.001,0.0039
99,429.56802084851455,237904,99.0,0.001,0.0039
100,429.5679830937167,236446,100.0,0.001,0.0039
101,429.99738071515196,443016,0.0,0.0085,0.0039
102,429.5675246403568,444034,1.0,0.0085,0.0039
103,429.5677136088977,445708,2.0,0.0085,0.0039
104,429.5676456783418,447171,3.0,0.0085,0.0039
105,429.56746806702836,448466,4.0,0.0085,0.0039
106,429.56739916342826,449564,5.0,0.0085,0.0039
107,429.5676981165904,450510,6.0,0.0085,0.0039
108,429.56764053922325,451291,7.0,0.0085,0.0039
109,429.56739359372773,451963,8.0,0.0085,0.0039
110,429.56753403038556,452508,9.0,0.0085,0.0039
111,429.56746078634603,452966,10.0,0.0085,0.0039
112,429.5675937783567,453341,11.0,0.0085,0.0039
113,429.5675593700754,453622,12.0,0.0085,0.0039
114,429.56761182934736,453820,13.0,0.0085,0.0039
115,429.5676419346347,453939,14.0,0.0085,0.0039
116,429.56757549865983,454006,15.0,0.0085,0.0039
117,429.56759322787974,453996,16.0,0.0085,0.0039
118,429.5674368144081,453932,17.0,0.0085,0.0039
119,429.5675114113615,453809,18.0,0.0085,0.0039
120,429.56752937218295,453633,19.0,0.0085,0.0039
121,429.5673918773973,453411,20.0,0.0085,0.0039
122,429.5674203774494,453142,21.0,0.0085,0.0039
123,429.5673983285539,452842,22.0,0.0085,0.0039
124,429.56749448490785,452503,23.0,0.0085,0.0039
125,429.5675724334958,452124,24.0,0.0085,0.0039
126,429.5674928437204,451704,25.0,0.0085,0.0039
127,429.56749536728825,451252,26.0,0.0085,0.0039
128,429.5676011281829,450772,27.0,0.0085,0.0039
129,429.567536446028,450257,28.0,0.0085,0.0039
130,429.56744253466746,449708,29.0,0.0085,0.0039
131,429.5675887409045,449127,30.0,0.0085,0.0039
132,429.5673911508044,448526,31.0,0.0085,0.0039
133,429.56742492470136,447902,32.0,0.0085,0.0039
134,429.5674334055887,447252,33.0,0.0085,0.0039
135,429.5675767845026,446577,34.0,0.0085,0.0039
136,429.56745465469817,445877,35.0,0.0085,0.0039
137,429.5674717850074,445163,36.0,0.0085,0.0039
138,429.5674530079602,444428,37.0,0.0085,0.0039
139,429.5674815083195,443673,38.0,0.0085,0.0039
140,429.5674422893165,442900,39.0,0.0085,0.0039
141,429.56743356102476,442113,40.0,0.0085,0.0039
142,429.5673869311827,441314,41.0,0.0085,0.0039
143,429.5674656016336,440501,42.0,0.0085,0.0039
144,429.5675207632733,439673,43.0,0.0085,0.0039
145,429.5675701629587,438830,44.0,0.0085,0.0039
146,429.5675746222909,437975,45.0,0.0085,0.0039
147,429.5674514029846,437110,46.0,0.0085,0.0039
148,429.5674178860383,436236,47.0,0.0085,0.0039
149,429.56748357468234,435353,48.0,0.0085,0.0039
150,429.5675218423219,434460,49.0,0.0085,0.0039
151,429.5675200580337,433557,50.0,0.0085,0.0039
152,429.5675461472226,432645,51.0,0.0085,0.0039
153,429.56755094423534,431727,52.0,0.0085,0.0039
154,429.5675274702304,430803,53.0,0.0085,0.0039
155,429.5674390910334,429872,54.0,0.0085,0.0039
156,429.5674478145399,428933,55.0,0.0085,0.0039
157,429.5674194009884,427986,56.0,0.0085,0.0039
158,429.56743585006575,427035,57.0,0.0085,0.0039
159,429.56746649802426,426080,58.0,0.0085,0.0039
160,429.5674398669925,425120,59.0,0.0085,0.0039
161,429.5674147146049,424154,60.0,0.0085,0.0039
162,429.56756732151626,423184,61.0,0.0085,0.0039
163,429.56744086833965,422211,62.0,0.0085,0.0039
164,429.5674701175127,421237,63.0,0.0085,0.0039
165,429.567423542971,420255,64.0,0.0085,0.0039
166,429.5674103857529,419268,65.0,0.0085,0.0039
167,429.5674065097125,418279,66.0,0.0085,0.0039
168,429.56752810854755,417290,67.0,0.0085,0.0039
169,429.5675016134704,416299,68.0,0.0085,0.0039
170,429.5674938797121,415306,69.0,0.0085,0.0039
171,429.56742922789186,414311,70.0,0.0085,0.0039
172,429.56740094105214,413318,71.0,0.0085,0.0039
173,429.56744993612534,412327,72.0,0.0085,0.0039
174,429.5675151837707,411330,73.0,0.0085,0.0039
175,429.5675193528612,410327,74.0,0.0085,0.0039
176,429.56756810200835,409325,75.0,0.0085,0.0039
177,429.5674254803067,408323,76.0,0.0085,0.0039
178,429.56738838169474,407322,77.0,0.0085,0.0039
179,429.5674618728761,406321,78.0,0.0085,0.0039
180,429.5675118738644,405322,79.0,0.0085,0.0039
181,429.56753658901977,404326,80.0,0.0085,0.0039
182,429.56742919100003,403332,81.0,0.0085,0.0039
183,429.56743848528083,402337,82.0,0.0085,0.0039
184,429.5675596916059,401336,83.0,0.0085,0.0039
185,429.5674861284186,400336,84.0,0.0085,0.0039
186,429.5674654356787,399338,85.0,0.0085,0.0039
187,429.5675132086041,398341,86.0,0.0085,0.0039
188,429.5675247157324,397346,87.0,0.0085,0.0039
189,429.5674083340273,396354,88.0,0.0085,0.0039
190,429.5673936138986,395366,89.0,0.0085,0.0039
191,429.56744166026635,394381,90.0,0.0085,0.0039
192,429.5675441371415,393400,91.0,0.0085,0.0039
193,429.567552413482,392412,92.0,0.0085,0.0039
194,429.56753222103697,391425,93.0,0.0085,0.0039
195,429.5674022298991,390439,94.0,0.0085,0.0039
196,429.56743585649735,389456,95.0,0.0085,0.0039
197,429.56747247582695,388477,96.0,0.0085,0.0039
198,429.5673937732766,387501,97.0,0.0085,0.0039
199,429.5674660550147,386529,98.0,0.0085,0.0039
200,429.56740847055255,385560,99.0,0.0085,0.0039
201,429.56748314274654,384597,100.0,0.0085,0.0039
202,429.99759656717026,443016,0.0,0.005,0.0039
203,429.56792088682994,441874,1.0,0.005,0.0039
204,429.5676208626039,441513,2.0,0.005,0.0039
205,429.567722276937,441095,3.0,0.005,0.0039
206,429.56763389733123,440614,4.0,0.005,0.0039
207,429.5676857177935,440068,5.0,0.005,0.0039
208,429.56794159246607,439458,6.0,0.005,0.0039
209,429.56787755107683,438793,7.0,0.005,0.0039
210,429.5679483166038,438084,8.0,0.005,0.0039
211,429.5676837053819,437321,9.0,0.005,0.0039
212,429.5676367371466,436507,10.0,0.005,0.0039
213,429.56773308345856,435645,11.0,0.005,0.0039
214,429.567613673694,434754,12.0,0.005,0.0039
215,429.56792109216934,433833,13.0,0.005,0.0039
216,429.5676510806634,432869,14.0,0.005,0.0039
217,429.56772416526064,431871,15.0,0.005,0.0039
218,429.5678569417506,430860,16.0,0.005,0.0039
219,429.5678121716689,429819,17.0,0.005,0.0039
220,429.5678131855589,428743,18.0,0.005,0.0039
221,429.5676311872535,427659,19.0,0.005,0.0039
222,429.5676939821153,426551,20.0,0.005,0.0039
223,429.56768352869625,425410,21.0,0.005,0.0039
224,429.56784547995886,424265,22.0,0.005,0.0039
225,429.56775957622557,423101,23.0,0.005,0.0039
226,429.56771581448004,421912,24.0,0.005,0.0039
227,429.56783825002026,420719,25.0,0.005,0.0039
228,429.56763217049365,419505,26.0,0.005,0.0039
229,429.5678558272935,418282,27.0,0.005,0.0039
230,429.56776866724204,417063,28.0,0.005,0.0039
231,429.5678077133329,415810,29.0,0.005,0.0039
232,429.5678186809638,414559,30.0,0.005,0.0039
233,429.5678693420985,413300,31.0,0.005,0.0039
234,429.5678123162345,412032,32.0,0.005,0.0039
235,429.56786456168817,410765,33.0,0.005,0.0039
236,429.56783530945773,409474,34.0,0.005,0.0039
237,429.56784200831504,408189,35.0,0.005,0.0039
238,429.56769550116263,406899,36.0,0.005,0.0039
239,429.5677371063654,405604,37.0,0.005,0.0039
240,429.5676195081978,404303,38.0,0.005,0.0039
241,429.5676453135686,402989,39.0,0.005,0.0039
242,429.5676807196514,401686,40.0,0.005,0.0039
243,429.5676910593994,400377,41.0,0.005,0.0039
244,429.56765880104837,399061,42.0,0.005,0.0039
245,429.56764732081564,397743,43.0,0.005,0.0039
246,429.5676932436303,396419,44.0,0.005,0.0039
247,429.5678387639012,395107,45.0,0.005,0.0039
248,429.56774861847583,393782,46.0,0.005,0.0039
249,429.56785181176855,392460,47.0,0.005,0.0039
250,429.5676995571769,391131,48.0,0.005,0.0039
251,429.5676229637463,389808,49.0,0.005,0.0039
252,429.5677746697385,388491,50.0,0.005,0.0039
253,429.5677290080798,387159,51.0,0.005,0.0039
254,429.56776648880094,385836,52.0,0.005,0.0039
255,429.56781776301614,384507,53.0,0.005,0.0039
256,429.5678196574741,383191,54.0,0.005,0.0039
257,429.5677916708752,381860,55.0,0.005,0.0039
258,429.56784518054707,380527,56.0,0.005,0.0039
259,429.56778561427996,379190,57.0,0.005,0.0039
260,429.5677642095026,377853,58.0,0.005,0.0039
261,429.56781419502016,376521,59.0,0.005,0.0039
262,429.56780666003937,375186,60.0,0.005,0.0039
263,429.5677850336752,373862,61.0,0.005,0.0039
264,429.56761132418234,372535,62.0,0.005,0.0039
265,429.5678275898373,371224,63.0,0.005,0.0039
266,429.56769565931,369890,64.0,0.005,0.0039
267,429.56780982440665,368561,65.0,0.005,0.0039
268,429.56775669515656,367232,66.0,0.005,0.0039
269,429.56770993054437,365909,67.0,0.005,0.0039
270,429.5677187976927,364594,68.0,0.005,0.0039
271,429.5678134000783,363283,69.0,0.005,0.0039
272,429.5676465198015,361985,70.0,0.005,0.0039
273,429.56781750396334,360692,71.0,0.005,0.0039
274,429.56770871619153,359414,72.0,0.005,0.0039
275,429.5676679910882,358104,73.0,0.005,0.0039
276,429.56779678287995,356804,74.0,0.005,0.0039
277,429.56764482353145,355505,75.0,0.005,0.0039
278,429.56783221109,354215,76.0,0.005,0.0039
279,429.56766740503997,352932,77.0,0.005,0.0039
280,429.56769121805115,351655,78.0,0.005,0.0039
281,429.5676864664591,350392,79.0,0.005,0.0039
282,429.56766648134925,349134,80.0,0.005,0.0039
283,429.56781566271496,347885,81.0,0.005,0.0039
284,429.56782526591996,346613,82.0,0.005,0.0039
285,429.567640228369,345349,83.0,0.005,0.0039
286,429.5676099650423,344090,84.0,0.005,0.0039
287,429.5677030009776,342838,85.0,0.005,0.0039
288,429.56774446685023,341596,86.0,0.005,0.0039
289,429.56767271317665,340358,87.0,0.005,0.0039
290,429.5677638292742,339135,88.0,0.005,0.0039
291,429.5676932247821,337917,89.0,0.005,0.0039
292,429.5676737868076,336700,90.0,0.005,0.0039
293,429.5678329090364,335472,91.0,0.005,0.0039
294,429.5677282076245,334249,92.0,0.005,0.0039
295,429.56763858636185,333034,93.0,0.005,0.0039
296,429.5676102688639,331823,94.0,0.005,0.0039
297,429.56763033609496,330624,95.0,0.005,0.0039
298,429.56777930517137,329430,96.0,0.005,0.0039
299,429.56774057306905,328248,97.0,0.005,0.0039
300,429.56760799570276,327074,98.0,0.005,0.0039
301,429.56776713577347,325893,99.0,0.005,0.0039
302,429.5678233128407,324711,100.0,0.005,0.0039
303,429.9973190435207,443016,0.0,0.0095,0.0039
304,429.567367665134,444642,1.0,0.0095,0.0039
305,429.5673459370304,446883,2.0,0.0095,0.0039
306,429.5675438306108,448868,3.0,0.0095,0.0039
307,429.56747409413987,450623,4.0,0.0095,0.0039
308,429.567537496391,452150,5.0,0.0095,0.0039
309,429.5673230797982,453489,6.0,0.0095,0.0039
310,429.56752206397374,454667,7.0,0.0095,0.0039
311,429.56736868504055,455706,8.0,0.0095,0.0039
312,429.5674092792824,456622,9.0,0.0095,0.0039
313,429.5674205892979,457415,10.0,0.0095,0.0039
314,429.5674737583364,458090,11.0,0.0095,0.0039
315,429.56752610394113,458672,12.0,0.0095,0.0039
316,429.5674923350168,459145,13.0,0.0095,0.0039
317,429.5673812645084,459554,14.0,0.0095,0.0039
318,429.56745309488275,459867,15.0,0.0095,0.0039
319,429.56745852099033,460111,16.0,0.0095,0.0039
320,429.56746150775393,460291,17.0,0.0095,0.0039
321,429.56743067392665,460418,18.0,0.0095,0.0039
322,429.5674233122099,460487,19.0,0.0095,0.0039
323,429.56744923783714,460495,20.0,0.0095,0.0039
324,429.5673761068366,460444,21.0,0.0095,0.0039
325,429.5675429531719,460354,22.0,0.0095,0.0039
326,429.56740502128605,460217,23.0,0.0095,0.0039
327,429.56740453194345,460026,24.0,0.0095,0.0039
328,429.56751985624965,459781,25.0,0.0095,0.0039
329,429.5674553662016,459499,26.0,0.0095,0.0039
330,429.5674289052987,459184,27.0,0.0095,0.0039
331,429.56736640312505,458827,28.0,0.0095,0.0039
332,429.56744090279676,458429,29.0,0.0095,0.0039
333,429.5674835955667,458000,30.0,0.0095,0.0039
334,429.5675043560822,457546,31.0,0.0095,0.0039
335,429.5674443241256,457059,32.0,0.0095,0.0039
336,429.5674452836415,456540,33.0,0.0095,0.0039
337,429.5675019621773,455995,34.0,0.0095,0.0039
338,429.56741854673555,455430,35.0,0.0095,0.0039
339,429.5674235763112,454840,36.0,0.0095,0.0039
340,429.5674598079944,454225,37.0,0.0095,0.0039
341,429.567449998547,453588,38.0,0.0095,0.0039
342,429.5675081775639,452936,39.0,0.0095,0.0039
343,429.5673662106999,452263,40.0,0.0095,0.0039
344,429.5674043844149,451571,41.0,0.0095,0.0039
345,429.5673327621703,450861,42.0,0.0095,0.0039
346,429.5673346232014,450142,43.0,0.0095,0.0039
347,429.56741012360976,449409,44.0,0.0095,0.0039
348,429.5674105629253,448662,45.0,0.0095,0.0039
349,429.567446782619,447902,46.0,0.0095,0.0039
350,429.5674506709623,447129,47.0,0.0095,0.0039
351,429.56737568706507,446343,48.0,0.0095,0.0039
352,429.5673601840337,445545,49.0,0.0095,0.0039
353,429.56736959256045,444735,50.0,0.0095,0.0039
354,429.5673331617662,443919,51.0,0.0095,0.0039
355,429.5674718530337,443093,52.0,0.0095,0.0039
356,429.5673347093155,442256,53.0,0.0095,0.0039
357,429.5674549566096,441412,54.0,0.0095,0.0039
358,429.56739661318574,440559,55.0,0.0095,0.0039
359,429.5674714471367,439699,56.0,0.0095,0.0039
360,429.5674832115544,438831,57.0,0.0095,0.0039
361,429.56744604063454,437955,58.0,0.0095,0.0039
362,429.5673826811068,437074,59.0,0.0095,0.0039
363,429.56746647131024,436189,60.0,0.0095,0.0039
364,429.56747079922206,435299,61.0,0.0095,0.0039
365,429.56737361044657,434404,62.0,0.0095,0.0039
366,429.56735847312865,433505,63.0,0.0095,0.0039
367,429.5674527154532,432602,64.0,0.0095,0.0039
368,429.56732913639866,431693,65.0,0.0095,0.0039
369,429.56750485251797,430783,66.0,0.0095,0.0039
370,429.5674272931131,429869,67.0,0.0095,0.0039
371,429.5673240109829,428952,68.0,0.0095,0.0039
372,429.5673375700929,428033,69.0,0.0095,0.0039
373,429.5673435283155,427111,70.0,0.0095,0.0039
374,429.5674483735492,426187,71.0,0.0095,0.0039
375,429.5674527731065,425262,72.0,0.0095,0.0039
376,429.5673391192958,424336,73.0,0.0095,0.0039
377,429.56745446374043,423411,74.0,0.0095,0.0039
378,429.5674257193196,422483,75.0,0.0095,0.0039
379,429.56743598328933,421551,76.0,0.0095,0.0039
380,429.5674745238314,420619,77.0,0.0095,0.0039
381,429.5674436932643,419687,78.0,0.0095,0.0039
382,429.5673622616495,418755,79.0,0.0095,0.0039
383,429.5674295857137,417824,80.0,0.0095,0.0039
384,429.5673390438471,416892,81.0,0.0095,0.0039
385,429.56733966829285,415962,82.0,0.0095,0.0039
386,429.5674880045547,415034,83.0,0.0095,0.0039
387,429.5673723166149,414101,84.0,0.0095,0.0039
388,429.56736173141957,413169,85.0,0.0095,0.0039
389,429.56733991638697,412237,86.0,0.0095,0.0039
390,429.56740227240687,411307,87.0,0.0095,0.0039
391,429.56742744364067,410379,88.0,0.0095,0.0039
392,429.56744214668765,409453,89.0,0.0095,0.0039
393,429.56743916619223,408529,90.0,0.0095,0.0039
394,429.56745742807306,407607,91.0,0.0095,0.0039
395,429.5674540107212,406681,92.0,0.0095,0.0039
396,429.5674774473567,405757,93.0,0.0095,0.0039
397,429.5673284458992,404834,94.0,0.0095,0.0039
398,429.56741745854515,403914,95.0,0.0095,0.0039
399,429.56737326041355,402995,96.0,0.0095,0.0039
400,429.5674813795236,402080,97.0,0.0095,0.0039
401,429.56736325285164,401167,98.0,0.0095,0.0039
402,429.56734751944566,400258,99.0,0.0095,0.0039
403,429.5674085497888,399346,100.0,0.0095,0.0039
404,429.99765823954226,443016,0.0,0.004,0.0039
405,429.56774177274906,441255,1.0,0.004,0.0039
406,429.5678971988909,440285,2.0,0.004,0.0039
407,429.5677416333154,439297,3.0,0.004,0.0039
408,429.5679966436691,438277,4.0,0.004,0.0039
409,429.5677190699181,437209,5.0,0.004,0.0039
410,429.56781120420516,436121,6.0,0.004,0.0039
411,429.56804873807954,434999,7.0,0.004,0.0039
412,429.5679258178683,433829,8.0,0.004,0.0039
413,429.5676920438647,432653,9.0,0.004,0.0039
414,429.56771626825906,431427,10.0,0.004,0.0039
415,429.5676948824209,430175,11.0,0.004,0.0039
416,429.567700880679,428909,12.0,0.004,0.0039
417,429.5678196128068,427599,13.0,0.004,0.0039
418,429.56801212445157,426297,14.0,0.004,0.0039
419,429.5676836080706,424956,15.0,0.004,0.0039
420,429.567727067891,423611,16.0,0.004,0.0039
421,429.56787644542527,422247,17.0,0.004,0.0039
422,429.56796162185015,420870,18.0,0.004,0.0039
423,429.5679610495937,419478,19.0,0.004,0.0039
424,429.56782929938106,418079,20.0,0.004,0.0039
425,429.567774694277,416666,21.0,0.004,0.0039
426,429.56796909465294,415240,22.0,0.004,0.0039
427,429.56787478281603,413818,23.0,0.004,0.0039
428,429.5678363693823,412371,24.0,0.004,0.0039
429,429.56784968125334,410933,25.0,0.004,0.0039
430,429.56790860706633,409473,26.0,0.004,0.0039
431,429.5678031320862,408007,27.0,0.004,0.0039
432,429.5678418889296,406522,28.0,0.004,0.0039
433,429.5677173411817,405044,29.0,0.004,0.0039
434,429.56790440560303,403556,30.0,0.004,0.0039
435,429.5677347918069,402080,31.0,0.004,0.0039
436,429.56788493116727,400573,32.0,0.004,0.0039
437,429.5677939014107,399071,33.0,0.004,0.0039
438,429.5676673176333,397566,34.0,0.004,0.0039
439,429.567702062248,396071,35.0,0.004,0.0039
440,429.5678016224412,394584,36.0,0.004,0.0039
441,429.56782929639456,393091,37.0,0.004,0.0039
442,429.5677206419064,391582,38.0,0.004,0.0039
443,429.56782946656034,390073,39.0,0.004,0.0039
444,429.56769435221,388576,40.0,0.004,0.0039
445,429.5676644715659,387080,41.0,0.004,0.0039
446,429.5677891042326,385607,42.0,0.004,0.0039
447,429.56793023251026,384099,43.0,0.004,0.0039
448,429.5678755209395,382604,44.0,0.004,0.0039
449,429.56771162910525,381102,45.0,0.004,0.0039
450,429.56787533566916,379622,46.0,0.004,0.0039
451,429.567860399245,378140,47.0,0.004,0.0039
452,429.5677047519485,376668,48.0,0.004,0.0039
453,429.5677372854205,375174,49.0,0.004,0.0039
454,429.5678184645149,373695,50.0,0.004,0.0039
455,429.5678058133586,372215,51.0,0.004,0.0039
456,429.56777969296667,370751,52.0,0.004,0.0039
457,429.5678267914564,369294,53.0,0.004,0.0039
458,429.56789518261417,367825,54.0,0.004,0.0039
459,429.5679219954758,366357,55.0,0.004,0.0039
460,429.56790296137063,364895,56.0,0.004,0.0039
461,429.56787895778854,363444,57.0,0.004,0.0039
462,429.5677577782185,361999,58.0,0.004,0.0039
463,429.5678044621757,360562,59.0,0.004,0.0039
464,429.5677775315828,359110,60.0,0.004,0.0039
465,429.5677891313445,357672,61.0,0.004,0.0039
466,429.5677079947874,356233,62.0,0.004,0.0039
467,429.56782344999675,354813,63.0,0.004,0.0039
468,429.56769467685234,353394,64.0,0.004,0.0039
469,429.5676932801491,351975,65.0,0.004,0.0039
470,429.56766422329844,350550,66.0,0.004,0.0039
471,429.5678524912332,349142,67.0,0.004,0.0039
472,429.56785652088683,347733,68.0,0.004,0.0039
473,429.56772765246063,346342,69.0,0.004,0.0039
474,429.5677065815186,344947,70.0,0.004,0.0039
475,429.56787710127816,343555,71.0,0.004,0.0039
476,429.56766653018985,342161,72.0,0.004,0.0039
477,429.5678756245244,340783,73.0,0.004,0.0039
478,429.5678208359551,339407,74.0,0.004,0.0039
479,429.5677214594368,338047,75.0,0.004,0.0039
480,429.56767512140135,336676,76.0,0.004,0.0039
481,429.56774024136723,335314,77.0,0.004,0.0039
482,429.5678823210829,333955,78.0,0.004,0.0039
483,429.56788311412333,332608,79.0,0.004,0.0039
484,429.56770640128263,331266,80.0,0.004,0.0039
485,429.5679054997715,329934,81.0,0.004,0.0039
486,429.56785286333036,328594,82.0,0.004,0.0039
487,429.5677844696766,327264,83.0,0.004,0.0039
488,429.5678287318587,325939,84.0,0.004,0.0039
489,429.5678992065692,324626,85.0,0.004,0.0039
490,429.5677624771468,323319,86.0,0.004,0.0039
491,429.56788421472004,322013,87.0,0.004,0.0039
492,429.5678748601914,320707,88.0,0.004,0.0039
493,429.56770517735276,319411,89.0,0.004,0.0039
494,429.567912778574,318121,90.0,0.004,0.0039
495,429.5678869087168,316843,91.0,0.004,0.0039
496,429.56777802432026,315564,92.0,0.004,0.0039
497,429.5678707442041,314281,93.0,0.004,0.0039
498,429.567812440824,312997,94.0,0.004,0.0039
499,429.56770895283915,311722,95.0,0.004,0.0039
500,429.5679061552159,310449,96.0,0.004,0.0039
501,429.56781883891614,309186,97.0,0.004,0.0039
502,429.56791081023283,307926,98.0,0.004,0.0039
503,429.5677819601684,306678,99.0,0.004,0.0039
504,429.56772130571227,305434,100.0,0.004,0.0039
505,429.997750748398,443016,0.0,0.0025,0.0039
506,429.5677981045277,440308,1.0,0.0025,0.0039
507,429.56799205553074,438453,2.0,0.0025,0.0039
508,429.5679519202132,436580,3.0,0.0025,0.0039
509,429.56803913964666,434695,4.0,0.0025,0.0039
510,429.5679455346594,432829,5.0,0.0025,0.0039
511,429.56819764246376,430955,6.0,0.0025,0.0039
512,429.5681265337028,429065,7.0,0.0025,0.0039
513,429.5681402082151,427196,8.0,0.0025,0.0039
514,429.5681679740513,425317,9.0,0.0025,0.0039
515,429.56808655820663,423402,10.0,0.0025,0.0039
516,429.5681208401196,421503,11.0,0.0025,0.0039
517,429.5680550148399,419612,12.0,0.0025,0.0039
518,429.56788183127503,417685,13.0,0.0025,0.0039
519,429.56795810441247,415773,14.0,0.0025,0.0039
520,429.56813548823413,413891,15.0,0.0025,0.0039
521,429.5678925381678,411980,16.0,0.0025,0.0039
522,429.56795647421086,410064,17.0,0.0025,0.0039
523,429.5677669092078,408184,18.0,0.0025,0.0039
524,429.56787851206053,406292,19.0,0.0025,0.0039
525,429.5678287047182,404383,20.0,0.0025,0.0039
526,429.56805545188064,402504,21.0,0.0025,0.0039
527,429.5677939222865,400629,22.0,0.0025,0.0039
528,429.5679434324034,398734,23.0,0.0025,0.0039
529,429.56802274795734,396855,24.0,0.0025,0.0039
530,429.56808510671056,394999,25.0,0.0025,0.0039
531,429.56775774745955,393119,26.0,0.0025,0.0039
532,429.56792432403887,391246,27.0,0.0025,0.0039
533,429.5679133873761,389406,28.0,0.0025,0.0039
534,429.56793783584493,387545,29.0,0.0025,0.0039
535,429.5678331895288,385685,30.0,0.0025,0.0039
536,429.56803240712713,383853,31.0,0.0025,0.0039
537,429.56794818301773,382016,32.0,0.0025,0.0039
538,429.56782972923935,380174,33.0,0.0025,0.0039
539,429.56802482196525,378350,34.0,0.0025,0.0039
540,429.56791457923373,376537,35.0,0.0025,0.0039
541,429.568047121351,374716,36.0,0.0025,0.0039
542,429.56786324962127,372903,37.0,0.0025,0.0039
543,429.568055748188,371113,38.0,0.0025,0.0039
544,429.56809274267977,369313,39.0,0.0025,0.0039
545,429.5679011865066,367517,40.0,0.0025,0.0039
546,429.5678740512686,365746,41.0,0.0025,0.0039
547,429.5678057364229,363968,42.0,0.0025,0.0039
548,429.56798963086754,362193,43.0,0.0025,0.0039
549,429.56796350081595,360441,44.0,0.0025,0.0039
550,429.56795694043706,358672,45.0,0.0025,0.0039
551,429.56789310925194,356897,46.0,0.0025,0.0039
552,429.56806349991734,355132,47.0,0.0025,0.0039
553,429.56792643433664,353383,48.0,0.0025,0.0039
554,429.5678013868793,351637,49.0,0.0025,0.0039
555,429.56788698599985,349905,50.0,0.0025,0.0039
556,429.5680472802405,348181,51.0,0.0025,0.0039
557,429.5678455410468,346446,52.0,0.0025,0.0039
558,429.5679796753848,344720,53.0,0.0025,0.0039
559,429.56808236187334,343021,54.0,0.0025,0.0039
560,429.567955417781,341334,55.0,0.0025,0.0039
561,429.5677751636405,339661,56.0,0.0025,0.0039
562,429.5678547144854,337982,57.0,0.0025,0.0039
563,429.5680852448583,336303,58.0,0.0025,0.0039
564,429.5680664528491,334629,59.0,0.0025,0.0039
565,429.56795765154453,332980,60.0,0.0025,0.0039
566,429.5677799122772,331345,61.0,0.0025,0.0039
567,429.5678273625574,329720,62.0,0.0025,0.0039
568,429.56806212214497,328086,63.0,0.0025,0.0039
569,429.5679424580835,326458,64.0,0.0025,0.0039
570,429.5677776801351,324836,65.0,0.0025,0.0039
571,429.5679470731303,323240,66.0,0.0025,0.0039
572,429.5680874500047,321656,67.0,0.0025,0.0039
573,429.5678025421711,320073,68.0,0.0025,0.0039
574,429.5679509774148,318491,69.0,0.0025,0.0039
575,429.56804170863467,316913,70.0,0.0025,0.0039
576,429.5679272852034,315344,71.0,0.0025,0.0039
577,429.56808405307066,313800,72.0,0.0025,0.0039
578,429.56805007511116,312263,73.0,0.0025,0.0039
579,429.56806360638825,310727,74.0,0.0025,0.0039
580,429.5678472548844,309194,75.0,0.0025,0.0039
581,429.56776785960324,307663,76.0,0.0025,0.0039
582,429.56794407244456,306151,77.0,0.0025,0.0039
583,429.5680428959039,304654,78.0,0.0025,0.0039
584,429.5680771254858,303165,79.0,0.0025,0.0039
585,429.56805290960176,301678,80.0,0.0025,0.0039
586,429.5677939430259,300189,81.0,0.0025,0.0039
587,429.56800809279986,298710,82.0,0.0025,0.0039
588,429.56801993317595,297251,83.0,0.0025,0.0039
589,429.5677883094063,295796,84.0,0.0025,0.0039
590,429.5680617863597,294362,85.0,0.0025,0.0039
591,429.56796453306293,292916,86.0,0.0025,0.0039
592,429.56780884655007,291473,87.0,0.0025,0.0039
593,429.56806169030693,290051,88.0,0.0025,0.0039
594,429.568017164329,288633,89.0,0.0025,0.0039
595,429.5679236218158,287230,90.0,0.0025,0.0039
596,429.5677822661174,285839,91.0,0.0025,0.0039
597,429.56803374013435,284436,92.0,0.0025,0.0039
598,429.5680120104331,283050,93.0,0.0025,0.0039
599,429.5678480082001,281668,94.0,0.0025,0.0039
600,429.56802841751636,280300,95.0,0.0025,0.0039
601,429.5678935898225,278948,96.0,0.0025,0.0039
602,429.56785536029724,277592,97.0,0.0025,0.0039
603,429.56794920496276,276244,98.0,0.0025,0.0039
604,429.56787208031744,274898,99.0,0.0025,0.0039
605,429.56788776913396,273566,100.0,0.0025,0.0039
606,429.9977199120734,443016,0.0,0.003,0.0039
607,429.5678895182671,440627,1.0,0.003,0.0039
608,429.56793788488693,439069,2.0,0.003,0.0039
609,429.5678262244922,437480,3.0,0.003,0.0039
610,429.568152476515,435908,4.0,0.003,0.0039
611,429.5680736535619,434292,5.0,0.003,0.0039
612,429.56800958210727,432696,6.0,0.003,0.0039
613,429.56791826918374,431071,7.0,0.003,0.0039
614,429.5680519899773,429440,8.0,0.003,0.0039
615,429.56775780634666,427804,9.0,0.003,0.0039
616,429.56783860443227,426140,10.0,0.003,0.0039
617,429.5680491626733,424486,11.0,0.003,0.0039
618,429.56793061946047,422790,12.0,0.003,0.0039
619,429.5678091557386,421102,13.0,0.003,0.0039
620,429.5678103035281,419405,14.0,0.003,0.0039
621,429.56785591188174,417679,15.0,0.003,0.0039
622,429.5678799863636,415980,16.0,0.003,0.0039
623,429.5679682859265,414271,17.0,0.003,0.0039
624,429.5680581073073,412544,18.0,0.003,0.0039
625,429.5680831258252,410827,19.0,0.003,0.0039
626,429.56803814859836,409108,20.0,0.003,0.0039
627,429.56796308210494,407384,21.0,0.003,0.0039
628,429.56775774180636,405655,22.0,0.003,0.0039
629,429.5679318649317,403932,23.0,0.003,0.0039
630,429.56795423972056,402214,24.0,0.003,0.0039
631,429.5679948788028,400480,25.0,0.003,0.0039
632,429.56799542502796,398762,26.0,0.003,0.0039
633,429.56774774518425,397045,27.0,0.003,0.0039
634,429.567754790086,395311,28.0,0.003,0.0039
635,429.567815765465,393601,29.0,0.003,0.0039
636,429.56801553288847,391889,30.0,0.003,0.0039
637,429.56802130433823,390162,31.0,0.003,0.0039
638,429.5680191420186,388459,32.0,0.003,0.0039
639,429.5679444372366,386752,33.0,0.003,0.0039
640,429.5677300012228,385038,34.0,0.003,0.0039
641,429.5678231487014,383341,35.0,0.003,0.0039
642,429.56800046276044,381643,36.0,0.003,0.0039
643,429.5678631304281,379946,37.0,0.003,0.0039
644,429.56777355373146,378255,38.0,0.003,0.0039
645,429.5679718990972,376566,39.0,0.003,0.0039
646,429.56781072494084,374878,40.0,0.003,0.0039
647,429.5677371575709,373177,41.0,0.003,0.0039
648,429.56803276006343,371476,42.0,0.003,0.0039
649,429.5679721520039,369792,43.0,0.003,0.0039
650,429.5680056880178,368106,44.0,0.003,0.0039
651,429.56791186860585,366434,45.0,0.003,0.0039
652,429.5679310342109,364769,46.0,0.003,0.0039
653,429.56790415379425,363080,47.0,0.003,0.0039
654,429.56783969519967,361408,48.0,0.003,0.0039
655,429.5677868934928,359747,49.0,0.003,0.0039
656,429.5678755881141,358092,50.0,0.003,0.0039
657,429.5677321062509,356465,51.0,0.003,0.0039
658,429.56772598240116,354851,52.0,0.003,0.0039
659,429.5679797268437,353202,53.0,0.003,0.0039
660,429.56797557440757,351571,54.0,0.003,0.0039
661,429.56775592269906,349940,55.0,0.003,0.0039
662,429.567931390794,348328,56.0,0.003,0.0039
663,429.56777499515124,346734,57.0,0.003,0.0039
664,429.5677390885495,345149,58.0,0.003,0.0039
665,429.5678400781888,343567,59.0,0.003,0.0039
666,429.5679871115933,341971,60.0,0.003,0.0039
667,429.5679593789849,340382,61.0,0.003,0.0039
668,429.5678106134061,338814,62.0,0.003,0.0039
669,429.5680156058271,337251,63.0,0.003,0.0039
670,429.567952370056,335710,64.0,0.003,0.0039
671,429.56779821472725,334178,65.0,0.003,0.0039
672,429.56796956313303,332622,66.0,0.003,0.0039
673,429.5677596510907,331084,67.0,0.003,0.0039
674,429.56783398782534,329549,68.0,0.003,0.0039
675,429.56775869765767,328030,69.0,0.003,0.0039
676,429.5677653683858,326528,70.0,0.003,0.0039
677,429.56783260373135,325035,71.0,0.003,0.0039
678,429.56790526352165,323539,72.0,0.003,0.0039
679,429.56779585730897,322036,73.0,0.003,0.0039
680,429.5678214966825,320547,74.0,0.003,0.0039
681,429.5677456769406,319071,75.0,0.003,0.0039
682,429.5678237036449,317602,76.0,0.003,0.0039
683,429.5679910124915,316157,77.0,0.003,0.0039
684,429.56796153263133,314706,78.0,0.003,0.0039
685,429.56792234122383,313252,79.0,0.003,0.0039
686,429.5680028806045,311806,80.0,0.003,0.0039
687,429.5677986661924,310366,81.0,0.003,0.0039
688,429.5678041071586,308946,82.0,0.003,0.0039
689,429.5679686549537,307531,83.0,0.003,0.0039
690,429.5679417289937,306138,84.0,0.003,0.0039
691,429.5677563784188,304723,85.0,0.003,0.0039
692,429.56774258975975,303319,86.0,0.003,0.0039
693,429.56782101171086,301927,87.0,0.003,0.0039
694,429.5677740075758,300540,88.0,0.003,0.0039
695,429.56783439486696,299173,89.0,0.003,0.0039
696,429.56787334949735,297811,90.0,0.003,0.0039
697,429.56793945161036,296455,91.0,0.003,0.0039
698,429.5677592298769,295091,92.0,0.003,0.0039
699,429.5679580347085,293740,93.0,0.003,0.0039
700,429.5678281915329,292398,94.0,0.003,0.0039
701,429.56800778564303,291065,95.0,0.003,0.0039
702,429.568023576003,289749,96.0,0.003,0.0039
703,429.56774819674933,288434,97.0,0.003,0.0039
704,429.56800503623697,287120,98.0,0.003,0.0039
705,429.5680234264838,285806,99.0,0.003,0.0039
706,429.56781791223153,284507,100.0,0.003,0.0039
707,429.9974423869508,443016,0.0,0.0075,0.0039
708,429.5677309259519,443416,1.0,0.0075,0.0039
709,429.56754683343405,444519,2.0,0.0075,0.0039
710,429.5674744511993,445471,3.0,0.0075,0.0039
711,429.5675311047815,446267,4.0,0.0075,0.0039
712,429.567468599559,446914,5.0,0.0075,0.0039
713,429.5676551506928,447453,6.0,0.0075,0.0039
714,429.5677750468667,447853,7.0,0.0075,0.0039
715,429.56750393143517,448135,8.0,0.0075,0.0039
716,429.56768151224895,448330,9.0,0.0075,0.0039
717,429.5674584670703,448443,10.0,0.0075,0.0039
718,429.56748978292734,448476,11.0,0.0075,0.0039
719,429.56747556510095,448445,12.0,0.0075,0.0039
720,429.56754199518133,448342,13.0,0.0075,0.0039
721,429.567705191179,448181,14.0,0.0075,0.0039
722,429.5676163590953,447961,15.0,0.0075,0.0039
723,429.56745569038134,447677,16.0,0.0075,0.0039
724,429.567511720468,447356,17.0,0.0075,0.0039
725,429.5676976785532,446985,18.0,0.0075,0.0039
726,429.56763001879835,446566,19.0,0.0075,0.0039
727,429.56756688961235,446113,20.0,0.0075,0.0039
728,429.5675774085438,445619,21.0,0.0075,0.0039
729,429.56747421763157,445089,22.0,0.0075,0.0039
730,429.5674743499579,444528,23.0,0.0075,0.0039
731,429.567583436202,443933,24.0,0.0075,0.0039
732,429.56754157359285,443312,25.0,0.0075,0.0039
733,429.5674658892106,442664,26.0,0.0075,0.0039
734,429.5675933817859,441989,27.0,0.0075,0.0039
735,429.5675614625819,441287,28.0,0.0075,0.0039
736,429.5676063987603,440562,29.0,0.0075,0.0039
737,429.5675937617328,439816,30.0,0.0075,0.0039
738,429.5674635661948,439051,31.0,0.0075,0.0039
739,429.56765613455434,438265,32.0,0.0075,0.0039
740,429.5674854083438,437455,33.0,0.0075,0.0039
741,429.5674817961208,436624,34.0,0.0075,0.0039
742,429.56750863025525,435776,35.0,0.0075,0.0039
743,429.5674977687193,434917,36.0,0.0075,0.0039
744,429.5675557688004,434044,37.0,0.0075,0.0039
745,429.5674767797035,433154,38.0,0.0075,0.0039
746,429.567558405025,432248,39.0,0.0075,0.0039
747,429.5675148721682,431328,40.0,0.0075,0.0039
748,429.56753595459486,430400,41.0,0.0075,0.0039
749,429.567615279931,429462,42.0,0.0075,0.0039
750,429.5675723499649,428511,43.0,0.0075,0.0039
751,429.56755107605983,427547,44.0,0.0075,0.0039
752,429.56755073439484,426576,45.0,0.0075,0.0039
753,429.5675172389104,425600,46.0,0.0075,0.0039
754,429.56758331946423,424614,47.0,0.0075,0.0039
755,429.5676504767499,423617,48.0,0.0075,0.0039
756,429.56753913804977,422612,49.0,0.0075,0.0039
757,429.5675282134409,421605,50.0,0.0075,0.0039
758,429.56762025688704,420594,51.0,0.0075,0.0039
759,429.5675148782099,419572,52.0,0.0075,0.0039
760,429.567507029879,418543,53.0,0.0075,0.0039
761,429.5675571870774,417513,54.0,0.0075,0.0039
762,429.56748898925514,416479,55.0,0.0075,0.0039
763,429.5675160626476,415439,56.0,0.0075,0.0039
764,429.56763624078843,414397,57.0,0.0075,0.0039
765,429.567566878903,413350,58.0,0.0075,0.0039
766,429.56753112507,412300,59.0,0.0075,0.0039
767,429.5674571721599,411244,60.0,0.0075,0.0039
768,429.5675127407324,410189,61.0,0.0075,0.0039
769,429.5675110382904,409135,62.0,0.0075,0.0039
770,429.5676350619881,408074,63.0,0.0075,0.0039
771,429.56752409498046,407004,64.0,0.0075,0.0039
772,429.5675504018193,405935,65.0,0.0075,0.0039
773,429.56755468853606,404865,66.0,0.0075,0.0039
774,429.5675986663035,403791,67.0,0.0075,0.0039
775,429.5675366263994,402716,68.0,0.0075,0.0039
776,429.5674721201818,401643,69.0,0.0075,0.0039
777,429.5676032229894,400571,70.0,0.0075,0.0039
778,429.56745132505574,399496,71.0,0.0075,0.0039
779,429.56749190771575,398426,72.0,0.0075,0.0039
780,429.5676262467427,397351,73.0,0.0075,0.0039
781,429.5675694789258,396269,74.0,0.0075,0.0039
782,429.567612306236,395188,75.0,0.0075,0.0039
783,429.567624267216,394110,76.0,0.0075,0.0039
784,429.56760251685364,393033,77.0,0.0075,0.0039
785,429.5675691455291,391956,78.0,0.0075,0.0039
786,429.5675593355489,390884,79.0,0.0075,0.0039
787,429.56748288220126,389816,80.0,0.0075,0.0039
788,429.56761387536227,388751,81.0,0.0075,0.0039
789,429.56746132693706,387690,82.0,0.0075,0.0039
790,429.5676043933757,386624,83.0,0.0075,0.0039
791,429.56752773027665,385552,84.0,0.0075,0.0039
792,429.5675344267083,384481,85.0,0.0075,0.0039
793,429.56746337518484,383414,86.0,0.0075,0.0039
794,429.5674874915375,382351,87.0,0.0075,0.0039
795,429.5675971595441,381290,88.0,0.0075,0.0039
796,429.56745726432695,380233,89.0,0.0075,0.0039
797,429.5675636521454,379183,90.0,0.0075,0.0039
798,429.56745776805656,378136,91.0,0.0075,0.0039
799,429.5675034318038,377095,92.0,0.0075,0.0039
800,429.56745484341917,376048,93.0,0.0075,0.0039
801,429.5676155172837,374999,94.0,0.0075,0.0039
802,429.56752191242555,373950,95.0,0.0075,0.0039
803,429.56748623190055,372906,96.0,0.0075,0.0039
804,429.56753532589767,371867,97.0,0.0075,0.0039
805,429.5675646054809,370831,98.0,0.0075,0.0039
806,429.5676282571038,369800,99.0,0.0075,0.0039
807,429.56761822198087,368775,100.0,0.0075,0.0039
808,429.9974115510303,443016,0.0,0.008,0.0039
809,429.5675073354129,443726,1.0,0.008,0.0039
810,429.56783446604044,445106,2.0,0.008,0.0039
811,429.567449338958,446331,3.0,0.008,0.0039
812,429.56752799794856,447364,4.0,0.008,0.0039
813,429.5676310720325,448256,5.0,0.008,0.0039
814,429.5675868184023,448975,6.0,0.008,0.0039
815,429.56761818022983,449588,7.0,0.008,0.0039
816,429.5675198254693,450067,8.0,0.008,0.0039
817,429.5677084005641,450432,9.0,0.008,0.0039
818,429.56753141507505,450715,10.0,0.008,0.0039
819,429.5675060912895,450927,11.0,0.008,0.0039
820,429.56760965015275,451051,12.0,0.008,0.0039
821,429.5676280805317,451103,13.0,0.008,0.0039
822,429.56761719836743,451085,14.0,0.008,0.0039
823,429.56758778514904,450997,15.0,0.008,0.0039
824,429.56747076721604,450864,16.0,0.008,0.0039
825,429.56752433547734,450670,17.0,0.008,0.0039
826,429.5674712108003,450426,18.0,0.008,0.0039
827,429.5675242113426,450136,19.0,0.008,0.0039
828,429.56750811752534,449796,20.0,0.008,0.0039
829,429.56747759672913,449420,21.0,0.008,0.0039
830,429.5676515171372,449002,22.0,0.008,0.0039
831,429.5676278413241,448550,23.0,0.008,0.0039
832,429.56749063254597,448068,24.0,0.008,0.0039
833,429.5674931152468,447553,25.0,0.008,0.0039
834,429.5675713456547,447005,26.0,0.008,0.0039
835,429.56755775349006,446424,27.0,0.008,0.0039
836,429.56754995341066,445818,28.0,0.008,0.0039
837,429.5676417511368,445189,29.0,0.008,0.0039
838,429.5674701000425,444532,30.0,0.008,0.0039
839,429.5675442667348,443850,31.0,0.008,0.0039
840,429.5675610306925,443142,32.0,0.008,0.0039
841,429.5675445449986,442414,33.0,0.008,0.0039
842,429.56759247303495,441668,34.0,0.008,0.0039
843,429.56758133866884,440900,35.0,0.008,0.0039
844,429.5675424633327,440111,36.0,0.008,0.0039
845,429.56755538239986,439305,37.0,0.008,0.0039
846,429.56741735799,438485,38.0,0.008,0.0039
847,429.5674343475677,437653,39.0,0.008,0.0039
848,429.56755817992695,436806,40.0,0.008,0.0039
849,429.5674823247725,435942,41.0,0.008,0.0039
850,429.5674696826142,435063,42.0,0.008,0.0039
851,429.5674542285327,434174,43.0,0.008,0.0039
852,429.56756558030344,433277,44.0,0.008,0.0039
853,429.5675127312636,432369,45.0,0.008,0.0039
854,429.56757882928054,431450,46.0,0.008,0.0039
855,429.56742137989266,430518,47.0,0.008,0.0039
856,429.5676143859576,429580,48.0,0.008,0.0039
857,429.567429223506,428634,49.0,0.008,0.0039
858,429.56746179009315,427682,50.0,0.008,0.0039
859,429.56744211315294,426721,51.0,0.008,0.0039
860,429.5675442089846,425752,52.0,0.008,0.0039
861,429.56747874557425,424778,53.0,0.008,0.0039
862,429.5676141855072,423800,54.0,0.008,0.0039
863,429.5674682899125,422815,55.0,0.008,0.0039
864,429.5675864953617,421824,56.0,0.008,0.0039
865,429.5674331215448,420828,57.0,0.008,0.0039
866,429.56761342606325,419831,58.0,0.008,0.0039
867,429.5675545785917,418826,59.0,0.008,0.0039
868,429.5675957051857,417815,60.0,0.008,0.0039
869,429.5674375919079,416798,61.0,0.008,0.0039
870,429.5675051411598,415781,62.0,0.008,0.0039
871,429.56760193370326,414762,63.0,0.008,0.0039
872,429.56750801423385,413738,64.0,0.008,0.0039
873,429.5674658069675,412711,65.0,0.008,0.0039
874,429.5674278022584,411685,66.0,0.008,0.0039
875,429.56751633247393,410660,67.0,0.008,0.0039
876,429.56755312430784,409630,68.0,0.008,0.0039
877,429.5674407425475,408591,69.0,0.008,0.0039
878,429.56756303878825,407554,70.0,0.008,0.0039
879,429.5674725413199,406516,71.0,0.008,0.0039
880,429.5675389772376,405477,72.0,0.008,0.0039
881,429.5674396145648,404437,73.0,0.008,0.0039
882,429.5675722921353,403401,74.0,0.008,0.0039
883,429.5674818611625,402366,75.0,0.008,0.0039
884,429.5675262124621,401332,76.0,0.008,0.0039
885,429.56753934314304,400301,77.0,0.008,0.0039
886,429.56742634657604,399269,78.0,0.008,0.0039
887,429.5674569989062,398229,79.0,0.008,0.0039
888,429.56751139596787,397188,80.0,0.008,0.0039
889,429.5675126415193,396149,81.0,0.008,0.0039
890,429.5675328816676,395113,82.0,0.008,0.0039
891,429.5675729356213,394079,83.0,0.008,0.0039
892,429.5675704115005,393046,84.0,0.008,0.0039
893,429.56743178651544,392017,85.0,0.008,0.0039
894,429.5675631145017,390994,86.0,0.008,0.0039
895,429.5675899560941,389974,87.0,0.008,0.0039
896,429.56753183026063,388952,88.0,0.008,0.0039
897,429.5675900830389,387924,89.0,0.008,0.0039
898,429.5675729105752,386898,90.0,0.008,0.0039
899,429.56751950771155,385873,91.0,0.008,0.0039
900,429.56743287385825,384851,92.0,0.008,0.0039
901,429.56746405713756,383834,93.0,0.008,0.0039
902,429.56754496356996,382821,94.0,0.008,0.0039
903,429.5674467505233,381810,95.0,0.008,0.0039
904,429.56744013475117,380805,96.0,0.008,0.0039
905,429.56744917318986,379806,97.0,0.008,0.0039
906,429.5675168851248,378807,98.0,0.008,0.0039
907,429.56756472610573,377800,99.0,0.008,0.0039
908,429.5674336626302,376796,100.0,0.008,0.0039
909,429.99768907578834,443016,0.0,0.0035,0.0039
910,429.5681219089844,440943,1.0,0.0035,0.0039
911,429.56813759635037,439675,2.0,0.0035,0.0039
912,429.5678797387194,438400,3.0,0.0035,0.0039
913,429.5677300833955,437081,4.0,0.0035,0.0039
914,429.56784878250306,435767,5.0,0.0035,0.0039
915,429.5679548212665,434407,6.0,0.0035,0.0039
916,429.56774604933986,433051,7.0,0.0035,0.0039
917,429.5680826508524,431651,8.0,0.0035,0.0039
918,429.56779584293963,430248,9.0,0.0035,0.0039
919,429.5680174927382,428815,10.0,0.0035,0.0039
920,429.5680459275356,427362,11.0,0.0035,0.0039
921,429.56791121111877,425879,12.0,0.0035,0.0039
922,429.56771622671437,424399,13.0,0.0035,0.0039
923,429.56774750839827,422880,14.0,0.0035,0.0039
924,429.56786864358344,421369,15.0,0.0035,0.0039
925,429.56789096498443,419841,16.0,0.0035,0.0039
926,429.5679442272287,418311,17.0,0.0035,0.0039
927,429.5678850365614,416752,18.0,0.0035,0.0039
928,429.5677098936821,415217,19.0,0.0035,0.0039
929,429.5678215357547,413648,20.0,0.0035,0.0039
930,429.56778719092136,412087,21.0,0.0035,0.0039
931,429.567930825676,410519,22.0,0.0035,0.0039
932,429.5679838512112,408946,23.0,0.0035,0.0039
933,429.5678548352958,407365,24.0,0.0035,0.0039
934,429.56796298094616,405783,25.0,0.0035,0.0039
935,429.5678333776985,404205,26.0,0.0035,0.0039
936,429.56776646093397,402606,27.0,0.0035,0.0039
937,429.5680104627211,401030,28.0,0.0035,0.0039
938,429.5678921908557,399434,29.0,0.0035,0.0039
939,429.5678096055437,397845,30.0,0.0035,0.0039
940,429.5678815089525,396254,31.0,0.0035,0.0039
941,429.5679711528688,394663,32.0,0.0035,0.0039
942,429.567874299658,393072,33.0,0.0035,0.0039
943,429.5678312578498,391475,34.0,0.0035,0.0039
944,429.5678621297858,389891,35.0,0.0035,0.0039
945,429.56783984044773,388278,36.0,0.0035,0.0039
946,429.56780425618143,386675,37.0,0.0035,0.0039
947,429.5678579624678,385068,38.0,0.0035,0.0039
948,429.56773565334663,383463,39.0,0.0035,0.0039
949,429.56786341705435,381875,40.0,0.0035,0.0039
950,429.56785502704633,380276,41.0,0.0035,0.0039
951,429.56769661432395,378674,42.0,0.0035,0.0039
952,429.56794591747916,377068,43.0,0.0035,0.0039
953,429.5678577946024,375474,44.0,0.0035,0.0039
954,429.56770759634185,373892,45.0,0.0035,0.0039
955,429.5677543360723,372317,46.0,0.0035,0.0039
956,429.56787366163724,370765,47.0,0.0035,0.0039
957,429.56770728464903,369173,48.0,0.0035,0.0039
958,429.56789756327424,367599,49.0,0.0035,0.0039
959,429.56771072352365,366027,50.0,0.0035,0.0039
960,429.5679488871738,364467,51.0,0.0035,0.0039
961,429.56779679411386,362926,52.0,0.0035,0.0039
962,429.5678261251843,361392,53.0,0.0035,0.0039
963,429.56793066314725,359843,54.0,0.0035,0.0039
964,429.56796190769074,358290,55.0,0.0035,0.0039
965,429.5676992308196,356752,56.0,0.0035,0.0039
966,429.56792193648283,355224,57.0,0.0035,0.0039
967,429.5677731190353,353705,58.0,0.0035,0.0039
968,429.56773146847286,352209,59.0,0.0035,0.0039
969,429.5677155180126,350687,60.0,0.0035,0.0039
970,429.5679130862174,349178,61.0,0.0035,0.0039
971,429.56769962327223,347667,62.0,0.0035,0.0039
972,429.567792383732,346174,63.0,0.0035,0.0039
973,429.567771745078,344690,64.0,0.0035,0.0039
974,429.567835956084,343219,65.0,0.0035,0.0039
975,429.5678686394503,341745,66.0,0.0035,0.0039
976,429.5678128996576,340261,67.0,0.0035,0.0039
977,429.56778363686703,338795,68.0,0.0035,0.0039
978,429.5678699249759,337330,69.0,0.0035,0.0039
979,429.567753187809,335884,70.0,0.0035,0.0039
980,429.5679105685318,334446,71.0,0.0035,0.0039
981,429.5679471126701,333009,72.0,0.0035,0.0039
982,429.5678921436109,331567,73.0,0.0035,0.0039
983,429.5677906601463,330130,74.0,0.0035,0.0039
984,429.56784025935366,328709,75.0,0.0035,0.0039
985,429.567795628109,327291,76.0,0.0035,0.0039
986,429.5677958051095,325894,77.0,0.0035,0.0039
987,429.5679528186907,324492,78.0,0.0035,0.0039
988,429.56789322926187,323091,79.0,0.0035,0.0039
989,429.5678402560947,321691,80.0,0.0035,0.0039
990,429.567960259777,320306,81.0,0.0035,0.0039
991,429.56782259221853,318927,82.0,0.0035,0.0039
992,429.5676962116632,317561,83.0,0.0035,0.0039
993,429.56772781809826,316203,84.0,0.0035,0.0039
994,429.5677867094454,314835,85.0,0.0035,0.0039
995,429.5678494182452,313479,86.0,0.0035,0.0039
996,429.5678656168027,312126,87.0,0.0035,0.0039
997,429.5678001094975,310789,88.0,0.0035,0.0039
998,429.5677142518239,309456,89.0,0.0035,0.0039
999,429.56771102701384,308140,90.0,0.0035,0.0039
1000,429.56784405062484,306809,91.0,0.0035,0.0039
1001,429.5678838289183,305492,92.0,0.0035,0.0039
1002,429.5677376029193,304176,93.0,0.0035,0.0039
1003,429.5679598704467,302877,94.0,0.0035,0.0039
1004,429.56776012390833,301581,95.0,0.0035,0.0039
1005,429.56793016403094,300303,96.0,0.0035,0.0039
1006,429.5677465509845,299011,97.0,0.0035,0.0039
1007,429.56791321689536,297731,98.0,0.0035,0.0039
1008,429.56792532310743,296455,99.0,0.0035,0.0039
1009,429.56769442959427,295190,100.0,0.0035,0.0039
1010,429.99750405891575,443016,0.0,0.0065,0.0039
1011,429.5679128468053,442788,1.0,0.0065,0.0039
1012,429.5677342735826,443325,2.0,0.0065,0.0039
1013,429.5678720522545,443742,3.0,0.0065,0.0039
1014,429.5675708706733,444034,4.0,0.0065,0.0039
1015,429.5676942595848,444216,5.0,0.0065,0.0039
1016,429.5678264611855,444306,6.0,0.0065,0.0039
1017,429.56761787089204,444307,7.0,0.0065,0.0039
1018,429.56763241926353,444212,8.0,0.0065,0.0039
1019,429.56775255921485,444040,9.0,0.0065,0.0039
1020,429.5677446178734,443794,10.0,0.0065,0.0039
1021,429.5676068127184,443480,11.0,0.0065,0.0039
1022,429.5675782967086,443110,12.0,0.0065,0.0039
1023,429.5678036844502,442686,13.0,0.0065,0.0039
1024,429.56753516922277,442216,14.0,0.0065,0.0039
1025,429.5677942902695,441699,15.0,0.0065,0.0039
1026,429.56773278011445,441136,16.0,0.0065,0.0039
1027,429.5677199188521,440540,17.0,0.0065,0.0039
1028,429.5675938482146,439905,18.0,0.0065,0.0039
1029,429.5675468751505,439231,19.0,0.0065,0.0039
1030,429.56767285873167,438529,20.0,0.0065,0.0039
1031,429.5675557358853,437792,21.0,0.0065,0.0039
1032,429.5675342474791,437022,22.0,0.0065,0.0039
1033,429.56760738487094,436227,23.0,0.0065,0.0039
1034,429.5676243265969,435413,24.0,0.0065,0.0039
1035,429.5675214780318,434576,25.0,0.0065,0.0039
1036,429.5676037183092,433715,26.0,0.0065,0.0039
1037,429.5676855158365,432830,27.0,0.0065,0.0039
1038,429.56772749352666,431925,28.0,0.0065,0.0039
1039,429.56764580973754,431008,29.0,0.0065,0.0039
1040,429.56761115036136,430074,30.0,0.0065,0.0039
1041,429.567653113364,429120,31.0,0.0065,0.0039
1042,429.56757878713654,428148,32.0,0.0065,0.0039
1043,429.5675647618995,427166,33.0,0.0065,0.0039
1044,429.5675774828052,426171,34.0,0.0065,0.0039
1045,429.5676354425924,425158,35.0,0.0065,0.0039
1046,429.56753476275196,424130,36.0,0.0065,0.0039
1047,429.56771049435235,423099,37.0,0.0065,0.0039
1048,429.56764750727467,422057,38.0,0.0065,0.0039
1049,429.5675806075759,420997,39.0,0.0065,0.0039
1050,429.56770444014546,419928,40.0,0.0065,0.0039
1051,429.5675659689603,418854,41.0,0.0065,0.0039
1052,429.5677181607906,417770,42.0,0.0065,0.0039
1053,429.5676395175458,416676,43.0,0.0065,0.0039
1054,429.5675457804187,415584,44.0,0.0065,0.0039
1055,429.5676375682816,414488,45.0,0.0065,0.0039
1056,429.5675703054581,413370,46.0,0.0065,0.0039
1057,429.56756494443914,412252,47.0,0.0065,0.0039
1058,429.56767167888074,411132,48.0,0.0065,0.0039
1059,429.5677115005971,410003,49.0,0.0065,0.0039
1060,429.5677000863525,408875,50.0,0.0065,0.0039
1061,429.56770290950124,407750,51.0,0.0065,0.0039
1062,429.5675849448034,406611,52.0,0.0065,0.0039
1063,429.5676387638326,405466,53.0,0.0065,0.0039
1064,429.56771601216406,404323,54.0,0.0065,0.0039
1065,429.5676904582518,403174,55.0,0.0065,0.0039
1066,429.567634646324,402025,56.0,0.0065,0.0039
1067,429.56772409763414,400882,57.0,0.0065,0.0039
1068,429.5676861336189,399735,58.0,0.0065,0.0039
1069,429.56759855913555,398576,59.0,0.0065,0.0039
1070,429.56761581875907,397421,60.0,0.0065,0.0039
1071,429.56751678320893,396262,61.0,0.0065,0.0039
1072,429.5676537183921,395105,62.0,0.0065,0.0039
1073,429.5676039332065,393953,63.0,0.0065,0.0039
1074,429.5676656623984,392801,64.0,0.0065,0.0039
1075,429.56758968919115,391643,65.0,0.0065,0.0039
1076,429.5675768197999,390485,66.0,0.0065,0.0039
1077,429.5676842128987,389325,67.0,0.0065,0.0039
1078,429.5676649723881,388167,68.0,0.0065,0.0039
1079,429.56750895773763,387014,69.0,0.0065,0.0039
1080,429.56760753502755,385862,70.0,0.0065,0.0039
1081,429.5676525419893,384713,71.0,0.0065,0.0039
1082,429.5676473939868,383559,72.0,0.0065,0.0039
1083,429.56767302669954,382403,73.0,0.0065,0.0039
1084,429.56764867325,381251,74.0,0.0065,0.0039
1085,429.56761556899096,380104,75.0,0.0065,0.0039
1086,429.5675407606603,378957,76.0,0.0065,0.0039
1087,429.56769068431987,377818,77.0,0.0065,0.0039
1088,429.567709921542,376676,78.0,0.0065,0.0039
1089,429.5676015331701,375529,79.0,0.0065,0.0039
1090,429.5676103517898,374388,80.0,0.0065,0.0039
1091,429.5675605068221,373251,81.0,0.0065,0.0039
1092,429.5675531772038,372115,82.0,0.0065,0.0039
1093,429.56765493414434,370987,83.0,0.0065,0.0039
1094,429.5677039049036,369862,84.0,0.0065,0.0039
1095,429.5676180843537,368729,85.0,0.0065,0.0039
1096,429.5675513262745,367602,86.0,0.0065,0.0039
1097,429.5675804493384,366479,87.0,0.0065,0.0039
1098,429.5676542791056,365358,88.0,0.0065,0.0039
1099,429.56762571485297,364244,89.0,0.0065,0.0039
1100,429.56758019527865,363135,90.0,0.0065,0.0039
1101,429.5676183760446,362019,91.0,0.0065,0.0039
1102,429.5675372379571,360904,92.0,0.0065,0.0039
1103,429.56771184214716,359792,93.0,0.0065,0.0039
1104,429.56755839154494,358680,94.0,0.0065,0.0039
1105,429.56766864914937,357575,95.0,0.0065,0.0039
1106,429.5675638805716,356472,96.0,0.0065,0.0039
1107,429.56754021079394,355373,97.0,0.0065,0.0039
1108,429.56751440611066,354281,98.0,0.0065,0.0039
1109,429.56763534270635,353194,99.0,0.0065,0.0039
1110,429.5676155864856,352112,100.0,0.0065,0.0039
1111,429.99747322291273,443016,0.0,0.007,0.0039
1112,429.5677491047126,443103,1.0,0.007,0.0039
1113,429.56757313359077,443927,2.0,0.007,0.0039
1114,429.56777103965743,444601,3.0,0.007,0.0039
1115,429.56785849664755,445154,4.0,0.007,0.0039
1116,429.5677415927625,445586,5.0,0.007,0.0039
1117,429.5677697018622,445892,6.0,0.007,0.0039
1118,429.5677755985585,446082,7.0,0.007,0.0039
1119,429.5674933221455,446186,8.0,0.007,0.0039
1120,429.5675333818689,446202,9.0,0.007,0.0039
1121,429.5676223654344,446135,10.0,0.007,0.0039
1122,429.56759354839977,445998,11.0,0.007,0.0039
1123,429.5677549944903,445796,12.0,0.007,0.0039
1124,429.56759000846944,445540,13.0,0.007,0.0039
1125,429.56774809760395,445226,14.0,0.007,0.0039
1126,429.567594900569,444860,15.0,0.007,0.0039
1127,429.5675355269843,444448,16.0,0.007,0.0039
1128,429.5677477023082,443985,17.0,0.007,0.0039
1129,429.5677009063411,443480,18.0,0.007,0.0039
1130,429.5676082451606,442938,19.0,0.007,0.0039
1131,429.5674795910908,442354,20.0,0.007,0.0039
1132,429.5677040663137,441739,21.0,0.007,0.0039
1133,429.56769745754,441095,22.0,0.007,0.0039
1134,429.56757873063316,440420,23.0,0.007,0.0039
1135,429.567556087762,439719,24.0,0.007,0.0039
1136,429.56772254661735,438992,25.0,0.007,0.0039
1137,429.5676772782632,438236,26.0,0.007,0.0039
1138,429.56759434653856,437455,27.0,0.007,0.0039
1139,429.56762118172446,436652,28.0,0.007,0.0039
1140,429.56748268692314,435831,29.0,0.007,0.0039
1141,429.56747734672336,434994,30.0,0.007,0.0039
1142,429.56769282971493,434138,31.0,0.007,0.0039
1143,429.5676657773861,433260,32.0,0.007,0.0039
1144,429.56753333856193,432362,33.0,0.007,0.0039
1145,429.56764432559885,431453,34.0,0.007,0.0039
1146,429.5674999529253,430531,35.0,0.007,0.0039
1147,429.56756204926296,429593,36.0,0.007,0.0039
1148,429.5676126486932,428637,37.0,0.007,0.0039
1149,429.5674933692363,427668,38.0,0.007,0.0039
1150,429.5675987802881,426693,39.0,0.007,0.0039
1151,429.5674886089101,425707,40.0,0.007,0.0039
1152,429.56760905775496,424709,41.0,0.007,0.0039
1153,429.5675513170308,423696,42.0,0.007,0.0039
1154,429.5676735959829,422679,43.0,0.007,0.0039
1155,429.5675935509411,421653,44.0,0.007,0.0039
1156,429.56762485117144,420616,45.0,0.007,0.0039
1157,429.5674992047426,419573,46.0,0.007,0.0039
1158,429.5674924472669,418530,47.0,0.007,0.0039
1159,429.56756061955815,417474,48.0,0.007,0.0039
1160,429.56768793709404,416408,49.0,0.007,0.0039
1161,429.5675040551958,415339,50.0,0.007,0.0039
1162,429.5676203741428,414270,51.0,0.007,0.0039
1163,429.56756649179977,413194,52.0,0.007,0.0039
1164,429.56750018856104,412114,53.0,0.007,0.0039
1165,429.5676330332592,411029,54.0,0.007,0.0039
1166,429.56748475428776,409939,55.0,0.007,0.0039
1167,429.56749259593494,408843,56.0,0.007,0.0039
1168,429.567594113602,407749,57.0,0.007,0.0039
1169,429.5676271386421,406656,58.0,0.007,0.0039
1170,429.5676055417942,405558,59.0,0.007,0.0039
1171,429.5675381850158,404452,60.0,0.007,0.0039
1172,429.56750723857255,403348,61.0,0.007,0.0039
1173,429.5675790886197,402242,62.0,0.007,0.0039
1174,429.567515867548,401133,63.0,0.007,0.0039
1175,429.5675527421813,400029,64.0,0.007,0.0039
1176,429.5676226054672,398925,65.0,0.007,0.0039
1177,429.5676570653986,397811,66.0,0.007,0.0039
1178,429.56750271483656,396699,67.0,0.007,0.0039
1179,429.56757758574224,395590,68.0,0.007,0.0039
1180,429.56749378778255,394478,69.0,0.007,0.0039
1181,429.56765095850056,393371,70.0,0.007,0.0039
1182,429.5675596671288,392265,71.0,0.007,0.0039
1183,429.56750496364657,391152,72.0,0.007,0.0039
1184,429.56763316377106,390041,73.0,0.007,0.0039
1185,429.567507296388,388933,74.0,0.007,0.0039
1186,429.5676414851039,387827,75.0,0.007,0.0039
1187,429.5676510811048,386722,76.0,0.007,0.0039
1188,429.56751509787387,385618,77.0,0.007,0.0039
1189,429.5675175482146,384508,78.0,0.007,0.0039
1190,429.56767932382434,383397,79.0,0.007,0.0039
1191,429.56750153342375,382288,80.0,0.007,0.0039
1192,429.5676139940723,381182,81.0,0.007,0.0039
1193,429.56762841172633,380075,82.0,0.007,0.0039
1194,429.56748521638366,378972,83.0,0.007,0.0039
1195,429.56757868716846,377874,84.0,0.007,0.0039
1196,429.5676277484975,376777,85.0,0.007,0.0039
1197,429.56767120549995,375686,86.0,0.007,0.0039
1198,429.5676791691069,374595,87.0,0.007,0.0039
1199,429.56756581004606,373495,88.0,0.007,0.0039
1200,429.5675263405472,372399,89.0,0.007,0.0039
1201,429.56759955624767,371308,90.0,0.007,0.0039
1202,429.5675062604482,370218,91.0,0.007,0.0039
1203,429.56750126203207,369133,92.0,0.007,0.0039
1204,429.5676644725901,368055,93.0,0.007,0.0039
1205,429.5676432059745,366980,94.0,0.007,0.0039
1206,429.5675331873755,365910,95.0,0.007,0.0039
1207,429.56763233712974,364849,96.0,0.007,0.0039
1208,429.56761380811315,363786,97.0,0.007,0.0039
1209,429.5676435997002,362714,98.0,0.007,0.0039
1210,429.56763155717596,361647,99.0,0.007,0.0039
1211,429.56764969268096,360584,100.0,0.007,0.0039
1212,429.99787409398976,443016,0.0,0.0005,0.0039
1213,429.5681610519975,439074,1.0,0.0005,0.0039
1214,429.568181361826,435975,2.0,0.0005,0.0039
1215,429.56832848879037,432896,3.0,0.0005,0.0039
1216,429.5679842929156,429836,4.0,0.0005,0.0039
1217,429.5683880476486,426811,5.0,0.0005,0.0039
1218,429.56837649737355,423813,6.0,0.0005,0.0039
1219,429.56839626233995,420835,7.0,0.0005,0.0039
1220,429.56812102771266,417876,8.0,0.0005,0.0039
1221,429.5679043200663,414937,9.0,0.0005,0.0039
1222,429.56814750263356,412019,10.0,0.0005,0.0039
1223,429.5680946281229,409120,11.0,0.0005,0.0039
1224,429.56819210928643,406245,12.0,0.0005,0.0039
1225,429.56817793907044,403401,13.0,0.0005,0.0039
1226,429.5681200718216,400574,14.0,0.0005,0.0039
1227,429.568268982023,397769,15.0,0.0005,0.0039
1228,429.56830348187447,394984,16.0,0.0005,0.0039
1229,429.5678915177547,392217,17.0,0.0005,0.0039
1230,429.56829273143944,389473,18.0,0.0005,0.0039
1231,429.5681173706519,386745,19.0,0.0005,0.0039
1232,429.56804093930856,384038,20.0,0.0005,0.0039
1233,429.56818516868987,381351,21.0,0.0005,0.0039
1234,429.56834004126256,378682,22.0,0.0005,0.0039
1235,429.56829098016925,376039,23.0,0.0005,0.0039
1236,429.5679230186644,373416,24.0,0.0005,0.0039
1237,429.5681182500051,370814,25.0,0.0005,0.0039
1238,429.5684097013599,368232,26.0,0.0005,0.0039
1239,429.5681734389838,365665,27.0,0.0005,0.0039
1240,429.5680800629588,363119,28.0,0.0005,0.0039
1241,429.56836727067133,360591,29.0,0.0005,0.0039
1242,429.56801163261224,358080,30.0,0.0005,0.0039
1243,429.56799633149785,355590,31.0,0.0005,0.0039
1244,429.5679808070738,353115,32.0,0.0005,0.0039
1245,429.5683560978438,350661,33.0,0.0005,0.0039
1246,429.5683017794371,348224,34.0,0.0005,0.0039
1247,429.5683875413706,345804,35.0,0.0005,0.0039
1248,429.5683295557681,343404,36.0,0.0005,0.0039
1249,429.56830309433377,341019,37.0,0.0005,0.0039
1250,429.5682533141244,338653,38.0,0.0005,0.0039
1251,429.5680642641639,336305,39.0,0.0005,0.0039
1252,429.5683380028735,333973,40.0,0.0005,0.0039
1253,429.56816237324733,331660,41.0,0.0005,0.0039
1254,429.56793871003936,329362,42.0,0.0005,0.0039
1255,429.5679920929908,327082,43.0,0.0005,0.0039
1256,429.56828898891234,324821,44.0,0.0005,0.0039
1257,429.568267056495,322573,45.0,0.0005,0.0039
1258,429.5682132643774,320344,46.0,0.0005,0.0039
1259,429.56803767364386,318130,47.0,0.0005,0.0039
1260,429.5679906529535,315932,48.0,0.0005,0.0039
1261,429.56816746734114,313753,49.0,0.0005,0.0039
1262,429.56831296304006,311586,50.0,0.0005,0.0039
1263,429.56840521718266,309437,51.0,0.0005,0.0039
1264,429.5683009335218,307303,52.0,0.0005,0.0039
1265,429.56817427949943,305183,53.0,0.0005,0.0039
1266,429.568139569401,303081,54.0,0.0005,0.0039
1267,429.5681742477445,300991,55.0,0.0005,0.0039
1268,429.56833452101955,298918,56.0,0.0005,0.0039
1269,429.56826602220116,296862,57.0,0.0005,0.0039
1270,429.56828905979717,294822,58.0,0.0005,0.0039
1271,429.5679408181945,292801,59.0,0.0005,0.0039
1272,429.56813705208316,290793,60.0,0.0005,0.0039
1273,429.5678913351255,288799,61.0,0.0005,0.0039
1274,429.5679137878151,286821,62.0,0.0005,0.0039
1275,429.5680860382002,284854,63.0,0.0005,0.0039
1276,429.56825109120973,282903,64.0,0.0005,0.0039
1277,429.5683978864535,280964,65.0,0.0005,0.0039
1278,429.5680561391,279037,66.0,0.0005,0.0039
1279,429.56816049101275,277126,67.0,0.0005,0.0039
1280,429.5683668894462,275226,68.0,0.0005,0.0039
1281,429.56836631604347,273347,69.0,0.0005,0.0039
1282,429.5683954957077,271485,70.0,0.0005,0.0039
1283,429.5683995303895,269634,71.0,0.0005,0.0039
1284,429.5679651651427,267797,72.0,0.0005,0.0039
1285,429.5679508279662,265969,73.0,0.0005,0.0039
1286,429.5683411002879,264155,74.0,0.0005,0.0039
1287,429.5681968633425,262352,75.0,0.0005,0.0039
1288,429.56836156453204,260560,76.0,0.0005,0.0039
1289,429.5680702268412,258789,77.0,0.0005,0.0039
1290,429.56838414791923,257034,78.0,0.0005,0.0039
1291,429.5684641628274,255290,79.0,0.0005,0.0039
1292,429.56815183688667,253557,80.0,0.0005,0.0039
1293,429.56807449221793,251832,81.0,0.0005,0.0039
1294,429.5684481527938,250120,82.0,0.0005,0.0039
1295,429.56815679563937,248418,83.0,0.0005,0.0039
1296,429.5680833012504,246738,84.0,0.0005,0.0039
1297,429.56811620368023,245073,85.0,0.0005,0.0039
1298,429.56817812927346,243414,86.0,0.0005,0.0039
1299,429.5682471959971,241766,87.0,0.0005,0.0039
1300,429.56822437976365,240126,88.0,0.0005,0.0039
1301,429.5683113685344,238498,89.0,0.0005,0.0039
1302,429.5684917205413,236895,90.0,0.0005,0.0039
1303,429.56827234975583,235298,91.0,0.0005,0.0039
1304,429.56826480340396,233711,92.0,0.0005,0.0039
1305,429.56837925382155,232132,93.0,0.0005,0.0039
1306,429.5679787976258,230560,94.0,0.0005,0.0039
1307,429.56825810199734,229013,95.0,0.0005,0.0039
1308,429.56844065833405,227476,96.0,0.0005,0.0039
1309,429.56817936149787,225946,97.0,0.0005,0.0039
1310,429.56829285616726,224424,98.0,0.0005,0.0039
1311,429.5682263915377,222909,99.0,0.0005,0.0039
1312,429.56824982699067,221419,100.0,0.0005,0.0039
1313,429.99778158476124,443016,0.0,0.002,0.0039
1314,429.5680504250218,440000,1.0,0.002,0.0039
1315,429.56805069029105,437827,2.0,0.002,0.0039
1316,429.5680755177995,435666,3.0,0.002,0.0039
1317,429.56817576287756,433506,4.0,0.002,0.0039
1318,429.56780733688385,431341,5.0,0.002,0.0039
1319,429.5680536980674,429184,6.0,0.002,0.0039
1320,429.56810600544554,427047,7.0,0.002,0.0039
1321,429.5680222644471,424916,8.0,0.002,0.0039
1322,429.5681940782098,422787,9.0,0.002,0.0039
1323,429.5682107537956,420636,10.0,0.002,0.0039
1324,429.5679368753591,418487,11.0,0.002,0.0039
1325,429.56779310818104,416372,12.0,0.002,0.0039
1326,429.5682060225071,414238,13.0,0.002,0.0039
1327,429.56793294065375,412113,14.0,0.002,0.0039
1328,429.567982273364,410009,15.0,0.002,0.0039
1329,429.56780226357563,407891,16.0,0.002,0.0039
1330,429.5680540453305,405795,17.0,0.002,0.0039
1331,429.5679176254361,403718,18.0,0.002,0.0039
1332,429.5679786316302,401637,19.0,0.002,0.0039
1333,429.56779117328244,399548,20.0,0.002,0.0039
1334,429.56793598369933,397482,21.0,0.002,0.0039
1335,429.5679834622721,395439,22.0,0.002,0.0039
1336,429.56798087947925,393383,23.0,0.002,0.0039
1337,429.5679616131131,391339,24.0,0.002,0.0039
1338,429.5678376063968,389307,25.0,0.002,0.0039
1339,429.56796024464154,387276,26.0,0.002,0.0039
1340,429.5681357350534,385264,27.0,0.002,0.0039
1341,429.56807924526174,383267,28.0,0.002,0.0039
1342,429.568155913242,381253,29.0,0.002,0.0039
1343,429.56798292934815,379253,30.0,0.002,0.0039
1344,429.56781670682716,377285,31.0,0.002,0.0039
1345,429.56779732507334,375310,32.0,0.002,0.0039
1346,429.56778941475176,373337,33.0,0.002,0.0039
1347,429.56782213623586,371378,34.0,0.002,0.0039
1348,429.5678187928833,369436,35.0,0.002,0.0039
1349,429.56799123694293,367497,36.0,0.002,0.0039
1350,429.56814673460383,365568,37.0,0.002,0.0039
1351,429.5677994821203,363643,38.0,0.002,0.0039
1352,429.5678568192726,361728,39.0,0.002,0.0039
1353,429.5677890239842,359831,40.0,0.002,0.0039
1354,429.5680301178288,357943,41.0,0.002,0.0039
1355,429.5678454576336,356046,42.0,0.002,0.0039
1356,429.5680381223159,354171,43.0,0.002,0.0039
1357,429.5679655378592,352318,44.0,0.002,0.0039
1358,429.56806699635735,350455,45.0,0.002,0.0039
1359,429.56808025442234,348599,46.0,0.002,0.0039
1360,429.56800859861505,346767,47.0,0.002,0.0039
1361,429.56796493083465,344941,48.0,0.002,0.0039
1362,429.5679556835173,343117,49.0,0.002,0.0039
1363,429.5678757213364,341303,50.0,0.002,0.0039
1364,429.56782484691684,339506,51.0,0.002,0.0039
1365,429.56785408749255,337715,52.0,0.002,0.0039
1366,429.567829083767,335931,53.0,0.002,0.0039
1367,429.5680107691004,334151,54.0,0.002,0.0039
1368,429.5678715996172,332373,55.0,0.002,0.0039
1369,429.56807343901136,330599,56.0,0.002,0.0039
1370,429.5679632890536,328827,57.0,0.002,0.0039
1371,429.56793993150137,327069,58.0,0.002,0.0039
1372,429.5677941901919,325335,59.0,0.002,0.0039
1373,429.568032206326,323613,60.0,0.002,0.0039
1374,429.56787238136803,321869,61.0,0.002,0.0039
1375,429.56803872009675,320146,62.0,0.002,0.0039
1376,429.5678311898924,318440,63.0,0.002,0.0039
1377,429.5680079782172,316745,64.0,0.002,0.0039
1378,429.5678307893509,315067,65.0,0.002,0.0039
1379,429.5678534373159,313412,66.0,0.002,0.0039
1380,429.56794172087,311736,67.0,0.002,0.0039
1381,429.5681190901982,310067,68.0,0.002,0.0039
1382,429.567793733583,308419,69.0,0.002,0.0039
1383,429.5678637262194,306790,70.0,0.002,0.0039
1384,429.5681462662996,305172,71.0,0.002,0.0039
1385,429.5679285322465,303558,72.0,0.002,0.0039
1386,429.56789052781943,301946,73.0,0.002,0.0039
1387,429.5680371885224,300339,74.0,0.002,0.0039
1388,429.5680212548115,298744,75.0,0.002,0.0039
1389,429.5679809423781,297175,76.0,0.002,0.0039
1390,429.5679214645814,295617,77.0,0.002,0.0039
1391,429.5680609319127,294050,78.0,0.002,0.0039
1392,429.5680567519519,292495,79.0,0.002,0.0039
1393,429.5678805540446,290947,80.0,0.002,0.0039
1394,429.56786288254045,289408,81.0,0.002,0.0039
1395,429.5681328286145,287895,82.0,0.002,0.0039
1396,429.5680056798718,286394,83.0,0.002,0.0039
1397,429.56793289999274,284875,84.0,0.002,0.0039
1398,429.56790064018156,283375,85.0,0.002,0.0039
1399,429.5678100050739,281883,86.0,0.002,0.0039
1400,429.56797107423745,280400,87.0,0.002,0.0039
1401,429.5678549857407,278941,88.0,0.002,0.0039
1402,429.5677880848491,277488,89.0,0.002,0.0039
1403,429.56780065132426,276023,90.0,0.002,0.0039
1404,429.5678325307459,274578,91.0,0.002,0.0039
1405,429.5678297182607,273138,92.0,0.002,0.0039
1406,429.5678551324909,271710,93.0,0.002,0.0039
1407,429.56790874679564,270305,94.0,0.002,0.0039
1408,429.5679212484875,268896,95.0,0.002,0.0039
1409,429.56778631507075,267487,96.0,0.002,0.0039
1410,429.56811441761954,266094,97.0,0.002,0.0039
1411,429.56795396528264,264703,98.0,0.002,0.0039
1412,429.56804570068516,263333,99.0,0.002,0.0039
1413,429.5681238745354,261975,100.0,0.002,0.0039
1414,429.99756573104474,443016,0.0,0.0055,0.0039
1415,429.567981391998,442180,1.0,0.0055,0.0039
1416,429.56784869895716,442113,2.0,0.0055,0.0039
1417,429.5679623181882,441975,3.0,0.0055,0.0039
1418,429.56779029173606,441759,4.0,0.0055,0.0039
1419,429.5677243158102,441465,5.0,0.0055,0.0039
1420,429.5676637221346,441098,6.0,0.0055,0.0039
1421,429.5677203839814,440663,7.0,0.0055,0.0039
1422,429.56780990128647,440163,8.0,0.0055,0.0039
1423,429.5678348606998,439601,9.0,0.0055,0.0039
1424,429.56781199389957,438982,10.0,0.0055,0.0039
1425,429.56781447595165,438310,11.0,0.0055,0.0039
1426,429.56758221125375,437590,12.0,0.0055,0.0039
1427,429.5677184931407,436839,13.0,0.0055,0.0039
1428,429.56773487266554,436050,14.0,0.0055,0.0039
1429,429.56778920683064,435221,15.0,0.0055,0.0039
1430,429.56775166153943,434354,16.0,0.0055,0.0039
1431,429.5678288609105,433458,17.0,0.0055,0.0039
1432,429.56759768092996,432542,18.0,0.0055,0.0039
1433,429.5676934998729,431596,19.0,0.0055,0.0039
1434,429.5677685502859,430617,20.0,0.0055,0.0039
1435,429.56771633522527,429618,21.0,0.0055,0.0039
1436,429.56773712635254,428606,22.0,0.0055,0.0039
1437,429.5677324645656,427569,23.0,0.0055,0.0039
1438,429.5677553404193,426506,24.0,0.0055,0.0039
1439,429.5677655093332,425437,25.0,0.0055,0.0039
1440,429.5677414860749,424349,26.0,0.0055,0.0039
1441,429.56776974800414,423242,27.0,0.0055,0.0039
1442,429.5675928708546,422127,28.0,0.0055,0.0039
1443,429.56783158022216,420998,29.0,0.0055,0.0039
1444,429.56782742200767,419850,30.0,0.0055,0.0039
1445,429.5677324149169,418705,31.0,0.0055,0.0039
1446,429.56763003445104,417541,32.0,0.0055,0.0039
1447,429.56764167839435,416361,33.0,0.0055,0.0039
1448,429.5675942739068,415185,34.0,0.0055,0.0039
1449,429.56770182975987,414000,35.0,0.0055,0.0039
1450,429.5676655745578,412796,36.0,0.0055,0.0039
1451,429.5677385956158,411596,37.0,0.0055,0.0039
1452,429.5676291086872,410383,38.0,0.0055,0.0039
1453,429.5677560989892,409170,39.0,0.0055,0.0039
1454,429.56776545232617,407950,40.0,0.0055,0.0039
1455,429.5675852021932,406716,41.0,0.0055,0.0039
1456,429.5676760190884,405489,42.0,0.0055,0.0039
1457,429.5678074109505,404258,43.0,0.0055,0.0039
1458,429.567652606315,403005,44.0,0.0055,0.0039
1459,429.56769579692,401756,45.0,0.0055,0.0039
1460,429.567610957266,400494,46.0,0.0055,0.0039
1461,429.56768331771,399234,47.0,0.0055,0.0039
1462,429.5677851565491,397974,48.0,0.0055,0.0039
1463,429.5676074235335,396706,49.0,0.0055,0.0039
1464,429.5677293078407,395449,50.0,0.0055,0.0039
1465,429.567715420478,394183,51.0,0.0055,0.0039
1466,429.5677372357054,392905,52.0,0.0055,0.0039
1467,429.56777897065285,391629,53.0,0.0055,0.0039
1468,429.56772407014165,390347,54.0,0.0055,0.0039
1469,429.5676338787804,389075,55.0,0.0055,0.0039
1470,429.56775578104526,387801,56.0,0.0055,0.0039
1471,429.56771374269346,386535,57.0,0.0055,0.0039
1472,429.56768239781894,385277,58.0,0.0055,0.0039
1473,429.5675733039487,384011,59.0,0.0055,0.0039
1474,429.5675881766172,382736,60.0,0.0055,0.0039
1475,429.5677471649608,381457,61.0,0.0055,0.0039
1476,429.56757896704926,380184,62.0,0.0055,0.0039
1477,429.5676384544012,378916,63.0,0.0055,0.0039
1478,429.56773055732043,377650,64.0,0.0055,0.0039
1479,429.5676777669703,376396,65.0,0.0055,0.0039
1480,429.5677087035967,375144,66.0,0.0055,0.0039
1481,429.56778560924755,373893,67.0,0.0055,0.0039
1482,429.5676593859897,372628,68.0,0.0055,0.0039
1483,429.5676758833565,371365,69.0,0.0055,0.0039
1484,429.56775427775295,370111,70.0,0.0055,0.0039
1485,429.56771666522974,368856,71.0,0.0055,0.0039
1486,429.5677809690588,367613,72.0,0.0055,0.0039
1487,429.5677353014384,366374,73.0,0.0055,0.0039
1488,429.5677884502541,365144,74.0,0.0055,0.0039
1489,429.56757171763763,363910,75.0,0.0055,0.0039
1490,429.5675743484339,362665,76.0,0.0055,0.0039
1491,429.5677481800231,361430,77.0,0.0055,0.0039
1492,429.5675837833446,360195,78.0,0.0055,0.0039
1493,429.5676246619303,358968,79.0,0.0055,0.0039
1494,429.5677694993757,357750,80.0,0.0055,0.0039
1495,429.5675782938577,356534,81.0,0.0055,0.0039
1496,429.56758216379836,355332,82.0,0.0055,0.0039
1497,429.56773767964444,354120,83.0,0.0055,0.0039
1498,429.5677141821371,352906,84.0,0.0055,0.0039
1499,429.56771197493885,351698,85.0,0.0055,0.0039
1500,429.56774509194423,350492,86.0,0.0055,0.0039
1501,429.567699228337,349296,87.0,0.0055,0.0039
1502,429.5677632350535,348104,88.0,0.0055,0.0039
1503,429.5677184739583,346921,89.0,0.0055,0.0039
1504,429.5677638389589,345748,90.0,0.0055,0.0039
1505,429.5677112745098,344563,91.0,0.0055,0.0039
1506,429.5676180926671,343382,92.0,0.0055,0.0039
1507,429.56773981344617,342204,93.0,0.0055,0.0039
1508,429.5676279648402,341032,94.0,0.0055,0.0039
1509,429.567609689927,339868,95.0,0.0055,0.0039
1510,429.56761660108293,338708,96.0,0.0055,0.0039
1511,429.567610921098,337559,97.0,0.0055,0.0039
1512,429.56757052038176,336416,98.0,0.0055,0.0039
1513,429.5676706960418,335265,99.0,0.0055,0.0039
1514,429.5676139793693,334118,100.0,0.0055,0.0039
1515,429.99734987931527,443016,0.0,0.009,0.0039
1516,429.5677924234991,444340,1.0,0.009,0.0039
1517,429.5674006634285,446300,2.0,0.009,0.0039
1518,429.56750290408405,448024,3.0,0.009,0.0039
1519,429.5676173871907,449536,4.0,0.009,0.0039
1520,429.567706780366,450871,5.0,0.009,0.0039
1521,429.56760845663894,452009,6.0,0.009,0.0039
1522,429.56741713301585,452992,7.0,0.009,0.0039
1523,429.56746848090523,453835,8.0,0.009,0.0039
1524,429.5673860334083,454566,9.0,0.009,0.0039
1525,429.5675042177436,455188,10.0,0.009,0.0039
1526,429.5674243696287,455721,11.0,0.009,0.0039
1527,429.56754490384026,456157,12.0,0.009,0.0039
1528,429.5675515069875,456488,13.0,0.009,0.0039
1529,429.56753850262135,456765,14.0,0.009,0.0039
1530,429.56736289054476,456951,15.0,0.009,0.0039
1531,429.56760083312525,457076,16.0,0.009,0.0039
1532,429.5675409623957,457128,17.0,0.009,0.0039
1533,429.56742733218545,457127,18.0,0.009,0.0039
1534,429.56737593724966,457073,19.0,0.009,0.0039
1535,429.5675348889253,456970,20.0,0.009,0.0039
1536,429.5674378182032,456824,21.0,0.009,0.0039
1537,429.5674746649298,456630,22.0,0.009,0.0039
1538,429.56745575471007,456387,23.0,0.009,0.0039
1539,429.5674389881931,456099,24.0,0.009,0.0039
1540,429.5674790111869,455781,25.0,0.009,0.0039
1541,429.56735654047515,455421,26.0,0.009,0.0039
1542,429.56751913542246,455021,27.0,0.009,0.0039
1543,429.5675261036989,454579,28.0,0.009,0.0039
1544,429.5674075854475,454114,29.0,0.009,0.0039
1545,429.5674079615189,453620,30.0,0.009,0.0039
1546,429.5674843224888,453094,31.0,0.009,0.0039
1547,429.56752957584973,452536,32.0,0.009,0.0039
1548,429.56753981373123,451953,33.0,0.009,0.0039
1549,429.5673724779197,451350,34.0,0.009,0.0039
1550,429.56741662518215,450723,35.0,0.009,0.0039
1551,429.56738755993473,450071,36.0,0.009,0.0039
1552,429.5674885607397,449396,37.0,0.009,0.0039
1553,429.5675419780623,448707,38.0,0.009,0.0039
1554,429.5673878344688,447997,39.0,0.009,0.0039
1555,429.56735830091367,447268,40.0,0.009,0.0039
1556,429.5674206031924,446521,41.0,0.009,0.0039
1557,429.5675511991008,445762,42.0,0.009,0.0039
1558,429.56742964824264,444989,43.0,0.009,0.0039
1559,429.56751480511446,444203,44.0,0.009,0.0039
1560,429.5675451408423,443403,45.0,0.009,0.0039
1561,429.56739877786754,442590,46.0,0.009,0.0039
1562,429.5675073430578,441769,47.0,0.009,0.0039
1563,429.5674242354033,440935,48.0,0.009,0.0039
1564,429.5673878011286,440091,49.0,0.009,0.0039
1565,429.5675294889019,439239,50.0,0.009,0.0039
1566,429.56741663274636,438377,51.0,0.009,0.0039
1567,429.56744977652255,437507,52.0,0.009,0.0039
1568,429.56747797080664,436628,53.0,0.009,0.0039
1569,429.56736937910887,435739,54.0,0.009,0.0039
1570,429.56738358838027,434843,55.0,0.009,0.0039
1571,429.5674494938072,433942,56.0,0.009,0.0039
1572,429.5674610718398,433035,57.0,0.009,0.0039
1573,429.5674319900038,432122,58.0,0.009,0.0039
1574,429.5674504596504,431203,59.0,0.009,0.0039
1575,429.5674117486048,430277,60.0,0.009,0.0039
1576,429.5674551610145,429347,61.0,0.009,0.0039
1577,429.5674340029268,428414,62.0,0.009,0.0039
1578,429.5675261958796,427479,63.0,0.009,0.0039
1579,429.5675384229102,426538,64.0,0.009,0.0039
1580,429.567424522596,425591,65.0,0.009,0.0039
1581,429.5674033306552,424641,66.0,0.009,0.0039
1582,429.5674612980855,423690,67.0,0.009,0.0039
1583,429.5674084556397,422737,68.0,0.009,0.0039
1584,429.56749451607715,421783,69.0,0.009,0.0039
1585,429.5674869081978,420826,70.0,0.009,0.0039
1586,429.56742462287554,419868,71.0,0.009,0.0039
1587,429.56742562649436,418911,72.0,0.009,0.0039
1588,429.5673805138533,417948,73.0,0.009,0.0039
1589,429.56738496885646,416984,74.0,0.009,0.0039
1590,429.5674031795476,416018,75.0,0.009,0.0039
1591,429.5673711657625,415052,76.0,0.009,0.0039
1592,429.56751947468996,414088,77.0,0.009,0.0039
1593,429.56747131574986,413124,78.0,0.009,0.0039
1594,429.567519251002,412161,79.0,0.009,0.0039
1595,429.56746980257196,411198,80.0,0.009,0.0039
1596,429.5673573890627,410235,81.0,0.009,0.0039
1597,429.56741542035263,409269,82.0,0.009,0.0039
1598,429.56737101502284,408303,83.0,0.009,0.0039
1599,429.56752228142994,407338,84.0,0.009,0.0039
1600,429.5674048574246,406373,85.0,0.009,0.0039
1601,429.5673835991428,405411,86.0,0.009,0.0039
1602,429.5674609408949,404452,87.0,0.009,0.0039
1603,429.56752914511344,403495,88.0,0.009,0.0039
1604,429.56738818494256,402539,89.0,0.009,0.0039
1605,429.5674751031593,401583,90.0,0.009,0.0039
1606,429.56747843689504,400625,91.0,0.009,0.0039
1607,429.5673556876437,399668,92.0,0.009,0.0039
1608,429.56739422581904,398713,93.0,0.009,0.0039
1609,429.56750000794057,397761,94.0,0.009,0.0039
1610,429.5673667638582,396811,95.0,0.009,0.0039
1611,429.5673572750646,395865,96.0,0.009,0.0039
1612,429.56753202602687,394923,97.0,0.009,0.0039
1613,429.56748945114145,393983,98.0,0.009,0.0039
1614,429.56745367745623,393040,99.0,0.009,0.0039
1615,429.56742149244127,392098,100.0,0.009,0.0039
1616,429.99781242116177,443016,0.0,0.0015,0.0039
1617,429.568212317374,439694,1.0,0.0015,0.0039
1618,429.56812698441763,437207,2.0,0.0015,0.0039
1619,429.5678967339768,434731,3.0,0.0015,0.0039
1620,429.5680897661047,432272,4.0,0.0015,0.0039
1621,429.56791636985696,429836,5.0,0.0015,0.0039
1622,429.5680072357179,427410,6.0,0.0015,0.0039
1623,429.5681627762309,424998,7.0,0.0015,0.0039
1624,429.5681208169744,422600,8.0,0.0015,0.0039
1625,429.56788507395424,420208,9.0,0.0015,0.0039
1626,429.56800659839473,417827,10.0,0.0015,0.0039
1627,429.56799352900066,415441,11.0,0.0015,0.0039
1628,429.5680626257387,413069,12.0,0.0015,0.0039
1629,429.56799767586347,410713,13.0,0.0015,0.0039
1630,429.56817122839095,408355,14.0,0.0015,0.0039
1631,429.56793201452007,406026,15.0,0.0015,0.0039
1632,429.5679200973558,403727,16.0,0.0015,0.0039
1633,429.56792790568244,401411,17.0,0.0015,0.0039
1634,429.5678170695604,399114,18.0,0.0015,0.0039
1635,429.5680520626081,396843,19.0,0.0015,0.0039
1636,429.5682316941202,394567,20.0,0.0015,0.0039
1637,429.56802135267554,392300,21.0,0.0015,0.0039
1638,429.5680845686887,390057,22.0,0.0015,0.0039
1639,429.56790914607603,387826,23.0,0.0015,0.0039
1640,429.5679545627141,385605,24.0,0.0015,0.0039
1641,429.5678166635477,383404,25.0,0.0015,0.0039
1642,429.56789802960435,381215,26.0,0.0015,0.0039
1643,429.5678895379704,379023,27.0,0.0015,0.0039
1644,429.56822932509505,376850,28.0,0.0015,0.0039
1645,429.5681051740744,374693,29.0,0.0015,0.0039
1646,429.56818359489415,372536,30.0,0.0015,0.0039
1647,429.56796364750466,370405,31.0,0.0015,0.0039
1648,429.5678535286581,368296,32.0,0.0015,0.0039
1649,429.56789143449794,366178,33.0,0.0015,0.0039
1650,429.56813296235913,364075,34.0,0.0015,0.0039
1651,429.568032262918,361990,35.0,0.0015,0.0039
1652,429.56798395946277,359906,36.0,0.0015,0.0039
1653,429.56805444953477,357842,37.0,0.0015,0.0039
1654,429.568076305168,355800,38.0,0.0015,0.0039
1655,429.56791857112114,353762,39.0,0.0015,0.0039
1656,429.56801497124854,351728,40.0,0.0015,0.0039
1657,429.56796505374575,349709,41.0,0.0015,0.0039
1658,429.5680260353688,347703,42.0,0.0015,0.0039
1659,429.56792865075,345709,43.0,0.0015,0.0039
1660,429.5680617730814,343733,44.0,0.0015,0.0039
1661,429.5678432644714,341769,45.0,0.0015,0.0039
1662,429.5682159327682,339803,46.0,0.0015,0.0039
1663,429.56797003807804,337849,47.0,0.0015,0.0039
1664,429.5681140940106,335922,48.0,0.0015,0.0039
1665,429.56797487601926,333998,49.0,0.0015,0.0039
1666,429.5678265379046,332085,50.0,0.0015,0.0039
1667,429.5680696285777,330187,51.0,0.0015,0.0039
1668,429.56800718342515,328289,52.0,0.0015,0.0039
1669,429.5679299350374,326408,53.0,0.0015,0.0039
1670,429.5679296137322,324550,54.0,0.0015,0.0039
1671,429.5680392302743,322696,55.0,0.0015,0.0039
1672,429.56785193885463,320844,56.0,0.0015,0.0039
1673,429.56812300463093,319007,57.0,0.0015,0.0039
1674,429.5682108313314,317191,58.0,0.0015,0.0039
1675,429.5682211786568,315380,59.0,0.0015,0.0039
1676,429.56820203200834,313579,60.0,0.0015,0.0039
1677,429.568221566351,311788,61.0,0.0015,0.0039
1678,429.5679387034037,310003,62.0,0.0015,0.0039
1679,429.5680323844438,308241,63.0,0.0015,0.0039
1680,429.56790319008746,306490,64.0,0.0015,0.0039
1681,429.56782955677966,304735,65.0,0.0015,0.0039
1682,429.5678508466294,302994,66.0,0.0015,0.0039
1683,429.5679262917848,301279,67.0,0.0015,0.0039
1684,429.5679674363875,299565,68.0,0.0015,0.0039
1685,429.5678572502078,297855,69.0,0.0015,0.0039
1686,429.5679660358089,296160,70.0,0.0015,0.0039
1687,429.5679591330566,294477,71.0,0.0015,0.0039
1688,429.5682075647118,292790,72.0,0.0015,0.0039
1689,429.56804214875564,291105,73.0,0.0015,0.0039
1690,429.5679476898846,289431,74.0,0.0015,0.0039
1691,429.5681812332905,287781,75.0,0.0015,0.0039
1692,429.5678169280054,286141,76.0,0.0015,0.0039
1693,429.5680189665971,284508,77.0,0.0015,0.0039
1694,429.5680876410536,282870,78.0,0.0015,0.0039
1695,429.56807681258607,281254,79.0,0.0015,0.0039
1696,429.5681103476547,279648,80.0,0.0015,0.0039
1697,429.5680997690837,278053,81.0,0.0015,0.0039
1698,429.56822494964035,276483,82.0,0.0015,0.0039
1699,429.5679415788957,274921,83.0,0.0015,0.0039
1700,429.56820095201283,273348,84.0,0.0015,0.0039
1701,429.5681964236673,271785,85.0,0.0015,0.0039
1702,429.5679973277448,270246,86.0,0.0015,0.0039
1703,429.56811644044825,268720,87.0,0.0015,0.0039
1704,429.5679128811843,267204,88.0,0.0015,0.0039
1705,429.56820482225277,265693,89.0,0.0015,0.0039
1706,429.56818944189314,264187,90.0,0.0015,0.0039
1707,429.5681930985334,262686,91.0,0.0015,0.0039
1708,429.56798893660624,261199,92.0,0.0015,0.0039
1709,429.5680471118689,259737,93.0,0.0015,0.0039
1710,429.56797347820316,258284,94.0,0.0015,0.0039
1711,429.5680679875691,256819,95.0,0.0015,0.0039
1712,429.5682213457239,255373,96.0,0.0015,0.0039
1713,429.5678474442479,253933,97.0,0.0015,0.0039
1714,429.56819513091256,252503,98.0,0.0015,0.0039
1715,429.56785753256247,251096,99.0,0.0015,0.0039
1716,429.56804554139296,249699,100.0,0.0015,0.0039
1717,429.9976274033362,443016,0.0,0.0045,0.0039
1718,429.5680126417787,441566,1.0,0.0045,0.0039
1719,429.5676594458335,440904,2.0,0.0045,0.0039
1720,429.56768077601276,440193,3.0,0.0045,0.0039
1721,429.5679549630633,439439,4.0,0.0045,0.0039
1722,429.56804292944884,438651,5.0,0.0045,0.0039
1723,429.5677816666923,437808,6.0,0.0045,0.0039
1724,429.567856027198,436911,7.0,0.0045,0.0039
1725,429.56784916539743,435970,8.0,0.0045,0.0039
1726,429.5677949647892,435002,9.0,0.0045,0.0039
1727,429.567671078276,433984,10.0,0.0045,0.0039
1728,429.56796041290573,432927,11.0,0.0045,0.0039
1729,429.5677278933051,431859,12.0,0.0045,0.0039
1730,429.5677941217801,430748,13.0,0.0045,0.0039
1731,429.56789192885844,429609,14.0,0.0045,0.0039
1732,429.56782982510185,428459,15.0,0.0045,0.0039
1733,429.5677919118871,427274,16.0,0.0045,0.0039
1734,429.5676909419276,426074,17.0,0.0045,0.0039
1735,429.5677985989056,424859,18.0,0.0045,0.0039
1736,429.56788210626036,423616,19.0,0.0045,0.0039
1737,429.56768816320937,422370,20.0,0.0045,0.0039
1738,429.5677937373002,421101,21.0,0.0045,0.0039
1739,429.5678704467201,419818,22.0,0.0045,0.0039
1740,429.5678537885791,418520,23.0,0.0045,0.0039
1741,429.56766282293205,417196,24.0,0.0045,0.0039
1742,429.56767994504725,415879,25.0,0.0045,0.0039
1743,429.56790561341285,414541,26.0,0.0045,0.0039
1744,429.5676497328599,413201,27.0,0.0045,0.0039
1745,429.56767481673864,411839,28.0,0.0045,0.0039
1746,429.5677015020072,410475,29.0,0.0045,0.0039
1747,429.5678888918484,409112,30.0,0.0045,0.0039
1748,429.5677156883307,407744,31.0,0.0045,0.0039
1749,429.56778634765925,406373,32.0,0.0045,0.0039
1750,429.5676717096973,404977,33.0,0.0045,0.0039
1751,429.567741372441,403594,34.0,0.0045,0.0039
1752,429.5677363033496,402199,35.0,0.0045,0.0039
1753,429.5677812368489,400823,36.0,0.0045,0.0039
1754,429.5677214318263,399421,37.0,0.0045,0.0039
1755,429.56778718298807,398023,38.0,0.0045,0.0039
1756,429.5676864613914,396616,39.0,0.0045,0.0039
1757,429.5677072652234,395221,40.0,0.0045,0.0039
1758,429.56767622051825,393827,41.0,0.0045,0.0039
1759,429.5676337553849,392423,42.0,0.0045,0.0039
1760,429.56767763152635,391015,43.0,0.0045,0.0039
1761,429.5678532961823,389609,44.0,0.0045,0.0039
1762,429.56781133101595,388210,45.0,0.0045,0.0039
1763,429.567834235887,386814,46.0,0.0045,0.0039
1764,429.5676695533325,385411,47.0,0.0045,0.0039
1765,429.56763830411643,384001,48.0,0.0045,0.0039
1766,429.5676821726409,382603,49.0,0.0045,0.0039
1767,429.5676690905704,381202,50.0,0.0045,0.0039
1768,429.56767871277293,379818,51.0,0.0045,0.0039
1769,429.56785032119376,378413,52.0,0.0045,0.0039
1770,429.56770013424705,377019,53.0,0.0045,0.0039
1771,429.56764276889027,375620,54.0,0.0045,0.0039
1772,429.5677588434447,374238,55.0,0.0045,0.0039
1773,429.5677172783121,372853,56.0,0.0045,0.0039
1774,429.56788215118047,371468,57.0,0.0045,0.0039
1775,429.5678754138899,370077,58.0,0.0045,0.0039
1776,429.5678742203406,368700,59.0,0.0045,0.0039
1777,429.5676882664533,367321,60.0,0.0045,0.0039
1778,429.56778982033353,365957,61.0,0.0045,0.0039
1779,429.56769714127876,364578,62.0,0.0045,0.0039
1780,429.56785045182886,363210,63.0,0.0045,0.0039
1781,429.56769792241056,361842,64.0,0.0045,0.0039
1782,429.5678780299363,360486,65.0,0.0045,0.0039
1783,429.56770632605605,359132,66.0,0.0045,0.0039
1784,429.56767496523895,357774,67.0,0.0045,0.0039
1785,429.5678417124319,356422,68.0,0.0045,0.0039
1786,429.5678311539311,355074,69.0,0.0045,0.0039
1787,429.5678326407163,353736,70.0,0.0045,0.0039
1788,429.56785819196966,352397,71.0,0.0045,0.0039
1789,429.56770351840123,351050,72.0,0.0045,0.0039
1790,429.56764374329197,349700,73.0,0.0045,0.0039
1791,429.56777250434703,348359,74.0,0.0045,0.0039
1792,429.56773675241755,347015,75.0,0.0045,0.0039
1793,429.56770934869166,345682,76.0,0.0045,0.0039
1794,429.5678818544777,344349,77.0,0.0045,0.0039
1795,429.56771849836224,343028,78.0,0.0045,0.0039
1796,429.5677539577782,341709,79.0,0.0045,0.0039
1797,429.56767119677846,340405,80.0,0.0045,0.0039
1798,429.56787907941003,339093,81.0,0.0045,0.0039
1799,429.56778669835603,337776,82.0,0.0045,0.0039
1800,429.56770628041113,336459,83.0,0.0045,0.0039
1801,429.56772342858676,335154,84.0,0.0045,0.0039
1802,429.56772003174353,333852,85.0,0.0045,0.0039
1803,429.5676984753105,332562,86.0,0.0045,0.0039
1804,429.5677362834795,331279,87.0,0.0045,0.0039
1805,429.5677537931945,330008,88.0,0.0045,0.0039
1806,429.56772770593534,328748,89.0,0.0045,0.0039
1807,429.56767210694716,327499,90.0,0.0045,0.0039
1808,429.5678028074843,326242,91.0,0.0045,0.0039
1809,429.567639103926,324971,92.0,0.0045,0.0039
1810,429.56776936657144,323712,93.0,0.0045,0.0039
1811,429.5677930489065,322455,94.0,0.0045,0.0039
1812,429.5678304978956,321211,95.0,0.0045,0.0039
1813,429.56764611693296,319970,96.0,0.0045,0.0039
1814,429.56786352073397,318745,97.0,0.0045,0.0039
1815,429.56775055548417,317525,98.0,0.0045,0.0039
1816,429.5677521795978,316320,99.0,0.0045,0.0039
1817,429.567679043964,315125,100.0,0.0045,0.0039
1818,429.9975348949598,443016,0.0,0.006,0.0039
1819,429.5677759308156,442483,1.0,0.006,0.0039
1820,429.5679605534732,442713,2.0,0.006,0.0039
1821,429.56758489642743,442860,3.0,0.006,0.0039
1822,429.5678702653624,442907,4.0,0.006,0.0039
1823,429.56788454671874,442856,5.0,0.006,0.0039
1824,429.5678339249341,442721,6.0,0.006,0.0039
1825,429.56774410087354,442501,7.0,0.006,0.0039
1826,429.56754089783965,442206,8.0,0.006,0.0039
1827,429.5678516112797,441840,9.0,0.006,0.0039
1828,429.5676626996546,441409,10.0,0.006,0.0039
1829,429.56780673542215,440921,11.0,0.006,0.0039
1830,429.56761032271095,440376,12.0,0.006,0.0039
1831,429.5675881813553,439785,13.0,0.006,0.0039
1832,429.56764840023806,439153,14.0,0.006,0.0039
1833,429.56761177014084,438488,15.0,0.006,0.0039
1834,429.5676719509216,437784,16.0,0.006,0.0039
1835,429.5676182173786,437040,17.0,0.006,0.0039
1836,429.5677214382504,436261,18.0,0.006,0.0039
1837,429.5677133914583,435448,19.0,0.006,0.0039
1838,429.5676897394131,434612,20.0,0.006,0.0039
1839,429.5677475556967,433752,21.0,0.006,0.0039
1840,429.5677525516928,432864,22.0,0.006,0.0039
1841,429.5676894926689,431947,23.0,0.006,0.0039
1842,429.56762396295545,431010,24.0,0.006,0.0039
1843,429.56767895574166,430061,25.0,0.006,0.0039
1844,429.56772054190003,429089,26.0,0.006,0.0039
1845,429.5676299339559,428093,27.0,0.006,0.0039
1846,429.5676423641154,427086,28.0,0.006,0.0039
1847,429.567560668952,426067,29.0,0.006,0.0039
1848,429.5676508478742,425029,30.0,0.006,0.0039
1849,429.5677154310996,423974,31.0,0.006,0.0039
1850,429.567690612267,422915,32.0,0.006,0.0039
1851,429.5676112836732,421841,33.0,0.006,0.0039
1852,429.56769354097946,420750,34.0,0.006,0.0039
1853,429.56773466072036,419656,35.0,0.006,0.0039
1854,429.567736667302,418550,36.0,0.006,0.0039
1855,429.5676056619224,417424,37.0,0.006,0.0039
1856,429.5675585633753,416291,38.0,0.006,0.0039
1857,429.5677431676945,415156,39.0,0.006,0.0039
1858,429.56766339019913,414006,40.0,0.006,0.0039
1859,429.56767878529104,412852,41.0,0.006,0.0039
1860,429.5677373501975,411700,42.0,0.006,0.0039
1861,429.5676866306116,410528,43.0,0.006,0.0039
1862,429.567758440246,409349,44.0,0.006,0.0039
1863,429.56768501414615,408170,45.0,0.006,0.0039
1864,429.56765626408503,406981,46.0,0.006,0.0039
1865,429.56756309880643,405794,47.0,0.006,0.0039
1866,429.5676498313908,404611,48.0,0.006,0.0039
1867,429.5675960449393,403422,49.0,0.006,0.0039
1868,429.56771051197774,402229,50.0,0.006,0.0039
1869,429.5675823453849,401025,51.0,0.006,0.0039
1870,429.56756063558095,399814,52.0,0.006,0.0039
1871,429.5676559978044,398610,53.0,0.006,0.0039
1872,429.56775310524966,397405,54.0,0.006,0.0039
1873,429.56757232536717,396198,55.0,0.006,0.0039
1874,429.56762983210893,395002,56.0,0.006,0.0039
1875,429.5677025268817,393796,57.0,0.006,0.0039
1876,429.567760757183,392580,58.0,0.006,0.0039
1877,429.5677553403288,391368,59.0,0.006,0.0039
1878,429.56764596163646,390151,60.0,0.006,0.0039
1879,429.5677187782434,388942,61.0,0.006,0.0039
1880,429.5675531519401,387736,62.0,0.006,0.0039
1881,429.56775355927266,386532,63.0,0.006,0.0039
1882,429.56759641553225,385331,64.0,0.006,0.0039
1883,429.56756524426726,384117,65.0,0.006,0.0039
1884,429.567588302723,382904,66.0,0.006,0.0039
1885,429.5676467621982,381698,67.0,0.006,0.0039
1886,429.56762081141954,380490,68.0,0.006,0.0039
1887,429.5676257960493,379290,69.0,0.006,0.0039
1888,429.5677424254637,378097,70.0,0.006,0.0039
1889,429.56761300407766,376901,71.0,0.006,0.0039
1890,429.56764324993117,375700,72.0,0.006,0.0039
1891,429.5675789281938,374499,73.0,0.006,0.0039
1892,429.5676671258442,373301,74.0,0.006,0.0039
1893,429.5675780369354,372110,75.0,0.006,0.0039
1894,429.56755034153747,370920,76.0,0.006,0.0039
1895,429.56762360102533,369739,77.0,0.006,0.0039
1896,429.5676438773038,368564,78.0,0.006,0.0039
1897,429.56768696147515,367375,79.0,0.006,0.0039
1898,429.56767813059525,366193,80.0,0.006,0.0039
1899,429.5676290424203,365013,81.0,0.006,0.0039
1900,429.5677020729147,363837,82.0,0.006,0.0039
1901,429.5676505257837,362669,83.0,0.006,0.0039
1902,429.56767792440974,361504,84.0,0.006,0.0039
1903,429.5675470339316,360347,85.0,0.006,0.0039
1904,429.56760802755406,359183,86.0,0.006,0.0039
1905,429.5677176846786,358019,87.0,0.006,0.0039
1906,429.56772610402305,356862,88.0,0.006,0.0039
1907,429.5677203587554,355709,89.0,0.006,0.0039
1908,429.56773376882717,354560,90.0,0.006,0.0039
1909,429.5677383817542,353420,91.0,0.006,0.0039
1910,429.56764481914763,352284,92.0,0.006,0.0039
1911,429.5677509739273,351144,93.0,0.006,0.0039
1912,429.5676943271695,350007,94.0,0.006,0.0039
1913,429.5677495153072,348872,95.0,0.006,0.0039
1914,429.56774349117563,347744,96.0,0.006,0.0039
1915,429.56755061621107,346621,97.0,0.006,0.0039
1916,429.56761132858355,345503,98.0,0.006,0.0039
1917,429.56758609235055,344394,99.0,0.006,0.0039
1918,429.5677143674112,343282,100.0,0.006,0.0039
1919,429.99728820776846,443016,0.0,0.01,0.0039
1920,429.56768244603353,444943,1.0,0.01,0.0039
1921,429.56744057378364,447457,2.0,0.01,0.0039
1922,429.56759987467154,449694,3.0,0.01,0.0039
1923,429.56753918219835,451683,4.0,0.01,0.0039
1924,429.56755128064776,453432,5.0,0.01,0.0039
1925,429.5674218397165,454968,6.0,0.01,0.0039
1926,429.5675633059504,456325,7.0,0.01,0.0039
1927,429.5673793547361,457554,8.0,0.01,0.0039
1928,429.56757253447057,458637,9.0,0.01,0.0039
1929,429.56736984905444,459580,10.0,0.01,0.0039
1930,429.56749637367955,460412,11.0,0.01,0.0039
1931,429.56755978690944,461129,12.0,0.01,0.0039
1932,429.5674654956668,461750,13.0,0.01,0.0039
1933,429.5674134758283,462283,14.0,0.01,0.0039
1934,429.56749335621424,462725,15.0,0.01,0.0039
1935,429.56739374061806,463095,16.0,0.01,0.0039
1936,429.56735461597833,463405,17.0,0.01,0.0039
1937,429.5673878045654,463646,18.0,0.01,0.0039
1938,429.5673616159077,463821,19.0,0.01,0.0039
1939,429.5674802190404,463932,20.0,0.01,0.0039
1940,429.5673130228767,463996,21.0,0.01,0.0039
1941,429.56736080908854,463997,22.0,0.01,0.0039
1942,429.5672966339982,463935,23.0,0.01,0.0039
1943,429.56732510219064,463816,24.0,0.01,0.0039
1944,429.5673056514427,463670,25.0,0.01,0.0039
1945,429.56733149271116,463475,26.0,0.01,0.0039
1946,429.5674004574888,463229,27.0,0.01,0.0039
1947,429.56742415553873,462938,28.0,0.01,0.0039
1948,429.56741516620247,462620,29.0,0.01,0.0039
1949,429.56730177872834,462262,30.0,0.01,0.0039
1950,429.5674247023219,461866,31.0,0.01,0.0039
1951,429.56737156924015,461437,32.0,0.01,0.0039
1952,429.56736707343595,460985,33.0,0.01,0.0039
1953,429.56732972203633,460502,34.0,0.01,0.0039
1954,429.56743007643155,459989,35.0,0.01,0.0039
1955,429.5674523342879,459452,36.0,0.01,0.0039
1956,429.56731397882595,458894,37.0,0.01,0.0039
1957,429.5674279503651,458313,38.0,0.01,0.0039
1958,429.567357758136,457707,39.0,0.01,0.0039
1959,429.5673230785042,457087,40.0,0.01,0.0039
1960,429.5673135493661,456453,41.0,0.01,0.0039
1961,429.5673793415569,455802,42.0,0.01,0.0039
1962,429.5674794910195,455134,43.0,0.01,0.0039
1963,429.56737143280236,454448,44.0,0.01,0.0039
1964,429.5673905850648,453746,45.0,0.01,0.0039
1965,429.56730044263884,453027,46.0,0.01,0.0039
1966,429.56742448306017,452293,47.0,0.01,0.0039
1967,429.5673549837424,451553,48.0,0.01,0.0039
1968,429.5673074103058,450801,49.0,0.01,0.0039
1969,429.5674776135523,450038,50.0,0.01,0.0039
1970,429.56738788092,449262,51.0,0.01,0.0039
1971,429.56736320258034,448475,52.0,0.01,0.0039
1972,429.56734616054916,447677,53.0,0.01,0.0039
1973,429.5674591423617,446869,54.0,0.01,0.0039
1974,429.5672982489736,446051,55.0,0.01,0.0039
1975,429.5673643413693,445231,56.0,0.01,0.0039
1976,429.56746476904465,444403,57.0,0.01,0.0039
1977,429.56735177539025,443567,58.0,0.01,0.0039
1978,429.5673234012719,442725,59.0,0.01,0.0039
1979,429.56731818594085,441877,60.0,0.01,0.0039
1980,429.56731049813914,441023,61.0,0.01,0.0039
1981,429.56745052293763,440164,62.0,0.01,0.0039
1982,429.56729522938235,439299,63.0,0.01,0.0039
1983,429.56732704791085,438431,64.0,0.01,0.0039
1984,429.56747169863615,437560,65.0,0.01,0.0039
1985,429.5673029181335,436684,66.0,0.01,0.0039
1986,429.56734628597957,435806,67.0,0.01,0.0039
1987,429.56737421553595,434925,68.0,0.01,0.0039
1988,429.56739154186937,434041,69.0,0.01,0.0039
1989,429.5674475542759,433154,70.0,0.01,0.0039
1990,429.5674430909092,432264,71.0,0.01,0.0039
1991,429.56737061121913,431372,72.0,0.01,0.0039
1992,429.5673576274774,430479,73.0,0.01,0.0039
1993,429.56740222717957,429585,74.0,0.01,0.0039
1994,429.5673183915999,428689,75.0,0.01,0.0039
1995,429.56732354761976,427792,76.0,0.01,0.0039
1996,429.56739981730664,426895,77.0,0.01,0.0039
1997,429.5674034965173,425998,78.0,0.01,0.0039
1998,429.56736371123543,425098,79.0,0.01,0.0039
1999,429.56737282557566,424198,80.0,0.01,0.0039
2000,429.5674511544153,423298,81.0,0.01,0.0039
2001,429.5674459545396,422397,82.0,0.01,0.0039
2002,429.5674592343484,421497,83.0,0.01,0.0039
2003,429.5674122726729,420598,84.0,0.01,0.0039
2004,429.5674684336749,419701,85.0,0.01,0.0039
2005,429.5673741425855,418803,86.0,0.01,0.0039
2006,429.56736296510354,417903,87.0,0.01,0.0039
2007,429.56744299041424,417004,88.0,0.01,0.0039
2008,429.56741240217997,416106,89.0,0.01,0.0039
2009,429.5674474256049,415210,90.0,0.01,0.0039
2010,429.56734724930516,414315,91.0,0.01,0.0039
2011,429.56730338378657,413422,92.0,0.01,0.0039
2012,429.5673090918988,412531,93.0,0.01,0.0039
2013,429.56738803829717,411639,94.0,0.01,0.0039
2014,429.5673775849554,410746,95.0,0.01,0.0039
2015,429.56746456748664,409855,96.0,0.01,0.0039
2016,429.567304549623,408964,97.0,0.01,0.0039
2017,429.5674467631966,408076,98.0,0.01,0.0039
2018,429.56737731374085,407189,99.0,0.01,0.0039
2019,429.5673597299057,406305,100.0,0.01,0.0039
