,total_counts,area,time,D (um^2/s),alpha (1/s)
0,429.9977953897943,443016,0.0,0.0015,0.0037
1,429.5679791025757,439866,1.0,0.0015,0.0037
2,429.5682434079567,437550,2.0,0.0015,0.0037
3,429.5679847941353,435258,3.0,0.0015,0.0037
4,429.5680237031287,432975,4.0,0.0015,0.0037
5,429.5681415166761,430704,5.0,0.0015,0.0037
6,429.56806866364303,428438,6.0,0.0015,0.0037
7,429.56784334463964,426181,7.0,0.0015,0.0037
8,429.56813410114256,423935,8.0,0.0015,0.0037
9,429.5681839211965,421689,9.0,0.0015,0.0037
10,429.56801388154565,419458,10.0,0.0015,0.0037
11,429.5679084699252,417242,11.0,0.0015,0.0037
12,429.5680145459212,415020,12.0,0.0015,0.0037
13,429.56809183424946,412806,13.0,0.0015,0.0037
14,429.5679729369069,410612,14.0,0.0015,0.0037
15,429.56819621274224,408428,15.0,0.0015,0.0037
16,429.5681124882138,406255,16.0,0.0015,0.0037
17,429.5678669528322,404100,17.0,0.0015,0.0037
18,429.56790624777574,401954,18.0,0.0015,0.0037
19,429.56820422118517,399801,19.0,0.0015,0.0037
20,429.5678373461446,397663,20.0,0.0015,0.0037
21,429.5680326192599,395555,21.0,0.0015,0.0037
22,429.56809109743745,393443,22.0,0.0015,0.0037
23,429.56786908291366,391344,23.0,0.0015,0.0037
24,429.56821906584696,389265,24.0,0.0015,0.0037
25,429.56816293204827,387171,25.0,0.0015,0.0037
26,429.5681828462646,385096,26.0,0.0015,0.0037
27,429.5679053135561,383053,27.0,0.0015,0.0037
28,429.5678375036003,381005,28.0,0.0015,0.0037
29,429.56783093175505,378962,29.0,0.0015,0.0037
30,429.56798440583157,376934,30.0,0.0015,0.0037
31,429.56790801277805,374913,31.0,0.0015,0.0037
32,429.56796159376205,372909,32.0,0.0015,0.0037
33,429.56818909093516,370919,33.0,0.0015,0.0037
34,429.5678112261461,368934,34.0,0.0015,0.0037
35,429.56780078513356,366946,35.0,0.0015,0.0037
36,429.5678678210318,364979,36.0,0.0015,0.0037
37,429.56783404655783,363037,37.0,0.0015,0.0037
38,429.56791832585554,361088,38.0,0.0015,0.0037
39,429.56808889355193,359149,39.0,0.0015,0.0037
40,429.567805661743,357224,40.0,0.0015,0.0037
41,429.5678949769543,355308,41.0,0.0015,0.0037
42,429.5681897358731,353407,42.0,0.0015,0.0037
43,429.56818282257746,351517,43.0,0.0015,0.0037
44,429.56819744610897,349624,44.0,0.0015,0.0037
45,429.5681078190579,347745,45.0,0.0015,0.0037
46,429.56796677214726,345891,46.0,0.0015,0.0037
47,429.56784458673843,344038,47.0,0.0015,0.0037
48,429.5681114739095,342186,48.0,0.0015,0.0037
49,429.56804162616805,340349,49.0,0.0015,0.0037
50,429.5680960793883,338535,50.0,0.0015,0.0037
51,429.56815047662434,336719,51.0,0.0015,0.0037
52,429.5678662387489,334910,52.0,0.0015,0.0037
53,429.56784241501686,333115,53.0,0.0015,0.0037
54,429.56799273272225,331334,54.0,0.0015,0.0037
55,429.5681072985416,329561,55.0,0.0015,0.0037
56,429.5681499152972,327797,56.0,0.0015,0.0037
57,429.5681252790301,326034,57.0,0.0015,0.0037
58,429.5678658786578,324294,58.0,0.0015,0.0037
59,429.56812381914443,322564,59.0,0.0015,0.0037
60,429.56782477322224,320830,60.0,0.0015,0.0037
61,429.5680815791156,319112,61.0,0.0015,0.0037
62,429.5678637980006,317414,62.0,0.0015,0.0037
63,429.56782476375446,315710,63.0,0.0015,0.0037
64,429.56787195351006,313999,64.0,0.0015,0.0037
65,429.56784730815474,312306,65.0,0.0015,0.0037
66,429.5679404674414,310624,66.0,0.0015,0.0037
67,429.5679595600297,308947,67.0,0.0015,0.0037
68,429.56801052038446,307283,68.0,0.0015,0.0037
69,429.5680298671696,305642,69.0,0.0015,0.0037
70,429.56813352002047,303988,70.0,0.0015,0.0037
71,429.567799304655,302339,71.0,0.0015,0.0037
72,429.5678387488854,300712,72.0,0.0015,0.0037
73,429.5681476375597,299107,73.0,0.0015,0.0037
74,429.5681759487103,297511,74.0,0.0015,0.0037
75,429.56800275124294,295917,75.0,0.0015,0.0037
76,429.5678005334533,294328,76.0,0.0015,0.0037
77,429.568012457164,292746,77.0,0.0015,0.0037
78,429.5678676884792,291171,78.0,0.0015,0.0037
79,429.5681972272589,289623,79.0,0.0015,0.0037
80,429.5678833037288,288089,80.0,0.0015,0.0037
81,429.567851665091,286544,81.0,0.0015,0.0037
82,429.56806889648874,285008,82.0,0.0015,0.0037
83,429.5679666734018,283487,83.0,0.0015,0.0037
84,429.5679642384719,281971,84.0,0.0015,0.0037
85,429.5680499280149,280473,85.0,0.0015,0.0037
86,429.5682012242586,278999,86.0,0.0015,0.0037
87,429.5678540866238,277504,87.0,0.0015,0.0037
88,429.56813964518057,276020,88.0,0.0015,0.0037
89,429.56815171133786,274556,89.0,0.0015,0.0037
90,429.56810565476104,273096,90.0,0.0015,0.0037
91,429.56812717529857,271651,91.0,0.0015,0.0037
92,429.567859933735,270226,92.0,0.0015,0.0037
93,429.5680255400948,268784,93.0,0.0015,0.0037
94,429.5678947072707,267353,94.0,0.0015,0.0037
95,429.5678682681593,265942,95.0,0.0015,0.0037
96,429.5681975325283,264535,96.0,0.0015,0.0037
97,429.5678534161313,263144,97.0,0.0015,0.0037
98,429.56797478733284,261765,98.0,0.0015,0.0037
99,429.56799584253565,260373,99.0,0.0015,0.0037
100,429.5678428754072,258998,100.0,0.0015,0.0037
101,429.99727117646535,443016,0.0,0.01,0.0037
102,429.56740227761526,445116,1.0,0.01,0.0037
103,429.567315583252,447814,2.0,0.01,0.0037
104,429.5674285359714,450230,3.0,0.01,0.0037
105,429.5674274376067,452390,4.0,0.01,0.0037
106,429.56745622698304,454305,5.0,0.01,0.0037
107,429.56758755821363,456021,6.0,0.01,0.0037
108,429.5675042962933,457568,7.0,0.01,0.0037
109,429.56728767748245,458962,8.0,0.01,0.0037
110,429.5673900295624,460214,9.0,0.01,0.0037
111,429.56748243930855,461340,10.0,0.01,0.0037
112,429.56750330988893,462333,11.0,0.01,0.0037
113,429.56746726473773,463229,12.0,0.01,0.0037
114,429.56734195693286,464015,13.0,0.01,0.0037
115,429.5674699710517,464719,14.0,0.01,0.0037
116,429.5674905848667,465331,15.0,0.01,0.0037
117,429.56751586532846,465865,16.0,0.01,0.0037
118,429.5673383308176,466343,17.0,0.01,0.0037
119,429.5673821698568,466746,18.0,0.01,0.0037
120,429.56732674535715,467087,19.0,0.01,0.0037
121,429.56740992120524,467356,20.0,0.01,0.0037
122,429.56737059848285,467573,21.0,0.01,0.0037
123,429.5673099368175,467729,22.0,0.01,0.0037
124,429.56742773334474,467825,23.0,0.01,0.0037
125,429.5674860630395,467862,24.0,0.01,0.0037
126,429.5673903875266,467860,25.0,0.01,0.0037
127,429.56740576716885,467806,26.0,0.01,0.0037
128,429.56743558615017,467701,27.0,0.01,0.0037
129,429.56740216306525,467558,28.0,0.01,0.0037
130,429.5674701610766,467383,29.0,0.01,0.0037
131,429.5674421108094,467164,30.0,0.01,0.0037
132,429.5674682774225,466902,31.0,0.01,0.0037
133,429.5674546953007,466611,32.0,0.01,0.0037
134,429.567477562502,466291,33.0,0.01,0.0037
135,429.567408850433,465937,34.0,0.01,0.0037
136,429.5674043355576,465550,35.0,0.01,0.0037
137,429.5673573906442,465143,36.0,0.01,0.0037
138,429.5673897479606,464711,37.0,0.01,0.0037
139,429.5673621296409,464252,38.0,0.01,0.0037
140,429.5674659791856,463768,39.0,0.01,0.0037
141,429.5674274269319,463274,40.0,0.01,0.0037
142,429.5673918603288,462761,41.0,0.01,0.0037
143,429.567366668024,462229,42.0,0.01,0.0037
144,429.56730011970234,461678,43.0,0.01,0.0037
145,429.56735806973745,461109,44.0,0.01,0.0037
146,429.5672778313817,460521,45.0,0.01,0.0037
147,429.5674173061868,459916,46.0,0.01,0.0037
148,429.5674300017377,459298,47.0,0.01,0.0037
149,429.5674199857785,458672,48.0,0.01,0.0037
150,429.5674582914879,458032,49.0,0.01,0.0037
151,429.5673080375272,457377,50.0,0.01,0.0037
152,429.5672897242223,456709,51.0,0.01,0.0037
153,429.5673571920974,456028,52.0,0.01,0.0037
154,429.56746013563196,455334,53.0,0.01,0.0037
155,429.567346284951,454626,54.0,0.01,0.0037
156,429.5673437592533,453916,55.0,0.01,0.0037
157,429.56735209218067,453199,56.0,0.01,0.0037
158,429.56741076887545,452473,57.0,0.01,0.0037
159,429.5673846894287,451738,58.0,0.01,0.0037
160,429.5673926731183,450995,59.0,0.01,0.0037
161,429.5673754259977,450244,60.0,0.01,0.0037
162,429.5672850096907,449485,61.0,0.01,0.0037
163,429.56727685948954,448720,62.0,0.01,0.0037
164,429.5674476474874,447955,63.0,0.01,0.0037
165,429.5673538772137,447183,64.0,0.01,0.0037
166,429.56737624678135,446406,65.0,0.01,0.0037
167,429.56731938022943,445623,66.0,0.01,0.0037
168,429.5674269868277,444836,67.0,0.01,0.0037
169,429.5673415344343,444044,68.0,0.01,0.0037
170,429.56740303839445,443249,69.0,0.01,0.0037
171,429.5673659075358,442451,70.0,0.01,0.0037
172,429.56734885995684,441651,71.0,0.01,0.0037
173,429.5673212935016,440848,72.0,0.01,0.0037
174,429.5672948135151,440042,73.0,0.01,0.0037
175,429.5674490813015,439234,74.0,0.01,0.0037
176,429.56729506911086,438422,75.0,0.01,0.0037
177,429.5673935529074,437610,76.0,0.01,0.0037
178,429.5673710326686,436796,77.0,0.01,0.0037
179,429.567296899235,435980,78.0,0.01,0.0037
180,429.5672939446955,435163,79.0,0.01,0.0037
181,429.56735072523344,434345,80.0,0.01,0.0037
182,429.56729935984043,433525,81.0,0.01,0.0037
183,429.5674267044217,432705,82.0,0.01,0.0037
184,429.56737015478114,431884,83.0,0.01,0.0037
185,429.56729590061263,431063,84.0,0.01,0.0037
186,429.5674257634447,430243,85.0,0.01,0.0037
187,429.5673454582317,429420,86.0,0.01,0.0037
188,429.56731792344425,428597,87.0,0.01,0.0037
189,429.56736645383677,427774,88.0,0.01,0.0037
190,429.5673551398968,426951,89.0,0.01,0.0037
191,429.5673657290672,426129,90.0,0.01,0.0037
192,429.56736270162946,425308,91.0,0.01,0.0037
193,429.5673356927538,424488,92.0,0.01,0.0037
194,429.56731045942803,423667,93.0,0.01,0.0037
195,429.5673911805669,422845,94.0,0.01,0.0037
196,429.56743804003804,422023,95.0,0.01,0.0037
197,429.56730246862935,421201,96.0,0.01,0.0037
198,429.56731039951916,420381,97.0,0.01,0.0037
199,429.5674447405112,419563,98.0,0.01,0.0037
200,429.56732335915626,418745,99.0,0.01,0.0037
201,429.5673020361387,417929,100.0,0.01,0.0037
202,429.9975178636263,443016,0.0,0.006,0.0037
203,429.56791567172496,442656,1.0,0.006,0.0037
204,429.5679628029774,443072,2.0,0.006,0.0037
205,429.56756655363296,443392,3.0,0.006,0.0037
206,429.56787365343337,443609,4.0,0.006,0.0037
207,429.5678052200122,443726,5.0,0.006,0.0037
208,429.567857072105,443759,6.0,0.006,0.0037
209,429.56784432548136,443707,7.0,0.006,0.0037
210,429.5677917650178,443580,8.0,0.006,0.0037
211,429.5675628752848,443381,9.0,0.006,0.0037
212,429.56760424493325,443117,10.0,0.006,0.0037
213,429.56782535562996,442797,11.0,0.006,0.0037
214,429.56767657448887,442419,12.0,0.006,0.0037
215,429.56770314613084,441996,13.0,0.006,0.0037
216,429.56774320388024,441527,14.0,0.006,0.0037
217,429.5675298823835,441021,15.0,0.006,0.0037
218,429.56778411407805,440476,16.0,0.006,0.0037
219,429.5678078654379,439890,17.0,0.006,0.0037
220,429.56777613984406,439271,18.0,0.006,0.0037
221,429.56761368808145,438617,19.0,0.006,0.0037
222,429.56772254064873,437929,20.0,0.006,0.0037
223,429.567636402421,437214,21.0,0.006,0.0037
224,429.56776029831184,436481,22.0,0.006,0.0037
225,429.567577029547,435721,23.0,0.006,0.0037
226,429.567717716165,434935,24.0,0.006,0.0037
227,429.5676407130588,434124,25.0,0.006,0.0037
228,429.5677171645553,433292,26.0,0.006,0.0037
229,429.5677520486672,432447,27.0,0.006,0.0037
230,429.56763854012496,431585,28.0,0.006,0.0037
231,429.56775453628615,430703,29.0,0.006,0.0037
232,429.56770054932343,429800,30.0,0.006,0.0037
233,429.56766656751086,428886,31.0,0.006,0.0037
234,429.56774255125646,427963,32.0,0.006,0.0037
235,429.5676700740153,427023,33.0,0.006,0.0037
236,429.5676703593824,426066,34.0,0.006,0.0037
237,429.5676656808618,425100,35.0,0.006,0.0037
238,429.5677593794484,424125,36.0,0.006,0.0037
239,429.56774614596037,423135,37.0,0.006,0.0037
240,429.5677410676379,422129,38.0,0.006,0.0037
241,429.5676782814214,421118,39.0,0.006,0.0037
242,429.5676206790976,420102,40.0,0.006,0.0037
243,429.56758878954224,419074,41.0,0.006,0.0037
244,429.56772343529275,418037,42.0,0.006,0.0037
245,429.5676893228027,416992,43.0,0.006,0.0037
246,429.5676291989983,415939,44.0,0.006,0.0037
247,429.5677167938083,414875,45.0,0.006,0.0037
248,429.5676157313485,413810,46.0,0.006,0.0037
249,429.5676305852326,412745,47.0,0.006,0.0037
250,429.5677447173151,411673,48.0,0.006,0.0037
251,429.5675387396838,410598,49.0,0.006,0.0037
252,429.56771867341484,409514,50.0,0.006,0.0037
253,429.56773551796107,408422,51.0,0.006,0.0037
254,429.5676549512285,407324,52.0,0.006,0.0037
255,429.5675401209787,406230,53.0,0.006,0.0037
256,429.5677082873612,405135,54.0,0.006,0.0037
257,429.5676194546347,404035,55.0,0.006,0.0037
258,429.5676273229576,402942,56.0,0.006,0.0037
259,429.5675838033166,401834,57.0,0.006,0.0037
260,429.5676938293321,400720,58.0,0.006,0.0037
261,429.56758533183023,399609,59.0,0.006,0.0037
262,429.56768837691993,398500,60.0,0.006,0.0037
263,429.56758153891315,397386,61.0,0.006,0.0037
264,429.56766218668275,396279,62.0,0.006,0.0037
265,429.56762822259566,395176,63.0,0.006,0.0037
266,429.5677393004667,394056,64.0,0.006,0.0037
267,429.56762068852504,392938,65.0,0.006,0.0037
268,429.56762056060427,391823,66.0,0.006,0.0037
269,429.56771836403743,390705,67.0,0.006,0.0037
270,429.56772400815714,389592,68.0,0.006,0.0037
271,429.5675274657509,388483,69.0,0.006,0.0037
272,429.5676663772259,387375,70.0,0.006,0.0037
273,429.5675969704747,386259,71.0,0.006,0.0037
274,429.5675789704255,385145,72.0,0.006,0.0037
275,429.5676961370275,384029,73.0,0.006,0.0037
276,429.56757370450435,382917,74.0,0.006,0.0037
277,429.567729211879,381811,75.0,0.006,0.0037
278,429.567525241835,380703,76.0,0.006,0.0037
279,429.5677102880637,379604,77.0,0.006,0.0037
280,429.5676502216472,378498,78.0,0.006,0.0037
281,429.5675367134502,377388,79.0,0.006,0.0037
282,429.5676207016335,376284,80.0,0.006,0.0037
283,429.56763256789304,375184,81.0,0.006,0.0037
284,429.5676704197771,374084,82.0,0.006,0.0037
285,429.5677251136769,372991,83.0,0.006,0.0037
286,429.5675462556533,371903,84.0,0.006,0.0037
287,429.5675611071127,370807,85.0,0.006,0.0037
288,429.56759326449213,369714,86.0,0.006,0.0037
289,429.5676410772105,368625,87.0,0.006,0.0037
290,429.5676576128704,367536,88.0,0.006,0.0037
291,429.56755337979587,366453,89.0,0.006,0.0037
292,429.5675653888765,365376,90.0,0.006,0.0037
293,429.56754882218723,364301,91.0,0.006,0.0037
294,429.56759755434496,363225,92.0,0.006,0.0037
295,429.56761380095065,362150,93.0,0.006,0.0037
296,429.5675248376938,361075,94.0,0.006,0.0037
297,429.56765501124283,360007,95.0,0.006,0.0037
298,429.5675562111179,358943,96.0,0.006,0.0037
299,429.5676321407739,357882,97.0,0.006,0.0037
300,429.5676269020576,356828,98.0,0.006,0.0037
301,429.56756689332724,355770,99.0,0.006,0.0037
302,429.5676599699149,354709,100.0,0.006,0.0037
303,429.9976103719915,443016,0.0,0.0045,0.0037
304,429.567827096925,441741,1.0,0.0045,0.0037
305,429.567799982999,441257,2.0,0.0045,0.0037
306,429.5678516199398,440726,3.0,0.0045,0.0037
307,429.5676648248106,440143,4.0,0.0045,0.0037
308,429.5677370207825,439509,5.0,0.0045,0.0037
309,429.5677804321676,438840,6.0,0.0045,0.0037
310,429.56772081446684,438123,7.0,0.0045,0.0037
311,429.5678099363903,437355,8.0,0.0045,0.0037
312,429.5679406880873,436539,9.0,0.0045,0.0037
313,429.5676398861478,435683,10.0,0.0045,0.0037
314,429.5679227290994,434807,11.0,0.0045,0.0037
315,429.5678015696085,433891,12.0,0.0045,0.0037
316,429.56773984414315,432934,13.0,0.0045,0.0037
317,429.5678604291065,431961,14.0,0.0045,0.0037
318,429.56771515941085,430964,15.0,0.0045,0.0037
319,429.56772171543605,429934,16.0,0.0045,0.0037
320,429.5679368245915,428884,17.0,0.0045,0.0037
321,429.56765347339615,427822,18.0,0.0045,0.0037
322,429.56781721257204,426734,19.0,0.0045,0.0037
323,429.56790646880927,425625,20.0,0.0045,0.0037
324,429.5678559189971,424512,21.0,0.0045,0.0037
325,429.56778865407944,423370,22.0,0.0045,0.0037
326,429.5677124021898,422213,23.0,0.0045,0.0037
327,429.56782023718216,421048,24.0,0.0045,0.0037
328,429.5677682886499,419858,25.0,0.0045,0.0037
329,429.5677494604988,418673,26.0,0.0045,0.0037
330,429.56771896271863,417468,27.0,0.0045,0.0037
331,429.5677145646517,416243,28.0,0.0045,0.0037
332,429.56771946812637,415024,29.0,0.0045,0.0037
333,429.56764888789246,413788,30.0,0.0045,0.0037
334,429.56770718861213,412560,31.0,0.0045,0.0037
335,429.56773936023734,411316,32.0,0.0045,0.0037
336,429.5678743219865,410054,33.0,0.0045,0.0037
337,429.56764488215646,408800,34.0,0.0045,0.0037
338,429.5677295743754,407534,35.0,0.0045,0.0037
339,429.567638250981,406279,36.0,0.0045,0.0037
340,429.56780843845803,405007,37.0,0.0045,0.0037
341,429.56779628987084,403724,38.0,0.0045,0.0037
342,429.56771708020267,402449,39.0,0.0045,0.0037
343,429.56768734672534,401164,40.0,0.0045,0.0037
344,429.5677747684484,399895,41.0,0.0045,0.0037
345,429.5678303216973,398603,42.0,0.0045,0.0037
346,429.56784519536075,397312,43.0,0.0045,0.0037
347,429.56772783431387,396023,44.0,0.0045,0.0037
348,429.56782647726794,394731,45.0,0.0045,0.0037
349,429.5678586870313,393453,46.0,0.0045,0.0037
350,429.5677733823046,392150,47.0,0.0045,0.0037
351,429.567713902313,390858,48.0,0.0045,0.0037
352,429.5677572801743,389561,49.0,0.0045,0.0037
353,429.5677527665511,388271,50.0,0.0045,0.0037
354,429.56774634206977,386986,51.0,0.0045,0.0037
355,429.56770659742324,385685,52.0,0.0045,0.0037
356,429.56775335974237,384394,53.0,0.0045,0.0037
357,429.56765483183165,383096,54.0,0.0045,0.0037
358,429.5678056872121,381813,55.0,0.0045,0.0037
359,429.5676456413654,380524,56.0,0.0045,0.0037
360,429.56782850508614,379234,57.0,0.0045,0.0037
361,429.5677803750252,377944,58.0,0.0045,0.0037
362,429.5676251815365,376655,59.0,0.0045,0.0037
363,429.56761592837154,375377,60.0,0.0045,0.0037
364,429.56761283787085,374094,61.0,0.0045,0.0037
365,429.5678381816343,372815,62.0,0.0045,0.0037
366,429.5678490389535,371530,63.0,0.0045,0.0037
367,429.5677442843668,370256,64.0,0.0045,0.0037
368,429.56762410957526,368983,65.0,0.0045,0.0037
369,429.56764814421206,367711,66.0,0.0045,0.0037
370,429.5677470442375,366431,67.0,0.0045,0.0037
371,429.5677191879681,365146,68.0,0.0045,0.0037
372,429.5676940644567,363869,69.0,0.0045,0.0037
373,429.56774389433997,362587,70.0,0.0045,0.0037
374,429.56761736721865,361315,71.0,0.0045,0.0037
375,429.56783828188014,360042,72.0,0.0045,0.0037
376,429.5677536172115,358778,73.0,0.0045,0.0037
377,429.567715081428,357518,74.0,0.0045,0.0037
378,429.56765988203654,356265,75.0,0.0045,0.0037
379,429.56762664438594,355008,76.0,0.0045,0.0037
380,429.5678450700923,353740,77.0,0.0045,0.0037
381,429.567691746818,352481,78.0,0.0045,0.0037
382,429.567668743251,351221,79.0,0.0045,0.0037
383,429.567794097821,349974,80.0,0.0045,0.0037
384,429.56768899547563,348728,81.0,0.0045,0.0037
385,429.56776171111846,347494,82.0,0.0045,0.0037
386,429.56777127907446,346268,83.0,0.0045,0.0037
387,429.56778072688917,345050,84.0,0.0045,0.0037
388,429.56784909429183,343847,85.0,0.0045,0.0037
389,429.5676328868633,342620,86.0,0.0045,0.0037
390,429.56766825028404,341396,87.0,0.0045,0.0037
391,429.5676801594981,340172,88.0,0.0045,0.0037
392,429.56769810384355,338958,89.0,0.0045,0.0037
393,429.56770431913026,337749,90.0,0.0045,0.0037
394,429.56763668378574,336547,91.0,0.0045,0.0037
395,429.567822660741,335357,92.0,0.0045,0.0037
396,429.56781770665094,334171,93.0,0.0045,0.0037
397,429.5678036996259,333000,94.0,0.0045,0.0037
398,429.56772812024803,331835,95.0,0.0045,0.0037
399,429.56762439635764,330651,96.0,0.0045,0.0037
400,429.567744117306,329470,97.0,0.0045,0.0037
401,429.5677431524921,328293,98.0,0.0045,0.0037
402,429.56763516199015,327125,99.0,0.0045,0.0037
403,429.56762891711503,325960,100.0,0.0045,0.0037
404,429.9977645533976,443016,0.0,0.002,0.0037
405,429.56812778568525,440172,1.0,0.002,0.0037
406,429.567887385848,438182,2.0,0.002,0.0037
407,429.5677759023472,436189,3.0,0.002,0.0037
408,429.5678215581765,434191,4.0,0.002,0.0037
409,429.56812682189195,432193,5.0,0.002,0.0037
410,429.5678177966364,430222,6.0,0.002,0.0037
411,429.56802580049543,428245,7.0,0.002,0.0037
412,429.5678095887538,426260,8.0,0.002,0.0037
413,429.5681789134751,424293,9.0,0.002,0.0037
414,429.5678003848069,422314,10.0,0.002,0.0037
415,429.5680491903128,420331,11.0,0.002,0.0037
416,429.5679219379176,418353,12.0,0.002,0.0037
417,429.56786326979375,416376,13.0,0.002,0.0037
418,429.5678352696924,414409,14.0,0.002,0.0037
419,429.5680848943204,412455,15.0,0.002,0.0037
420,429.56787765323384,410484,16.0,0.002,0.0037
421,429.5680984632459,408537,17.0,0.002,0.0037
422,429.5680927159567,406601,18.0,0.002,0.0037
423,429.56807672704656,404656,19.0,0.002,0.0037
424,429.5678643073485,402711,20.0,0.002,0.0037
425,429.56814289385426,400796,21.0,0.002,0.0037
426,429.5679462726306,398879,22.0,0.002,0.0037
427,429.5679763155372,396947,23.0,0.002,0.0037
428,429.5678015877743,395042,24.0,0.002,0.0037
429,429.5677799192791,393153,25.0,0.002,0.0037
430,429.5681150294197,391246,26.0,0.002,0.0037
431,429.5677734597343,389346,27.0,0.002,0.0037
432,429.56781009619533,387482,28.0,0.002,0.0037
433,429.5679618492182,385600,29.0,0.002,0.0037
434,429.5680878544857,383721,30.0,0.002,0.0037
435,429.5677705420853,381864,31.0,0.002,0.0037
436,429.56807185488657,380013,32.0,0.002,0.0037
437,429.5678928293154,378158,33.0,0.002,0.0037
438,429.56804816573253,376313,34.0,0.002,0.0037
439,429.568046159615,374487,35.0,0.002,0.0037
440,429.5680382966821,372658,36.0,0.002,0.0037
441,429.5680804196943,370834,37.0,0.002,0.0037
442,429.5680334719023,369025,38.0,0.002,0.0037
443,429.56804035840577,367222,39.0,0.002,0.0037
444,429.5678293843578,365422,40.0,0.002,0.0037
445,429.5678072366858,363631,41.0,0.002,0.0037
446,429.5678033744872,361852,42.0,0.002,0.0037
447,429.5678627487689,360078,43.0,0.002,0.0037
448,429.56794641644,358311,44.0,0.002,0.0037
449,429.5678003406501,356551,45.0,0.002,0.0037
450,429.5679913602824,354803,46.0,0.002,0.0037
451,429.5679560637095,353059,47.0,0.002,0.0037
452,429.567919240479,351310,48.0,0.002,0.0037
453,429.5681230578923,349569,49.0,0.002,0.0037
454,429.5678196055024,347824,50.0,0.002,0.0037
455,429.5680923357598,346086,51.0,0.002,0.0037
456,429.56798091534307,344372,52.0,0.002,0.0037
457,429.56781878515073,342666,53.0,0.002,0.0037
458,429.568018310094,340958,54.0,0.002,0.0037
459,429.56804087469976,339254,55.0,0.002,0.0037
460,429.56803968551844,337561,56.0,0.002,0.0037
461,429.56794663701805,335874,57.0,0.002,0.0037
462,429.56794760416756,334211,58.0,0.002,0.0037
463,429.5677782857017,332571,59.0,0.002,0.0037
464,429.56801425413767,330916,60.0,0.002,0.0037
465,429.5677677723514,329260,61.0,0.002,0.0037
466,429.5680614638457,327625,62.0,0.002,0.0037
467,429.5681170716274,325994,63.0,0.002,0.0037
468,429.56807567393037,324380,64.0,0.002,0.0037
469,429.5678565148606,322793,65.0,0.002,0.0037
470,429.5678582838661,321182,66.0,0.002,0.0037
471,429.5678662773938,319578,67.0,0.002,0.0037
472,429.5681150633421,317996,68.0,0.002,0.0037
473,429.5679032624715,316417,69.0,0.002,0.0037
474,429.56809579731714,314856,70.0,0.002,0.0037
475,429.56789671788675,313316,71.0,0.002,0.0037
476,429.56790329406516,311752,72.0,0.002,0.0037
477,429.568021008033,310202,73.0,0.002,0.0037
478,429.56811323650663,308670,74.0,0.002,0.0037
479,429.5679520190973,307141,75.0,0.002,0.0037
480,429.56789012316483,305634,76.0,0.002,0.0037
481,429.5678513050269,304135,77.0,0.002,0.0037
482,429.5681076963193,302621,78.0,0.002,0.0037
483,429.5680844604343,301126,79.0,0.002,0.0037
484,429.56803885805317,299640,80.0,0.002,0.0037
485,429.56797509081736,298161,81.0,0.002,0.0037
486,429.5679204296878,296708,82.0,0.002,0.0037
487,429.56799332136774,295247,83.0,0.002,0.0037
488,429.56784992756855,293784,84.0,0.002,0.0037
489,429.5677989302629,292340,85.0,0.002,0.0037
490,429.5677969067342,290898,86.0,0.002,0.0037
491,429.5681061706455,289476,87.0,0.002,0.0037
492,429.568079227549,288068,88.0,0.002,0.0037
493,429.5680293548558,286646,89.0,0.002,0.0037
494,429.5680612016951,285240,90.0,0.002,0.0037
495,429.56813179280516,283837,91.0,0.002,0.0037
496,429.5679704141618,282445,92.0,0.002,0.0037
497,429.5680174060507,281073,93.0,0.002,0.0037
498,429.5678477967503,279703,94.0,0.002,0.0037
499,429.56792677143864,278334,95.0,0.002,0.0037
500,429.5678902775312,276969,96.0,0.002,0.0037
501,429.5679086310854,275612,97.0,0.002,0.0037
502,429.5678446185818,274274,98.0,0.002,0.0037
503,429.56781552422507,272939,99.0,0.002,0.0037
504,429.5681024871771,271620,100.0,0.002,0.0037
505,429.99785706262116,443016,0.0,0.0005,0.0037
506,429.56822067848526,439249,1.0,0.0005,0.0037
507,429.5683530170217,436325,2.0,0.0005,0.0037
508,429.56814864612994,433420,3.0,0.0005,0.0037
509,429.56818542803694,430535,4.0,0.0005,0.0037
510,429.5682658985112,427670,5.0,0.0005,0.0037
511,429.56788640721095,424824,6.0,0.0005,0.0037
512,429.5683522354952,421999,7.0,0.0005,0.0037
513,429.56790085724367,419194,8.0,0.0005,0.0037
514,429.5682994908513,416417,9.0,0.0005,0.0037
515,429.5681671850911,413659,10.0,0.0005,0.0037
516,429.5679265176283,410920,11.0,0.0005,0.0037
517,429.5681699788434,408201,12.0,0.0005,0.0037
518,429.5682014081271,405500,13.0,0.0005,0.0037
519,429.5679116107583,402816,14.0,0.0005,0.0037
520,429.5680269181747,400149,15.0,0.0005,0.0037
521,429.5682462339372,397503,16.0,0.0005,0.0037
522,429.5680645246962,394875,17.0,0.0005,0.0037
523,429.568076209095,392265,18.0,0.0005,0.0037
524,429.56829406653145,389676,19.0,0.0005,0.0037
525,429.56796259609877,387102,20.0,0.0005,0.0037
526,429.5682703289521,384548,21.0,0.0005,0.0037
527,429.56827287126765,382013,22.0,0.0005,0.0037
528,429.56794818613275,379492,23.0,0.0005,0.0037
529,429.5682675153333,376992,24.0,0.0005,0.0037
530,429.568148922659,374509,25.0,0.0005,0.0037
531,429.5683522423606,372042,26.0,0.0005,0.0037
532,429.5682399433578,369594,27.0,0.0005,0.0037
533,429.568154490979,367162,28.0,0.0005,0.0037
534,429.5682874147073,364747,29.0,0.0005,0.0037
535,429.5683277582112,362351,30.0,0.0005,0.0037
536,429.56836763958444,359969,31.0,0.0005,0.0037
537,429.56798160309836,357604,32.0,0.0005,0.0037
538,429.5680562238771,355258,33.0,0.0005,0.0037
539,429.5681622905808,352925,34.0,0.0005,0.0037
540,429.5679600621024,350610,35.0,0.0005,0.0037
541,429.56832141487666,348312,36.0,0.0005,0.0037
542,429.5680899478422,346027,37.0,0.0005,0.0037
543,429.56831586915615,343761,38.0,0.0005,0.0037
544,429.56816328626445,341508,39.0,0.0005,0.0037
545,429.5683672891576,339271,40.0,0.0005,0.0037
546,429.568199692365,337051,41.0,0.0005,0.0037
547,429.5683786470418,334843,42.0,0.0005,0.0037
548,429.5681859633669,332651,43.0,0.0005,0.0037
549,429.56795666360614,330475,44.0,0.0005,0.0037
550,429.56818714232367,328313,45.0,0.0005,0.0037
551,429.5680727485876,326171,46.0,0.0005,0.0037
552,429.56796283998796,324046,47.0,0.0005,0.0037
553,429.5683993034115,321935,48.0,0.0005,0.0037
554,429.5679074779955,319839,49.0,0.0005,0.0037
555,429.5678820176071,317755,50.0,0.0005,0.0037
556,429.5682345213721,315686,51.0,0.0005,0.0037
557,429.5681566443306,313632,52.0,0.0005,0.0037
558,429.56791364875835,311587,53.0,0.0005,0.0037
559,429.5680600609837,309558,54.0,0.0005,0.0037
560,429.5680070182191,307542,55.0,0.0005,0.0037
561,429.56841460886295,305538,56.0,0.0005,0.0037
562,429.5682931729018,303554,57.0,0.0005,0.0037
563,429.5678723307088,301587,58.0,0.0005,0.0037
564,429.5681403972931,299633,59.0,0.0005,0.0037
565,429.56800554490616,297693,60.0,0.0005,0.0037
566,429.5683104121771,295762,61.0,0.0005,0.0037
567,429.5680238159297,293843,62.0,0.0005,0.0037
568,429.5683292315351,291938,63.0,0.0005,0.0037
569,429.5684319735824,290041,64.0,0.0005,0.0037
570,429.5680637654485,288162,65.0,0.0005,0.0037
571,429.5684267985534,286305,66.0,0.0005,0.0037
572,429.56792925086177,284456,67.0,0.0005,0.0037
573,429.56800004567424,282621,68.0,0.0005,0.0037
574,429.5681016066286,280794,69.0,0.0005,0.0037
575,429.5680249208223,278977,70.0,0.0005,0.0037
576,429.5680117885353,277173,71.0,0.0005,0.0037
577,429.5683042566842,275384,72.0,0.0005,0.0037
578,429.5680053286842,273615,73.0,0.0005,0.0037
579,429.56826622089113,271857,74.0,0.0005,0.0037
580,429.5682343833864,270105,75.0,0.0005,0.0037
581,429.56811409547754,268364,76.0,0.0005,0.0037
582,429.5679092792724,266631,77.0,0.0005,0.0037
583,429.56787561462914,264916,78.0,0.0005,0.0037
584,429.5684491565441,263223,79.0,0.0005,0.0037
585,429.56793919013654,261533,80.0,0.0005,0.0037
586,429.5681228228082,259853,81.0,0.0005,0.0037
587,429.56808267930705,258182,82.0,0.0005,0.0037
588,429.5680370690784,256520,83.0,0.0005,0.0037
589,429.5684270366709,254884,84.0,0.0005,0.0037
590,429.56787635979657,253255,85.0,0.0005,0.0037
591,429.567919770206,251632,86.0,0.0005,0.0037
592,429.5680309998516,250018,87.0,0.0005,0.0037
593,429.5681939284413,248414,88.0,0.0005,0.0037
594,429.568220721952,246833,89.0,0.0005,0.0037
595,429.56842281766967,245262,90.0,0.0005,0.0037
596,429.5680039527859,243692,91.0,0.0005,0.0037
597,429.56839251569295,242131,92.0,0.0005,0.0037
598,429.5681811632932,240588,93.0,0.0005,0.0037
599,429.5681673910641,239060,94.0,0.0005,0.0037
600,429.56827337078533,237539,95.0,0.0005,0.0037
601,429.5683743162272,236022,96.0,0.0005,0.0037
602,429.5682772739549,234514,97.0,0.0005,0.0037
603,429.56828184040825,233032,98.0,0.0005,0.0037
604,429.56792725282156,231552,99.0,0.0005,0.0037
605,429.5678720939959,230077,100.0,0.0005,0.0037
606,429.99733284800453,443016,0.0,0.009,0.0037
607,429.5676565839026,444515,1.0,0.009,0.0037
608,429.56771497536283,446653,2.0,0.009,0.0037
609,429.5673711321266,448556,3.0,0.009,0.0037
610,429.5675087631844,450250,4.0,0.009,0.0037
611,429.5676327123458,451740,5.0,0.009,0.0037
612,429.5674522119799,453066,6.0,0.009,0.0037
613,429.56737720137033,454218,7.0,0.009,0.0037
614,429.5675281895329,455251,8.0,0.009,0.0037
615,429.56759481536386,456167,9.0,0.009,0.0037
616,429.5675428852319,456970,10.0,0.009,0.0037
617,429.56747675532245,457664,11.0,0.009,0.0037
618,429.5675745926348,458263,12.0,0.009,0.0037
619,429.56734623224,458772,13.0,0.009,0.0037
620,429.5675404172957,459196,14.0,0.009,0.0037
621,429.56744832636105,459560,15.0,0.009,0.0037
622,429.56747060712695,459836,16.0,0.009,0.0037
623,429.56742996025014,460056,17.0,0.009,0.0037
624,429.56735627009687,460216,18.0,0.009,0.0037
625,429.56736719733385,460332,19.0,0.009,0.0037
626,429.5675475602575,460396,20.0,0.009,0.0037
627,429.56755720324963,460404,21.0,0.009,0.0037
628,429.56739829157704,460358,22.0,0.009,0.0037
629,429.5675401926015,460273,23.0,0.009,0.0037
630,429.567381790358,460151,24.0,0.009,0.0037
631,429.56751757620924,459982,25.0,0.009,0.0037
632,429.5673967757411,459763,26.0,0.009,0.0037
633,429.5674383060863,459501,27.0,0.009,0.0037
634,429.5674746283148,459217,28.0,0.009,0.0037
635,429.56742285881546,458895,29.0,0.009,0.0037
636,429.5674627485955,458536,30.0,0.009,0.0037
637,429.5673488262323,458139,31.0,0.009,0.0037
638,429.56750220267895,457724,32.0,0.009,0.0037
639,429.5674720821922,457281,33.0,0.009,0.0037
640,429.5674441001746,456809,34.0,0.009,0.0037
641,429.5673921064255,456308,35.0,0.009,0.0037
642,429.5674112909082,455786,36.0,0.009,0.0037
643,429.56746666070495,455246,37.0,0.009,0.0037
644,429.5674622573153,454683,38.0,0.009,0.0037
645,429.5673708362868,454097,39.0,0.009,0.0037
646,429.5673531566478,453491,40.0,0.009,0.0037
647,429.56752926175733,452873,41.0,0.009,0.0037
648,429.5675106008965,452236,42.0,0.009,0.0037
649,429.56746533189454,451581,43.0,0.009,0.0037
650,429.56753095081825,450909,44.0,0.009,0.0037
651,429.56748292830446,450228,45.0,0.009,0.0037
652,429.56737201325416,449535,46.0,0.009,0.0037
653,429.56750656388897,448831,47.0,0.009,0.0037
654,429.5674421212662,448114,48.0,0.009,0.0037
655,429.5675291749825,447386,49.0,0.009,0.0037
656,429.56751133387445,446646,50.0,0.009,0.0037
657,429.5673420192099,445894,51.0,0.009,0.0037
658,429.56740594328625,445132,52.0,0.009,0.0037
659,429.56745854150745,444360,53.0,0.009,0.0037
660,429.56749958021163,443582,54.0,0.009,0.0037
661,429.5673975900415,442794,55.0,0.009,0.0037
662,429.56744556801743,441999,56.0,0.009,0.0037
663,429.5674175700197,441196,57.0,0.009,0.0037
664,429.5674337151876,440386,58.0,0.009,0.0037
665,429.5674647670905,439569,59.0,0.009,0.0037
666,429.56752317839425,438745,60.0,0.009,0.0037
667,429.567436942083,437913,61.0,0.009,0.0037
668,429.5675239695759,437077,62.0,0.009,0.0037
669,429.5674724622352,436237,63.0,0.009,0.0037
670,429.5674590173764,435393,64.0,0.009,0.0037
671,429.5674797604457,434545,65.0,0.009,0.0037
672,429.5673413536345,433692,66.0,0.009,0.0037
673,429.5674624395218,432836,67.0,0.009,0.0037
674,429.5675026504375,431975,68.0,0.009,0.0037
675,429.5674637704094,431111,69.0,0.009,0.0037
676,429.56738410204855,430245,70.0,0.009,0.0037
677,429.5675114708108,429377,71.0,0.009,0.0037
678,429.56736360080674,428505,72.0,0.009,0.0037
679,429.56734669550804,427631,73.0,0.009,0.0037
680,429.5675128753432,426755,74.0,0.009,0.0037
681,429.56748553089074,425877,75.0,0.009,0.0037
682,429.56737102642376,424998,76.0,0.009,0.0037
683,429.5675118594184,424120,77.0,0.009,0.0037
684,429.56736253001134,423240,78.0,0.009,0.0037
685,429.5673549100764,422359,79.0,0.009,0.0037
686,429.567369876732,421474,80.0,0.009,0.0037
687,429.5673703438503,420589,81.0,0.009,0.0037
688,429.56734313829406,419704,82.0,0.009,0.0037
689,429.56746840251594,418820,83.0,0.009,0.0037
690,429.56743111834277,417935,84.0,0.009,0.0037
691,429.5674518876659,417050,85.0,0.009,0.0037
692,429.5673899297201,416166,86.0,0.009,0.0037
693,429.5673645654641,415284,87.0,0.009,0.0037
694,429.5674186944441,414401,88.0,0.009,0.0037
695,429.5674724988384,413516,89.0,0.009,0.0037
696,429.5673863728451,412630,90.0,0.009,0.0037
697,429.5674604128409,411746,91.0,0.009,0.0037
698,429.56739534446103,410863,92.0,0.009,0.0037
699,429.5673806843017,409982,93.0,0.009,0.0037
700,429.5674069214588,409103,94.0,0.009,0.0037
701,429.56735599402805,408225,95.0,0.009,0.0037
702,429.5674383992083,407350,96.0,0.009,0.0037
703,429.56734006622105,406471,97.0,0.009,0.0037
704,429.567417796513,405594,98.0,0.009,0.0037
705,429.56739210019595,404718,99.0,0.009,0.0037
706,429.56750509118103,403844,100.0,0.009,0.0037
707,429.99754869970747,443016,0.0,0.0055,0.0037
708,429.5678124374625,442353,1.0,0.0055,0.0037
709,429.56771706329965,442458,2.0,0.0055,0.0037
710,429.5677138730316,442497,3.0,0.0055,0.0037
711,429.5679170281406,442459,4.0,0.0055,0.0037
712,429.5677244470794,442337,5.0,0.0055,0.0037
713,429.567724895768,442140,6.0,0.0055,0.0037
714,429.56763682305643,441872,7.0,0.0055,0.0037
715,429.5676969391176,441538,8.0,0.0055,0.0037
716,429.56786768893494,441140,9.0,0.0055,0.0037
717,429.56775238580946,440687,10.0,0.0055,0.0037
718,429.567797048307,440185,11.0,0.0055,0.0037
719,429.5677261628852,439638,12.0,0.0055,0.0037
720,429.56764877879664,439046,13.0,0.0055,0.0037
721,429.5675536263629,438413,14.0,0.0055,0.0037
722,429.56779775479373,437741,15.0,0.0055,0.0037
723,429.5676369125063,437033,16.0,0.0055,0.0037
724,429.56782441923514,436294,17.0,0.0055,0.0037
725,429.5678480788791,435532,18.0,0.0055,0.0037
726,429.56779435421294,434742,19.0,0.0055,0.0037
727,429.5678326190185,433923,20.0,0.0055,0.0037
728,429.5677908513998,433074,21.0,0.0055,0.0037
729,429.5677161345754,432202,22.0,0.0055,0.0037
730,429.5676484653651,431318,23.0,0.0055,0.0037
731,429.5676498375346,430411,24.0,0.0055,0.0037
732,429.5677628031424,429480,25.0,0.0055,0.0037
733,429.5675928578048,428530,26.0,0.0055,0.0037
734,429.5676130721189,427575,27.0,0.0055,0.0037
735,429.5678065522852,426600,28.0,0.0055,0.0037
736,429.56765339399584,425603,29.0,0.0055,0.0037
737,429.5675611737619,424598,30.0,0.0055,0.0037
738,429.56780953034166,423589,31.0,0.0055,0.0037
739,429.56779691019403,422558,32.0,0.0055,0.0037
740,429.5675616251303,421512,33.0,0.0055,0.0037
741,429.5676769626893,420468,34.0,0.0055,0.0037
742,429.56766350932446,419412,35.0,0.0055,0.0037
743,429.5677196550409,418337,36.0,0.0055,0.0037
744,429.5677494829982,417262,37.0,0.0055,0.0037
745,429.56777508210666,416182,38.0,0.0055,0.0037
746,429.5675820066959,415086,39.0,0.0055,0.0037
747,429.5677422996911,413987,40.0,0.0055,0.0037
748,429.56770324086096,412885,41.0,0.0055,0.0037
749,429.56762336271754,411771,42.0,0.0055,0.0037
750,429.5675620601174,410653,43.0,0.0055,0.0037
751,429.56759857869895,409528,44.0,0.0055,0.0037
752,429.5676186413221,408389,45.0,0.0055,0.0037
753,429.56765612533684,407249,46.0,0.0055,0.0037
754,429.5676227327702,406108,47.0,0.0055,0.0037
755,429.5677245931304,404957,48.0,0.0055,0.0037
756,429.56770507791157,403809,49.0,0.0055,0.0037
757,429.56756664628944,402662,50.0,0.0055,0.0037
758,429.56770014547453,401499,51.0,0.0055,0.0037
759,429.5675580107682,400334,52.0,0.0055,0.0037
760,429.56758422181156,399168,53.0,0.0055,0.0037
761,429.5676890077635,397996,54.0,0.0055,0.0037
762,429.5676088200542,396831,55.0,0.0055,0.0037
763,429.5676733955159,395666,56.0,0.0055,0.0037
764,429.5677762179892,394501,57.0,0.0055,0.0037
765,429.56765590370674,393346,58.0,0.0055,0.0037
766,429.56770553056936,392171,59.0,0.0055,0.0037
767,429.5675858250764,390992,60.0,0.0055,0.0037
768,429.5676191804555,389819,61.0,0.0055,0.0037
769,429.56775304585034,388642,62.0,0.0055,0.0037
770,429.5677182102318,387471,63.0,0.0055,0.0037
771,429.56759664907776,386305,64.0,0.0055,0.0037
772,429.5676243596309,385139,65.0,0.0055,0.0037
773,429.56768729427995,383984,66.0,0.0055,0.0037
774,429.5677318743863,382810,67.0,0.0055,0.0037
775,429.5676914077163,381634,68.0,0.0055,0.0037
776,429.5677481746392,380466,69.0,0.0055,0.0037
777,429.5676149953347,379296,70.0,0.0055,0.0037
778,429.56768211346525,378132,71.0,0.0055,0.0037
779,429.56774748640595,376976,72.0,0.0055,0.0037
780,429.567685397653,375820,73.0,0.0055,0.0037
781,429.5675722249161,374670,74.0,0.0055,0.0037
782,429.56760452254446,373509,75.0,0.0055,0.0037
783,429.567571940433,372346,76.0,0.0055,0.0037
784,429.56774876324744,371192,77.0,0.0055,0.0037
785,429.5675620122729,370038,78.0,0.0055,0.0037
786,429.5676572567356,368889,79.0,0.0055,0.0037
787,429.5677016179266,367749,80.0,0.0055,0.0037
788,429.56769149557266,366611,81.0,0.0055,0.0037
789,429.5675724022046,365474,82.0,0.0055,0.0037
790,429.56758871809797,364332,83.0,0.0055,0.0037
791,429.56758527737634,363189,84.0,0.0055,0.0037
792,429.56769833753236,362054,85.0,0.0055,0.0037
793,429.56777357896345,360923,86.0,0.0055,0.0037
794,429.5677389025354,359794,87.0,0.0055,0.0037
795,429.567756923166,358675,88.0,0.0055,0.0037
796,429.56776444984615,357560,89.0,0.0055,0.0037
797,429.5675695990784,356441,90.0,0.0055,0.0037
798,429.56772000015604,355323,91.0,0.0055,0.0037
799,429.5675846449014,354204,92.0,0.0055,0.0037
800,429.5675925252707,353092,93.0,0.0055,0.0037
801,429.5675702154316,351986,94.0,0.0055,0.0037
802,429.56774221775413,350883,95.0,0.0055,0.0037
803,429.56768033371,349788,96.0,0.0055,0.0037
804,429.5677182146697,348700,97.0,0.0055,0.0037
805,429.5676792213931,347604,98.0,0.0055,0.0037
806,429.5675718116314,346511,99.0,0.0055,0.0037
807,429.5675527621496,345421,100.0,0.0055,0.0037
808,429.9976720444359,443016,0.0,0.0035,0.0037
809,429.5678940786315,441120,1.0,0.0035,0.0037
810,429.567725317276,440018,2.0,0.0035,0.0037
811,429.56806061832543,438924,3.0,0.0035,0.0037
812,429.56783335114926,437788,4.0,0.0035,0.0037
813,429.56810830252925,436626,5.0,0.0035,0.0037
814,429.5678275629504,435455,6.0,0.0035,0.0037
815,429.56803895395404,434242,7.0,0.0035,0.0037
816,429.56790887858546,433025,8.0,0.0035,0.0037
817,429.5678046595122,431775,9.0,0.0035,0.0037
818,429.56779736644603,430506,10.0,0.0035,0.0037
819,429.5679568924836,429216,11.0,0.0035,0.0037
820,429.5679971077697,427890,12.0,0.0035,0.0037
821,429.56783249394726,426570,13.0,0.0035,0.0037
822,429.567867401142,425207,14.0,0.0035,0.0037
823,429.56796943586176,423853,15.0,0.0035,0.0037
824,429.5678454606685,422473,16.0,0.0035,0.0037
825,429.5677922959486,421097,17.0,0.0035,0.0037
826,429.56793150553756,419690,18.0,0.0035,0.0037
827,429.56799716455055,418295,19.0,0.0035,0.0037
828,429.5678744249205,416878,20.0,0.0035,0.0037
829,429.56772525131686,415457,21.0,0.0035,0.0037
830,429.5678514522769,414027,22.0,0.0035,0.0037
831,429.5679195206144,412600,23.0,0.0035,0.0037
832,429.5677605193608,411152,24.0,0.0035,0.0037
833,429.5679016345303,409712,25.0,0.0035,0.0037
834,429.5679510901175,408263,26.0,0.0035,0.0037
835,429.5676950949464,406809,27.0,0.0035,0.0037
836,429.5676901470392,405348,28.0,0.0035,0.0037
837,429.5679301723083,403898,29.0,0.0035,0.0037
838,429.56768458671223,402426,30.0,0.0035,0.0037
839,429.5676953235372,400967,31.0,0.0035,0.0037
840,429.5678604170922,399499,32.0,0.0035,0.0037
841,429.56786517221565,398024,33.0,0.0035,0.0037
842,429.56777461668884,396530,34.0,0.0035,0.0037
843,429.56782439530787,395050,35.0,0.0035,0.0037
844,429.56772072384257,393555,36.0,0.0035,0.0037
845,429.5678320293781,392080,37.0,0.0035,0.0037
846,429.5679617701529,390597,38.0,0.0035,0.0037
847,429.5678220677284,389109,39.0,0.0035,0.0037
848,429.5677754426272,387607,40.0,0.0035,0.0037
849,429.567709604556,386120,41.0,0.0035,0.0037
850,429.5679421481806,384633,42.0,0.0035,0.0037
851,429.567708407744,383160,43.0,0.0035,0.0037
852,429.5676899486101,381697,44.0,0.0035,0.0037
853,429.56789941303765,380223,45.0,0.0035,0.0037
854,429.56789832441285,378740,46.0,0.0035,0.0037
855,429.5676947924131,377257,47.0,0.0035,0.0037
856,429.56785078359354,375791,48.0,0.0035,0.0037
857,429.56790852373746,374325,49.0,0.0035,0.0037
858,429.56774020374576,372882,50.0,0.0035,0.0037
859,429.5678766699929,371427,51.0,0.0035,0.0037
860,429.5676884242746,369968,52.0,0.0035,0.0037
861,429.5678572221147,368504,53.0,0.0035,0.0037
862,429.5679157200036,367059,54.0,0.0035,0.0037
863,429.5676851785742,365612,55.0,0.0035,0.0037
864,429.56768153515765,364187,56.0,0.0035,0.0037
865,429.5679248841162,362762,57.0,0.0035,0.0037
866,429.5679071366213,361325,58.0,0.0035,0.0037
867,429.5677410424168,359888,59.0,0.0035,0.0037
868,429.5679191598636,358463,60.0,0.0035,0.0037
869,429.5678937530287,357045,61.0,0.0035,0.0037
870,429.5677483912088,355637,62.0,0.0035,0.0037
871,429.56774160083796,354244,63.0,0.0035,0.0037
872,429.5677219962864,352830,64.0,0.0035,0.0037
873,429.5677734219075,351426,65.0,0.0035,0.0037
874,429.56789907099244,350023,66.0,0.0035,0.0037
875,429.567944817806,348636,67.0,0.0035,0.0037
876,429.56777372433925,347250,68.0,0.0035,0.0037
877,429.5677575109244,345885,69.0,0.0035,0.0037
878,429.56768302326736,344503,70.0,0.0035,0.0037
879,429.56772552395125,343130,71.0,0.0035,0.0037
880,429.5678854184764,341755,72.0,0.0035,0.0037
881,429.5678922345124,340397,73.0,0.0035,0.0037
882,429.567819137015,339039,74.0,0.0035,0.0037
883,429.5677746609778,337701,75.0,0.0035,0.0037
884,429.56776759656884,336354,76.0,0.0035,0.0037
885,429.5677342863255,335011,77.0,0.0035,0.0037
886,429.567895504978,333667,78.0,0.0035,0.0037
887,429.5677782754938,332338,79.0,0.0035,0.0037
888,429.5679362471321,331011,80.0,0.0035,0.0037
889,429.5678473630957,329701,81.0,0.0035,0.0037
890,429.5678201398983,328389,82.0,0.0035,0.0037
891,429.56775693689247,327077,83.0,0.0035,0.0037
892,429.56788221544696,325765,84.0,0.0035,0.0037
893,429.5678838930644,324467,85.0,0.0035,0.0037
894,429.56769935232916,323170,86.0,0.0035,0.0037
895,429.56769947774734,321890,87.0,0.0035,0.0037
896,429.5677874473549,320613,88.0,0.0035,0.0037
897,429.5679383840756,319334,89.0,0.0035,0.0037
898,429.56769522210703,318053,90.0,0.0035,0.0037
899,429.56773737582944,316787,91.0,0.0035,0.0037
900,429.56770053144874,315522,92.0,0.0035,0.0037
901,429.5677007570927,314273,93.0,0.0035,0.0037
902,429.5677078475702,313027,94.0,0.0035,0.0037
903,429.5676830716037,311783,95.0,0.0035,0.0037
904,429.5678079805976,310536,96.0,0.0035,0.0037
905,429.56777876400355,309302,97.0,0.0035,0.0037
906,429.56772218841286,308069,98.0,0.0035,0.0037
907,429.5679322912178,306852,99.0,0.0035,0.0037
908,429.5678340065282,305637,100.0,0.0035,0.0037
909,429.9974561915867,443016,0.0,0.007,0.0037
910,429.5674973045722,443282,1.0,0.007,0.0037
911,429.5677686084371,444278,2.0,0.007,0.0037
912,429.56758341266925,445130,3.0,0.007,0.0037
913,429.5674633532953,445859,4.0,0.007,0.0037
914,429.5678169076841,446455,5.0,0.007,0.0037
915,429.56773946472435,446936,6.0,0.007,0.0037
916,429.56751999137185,447310,7.0,0.007,0.0037
917,429.56762857601103,447585,8.0,0.007,0.0037
918,429.5676577019831,447761,9.0,0.007,0.0037
919,429.5676546337448,447854,10.0,0.007,0.0037
920,429.5677173835669,447883,11.0,0.007,0.0037
921,429.56747325762467,447851,12.0,0.007,0.0037
922,429.5676186165959,447764,13.0,0.007,0.0037
923,429.5676838778154,447614,14.0,0.007,0.0037
924,429.56771093390205,447414,15.0,0.007,0.0037
925,429.56749516162074,447163,16.0,0.007,0.0037
926,429.56759698253495,446858,17.0,0.007,0.0037
927,429.5675842057269,446515,18.0,0.007,0.0037
928,429.56765867766677,446132,19.0,0.007,0.0037
929,429.56746729556113,445704,20.0,0.007,0.0037
930,429.56768752601124,445247,21.0,0.007,0.0037
931,429.5674770931698,444754,22.0,0.007,0.0037
932,429.5676993850848,444227,23.0,0.007,0.0037
933,429.5676916699998,443673,24.0,0.007,0.0037
934,429.56764932499345,443090,25.0,0.007,0.0037
935,429.5676480839043,442480,26.0,0.007,0.0037
936,429.5675753897752,441852,27.0,0.007,0.0037
937,429.56758123972844,441202,28.0,0.007,0.0037
938,429.5675620940432,440529,29.0,0.007,0.0037
939,429.5675819920191,439833,30.0,0.007,0.0037
940,429.5675748187981,439114,31.0,0.007,0.0037
941,429.5675145422072,438373,32.0,0.007,0.0037
942,429.56761266124255,437616,33.0,0.007,0.0037
943,429.56764886639615,436843,34.0,0.007,0.0037
944,429.56753779510984,436054,35.0,0.007,0.0037
945,429.56746186237035,435249,36.0,0.007,0.0037
946,429.5676678949332,434428,37.0,0.007,0.0037
947,429.5675298224506,433589,38.0,0.007,0.0037
948,429.5676240370453,432738,39.0,0.007,0.0037
949,429.5676626853483,431877,40.0,0.007,0.0037
950,429.56752302191796,431005,41.0,0.007,0.0037
951,429.5676729231294,430122,42.0,0.007,0.0037
952,429.56763335228817,429225,43.0,0.007,0.0037
953,429.56757251536783,428317,44.0,0.007,0.0037
954,429.56746362118275,427402,45.0,0.007,0.0037
955,429.5676601149648,426481,46.0,0.007,0.0037
956,429.56760996366626,425549,47.0,0.007,0.0037
957,429.5674632470429,424606,48.0,0.007,0.0037
958,429.5675607462757,423660,49.0,0.007,0.0037
959,429.56746056925203,422708,50.0,0.007,0.0037
960,429.56764656309747,421749,51.0,0.007,0.0037
961,429.56766062125257,420780,52.0,0.007,0.0037
962,429.5676268509589,419806,53.0,0.007,0.0037
963,429.56761917482055,418831,54.0,0.007,0.0037
964,429.5676477674391,417853,55.0,0.007,0.0037
965,429.5676565129135,416865,56.0,0.007,0.0037
966,429.56760287609507,415871,57.0,0.007,0.0037
967,429.5676096389786,414877,58.0,0.007,0.0037
968,429.5675098541769,413880,59.0,0.007,0.0037
969,429.56750917178164,412878,60.0,0.007,0.0037
970,429.56754511406535,411875,61.0,0.007,0.0037
971,429.5676199164853,410869,62.0,0.007,0.0037
972,429.56751808457744,409859,63.0,0.007,0.0037
973,429.5676446556003,408845,64.0,0.007,0.0037
974,429.56751539993604,407830,65.0,0.007,0.0037
975,429.56766070821413,406818,66.0,0.007,0.0037
976,429.56752344373234,405804,67.0,0.007,0.0037
977,429.56756349370033,404782,68.0,0.007,0.0037
978,429.5675159609069,403761,69.0,0.007,0.0037
979,429.56765630715375,402742,70.0,0.007,0.0037
980,429.56753352662,401720,71.0,0.007,0.0037
981,429.56756648952756,400698,72.0,0.007,0.0037
982,429.56746063943115,399678,73.0,0.007,0.0037
983,429.5674909176353,398652,74.0,0.007,0.0037
984,429.56765705148536,397623,75.0,0.007,0.0037
985,429.5675654246297,396593,76.0,0.007,0.0037
986,429.5675095014124,395565,77.0,0.007,0.0037
987,429.5674982027701,394537,78.0,0.007,0.0037
988,429.567588910724,393508,79.0,0.007,0.0037
989,429.56759294482646,392482,80.0,0.007,0.0037
990,429.5676112088504,391459,81.0,0.007,0.0037
991,429.56754718888055,390436,82.0,0.007,0.0037
992,429.5674713331013,389414,83.0,0.007,0.0037
993,429.5676064654272,388387,84.0,0.007,0.0037
994,429.5675247281327,387360,85.0,0.007,0.0037
995,429.56757322395134,386333,86.0,0.007,0.0037
996,429.5674997670682,385309,87.0,0.007,0.0037
997,429.5675089177823,384289,88.0,0.007,0.0037
998,429.5675924816324,383271,89.0,0.007,0.0037
999,429.5675190695474,382255,90.0,0.007,0.0037
1000,429.5675100484071,381245,91.0,0.007,0.0037
1001,429.5675740776811,380240,92.0,0.007,0.0037
1002,429.56748667054063,379235,93.0,0.007,0.0037
1003,429.5676288027402,378222,94.0,0.007,0.0037
1004,429.5675381883177,377211,95.0,0.007,0.0037
1005,429.5675149893524,376202,96.0,0.007,0.0037
1006,429.56765617440163,375196,97.0,0.007,0.0037
1007,429.5676080250501,374194,98.0,0.007,0.0037
1008,429.5675701380861,373196,99.0,0.007,0.0037
1009,429.5676030502278,372201,100.0,0.007,0.0037
1010,429.9974870275859,443016,0.0,0.0065,0.0037
1011,429.5678078489038,442968,1.0,0.0065,0.0037
1012,429.56793008184195,443680,2.0,0.0065,0.0037
1013,429.5678138936608,444265,3.0,0.0065,0.0037
1014,429.5675197490261,444727,4.0,0.0065,0.0037
1015,429.56773851679776,445100,5.0,0.0065,0.0037
1016,429.5677971571359,445362,6.0,0.0065,0.0037
1017,429.5677913842279,445529,7.0,0.0065,0.0037
1018,429.5675214941787,445597,8.0,0.0065,0.0037
1019,429.5675462996199,445587,9.0,0.0065,0.0037
1020,429.56758342188806,445507,10.0,0.0065,0.0037
1021,429.56772545971154,445360,11.0,0.0065,0.0037
1022,429.5677945540125,445156,12.0,0.0065,0.0037
1023,429.56755552969855,444897,13.0,0.0065,0.0037
1024,429.56774267340126,444594,14.0,0.0065,0.0037
1025,429.5675010193154,444239,15.0,0.0065,0.0037
1026,429.5676960647235,443840,16.0,0.0065,0.0037
1027,429.56768581899786,443403,17.0,0.0065,0.0037
1028,429.5676077224124,442923,18.0,0.0065,0.0037
1029,429.5677286121833,442404,19.0,0.0065,0.0037
1030,429.56772960875026,441858,20.0,0.0065,0.0037
1031,429.56760238791946,441277,21.0,0.0065,0.0037
1032,429.56759584978,440662,22.0,0.0065,0.0037
1033,429.5676825214362,440023,23.0,0.0065,0.0037
1034,429.5675093134103,439354,24.0,0.0065,0.0037
1035,429.5677315049784,438658,25.0,0.0065,0.0037
1036,429.5675693125929,437939,26.0,0.0065,0.0037
1037,429.5676423531963,437203,27.0,0.0065,0.0037
1038,429.56762491233854,436447,28.0,0.0065,0.0037
1039,429.5677162999255,435671,29.0,0.0065,0.0037
1040,429.56771092553316,434874,30.0,0.0065,0.0037
1041,429.56765922009,434056,31.0,0.0065,0.0037
1042,429.56760449026876,433223,32.0,0.0065,0.0037
1043,429.56768529105307,432379,33.0,0.0065,0.0037
1044,429.56769084646146,431520,34.0,0.0065,0.0037
1045,429.56758937578513,430643,35.0,0.0065,0.0037
1046,429.5675305015906,429749,36.0,0.0065,0.0037
1047,429.56752076201724,428845,37.0,0.0065,0.0037
1048,429.5676279742094,427934,38.0,0.0065,0.0037
1049,429.5676343905683,427008,39.0,0.0065,0.0037
1050,429.56768207174485,426067,40.0,0.0065,0.0037
1051,429.56751531563214,425114,41.0,0.0065,0.0037
1052,429.5676262697424,424158,42.0,0.0065,0.0037
1053,429.5675580032792,423194,43.0,0.0065,0.0037
1054,429.5676392801088,422220,44.0,0.0065,0.0037
1055,429.5675970740403,421234,45.0,0.0065,0.0037
1056,429.5676689697978,420243,46.0,0.0065,0.0037
1057,429.5675129566341,419245,47.0,0.0065,0.0037
1058,429.56760663418106,418238,48.0,0.0065,0.0037
1059,429.5675142692419,417225,49.0,0.0065,0.0037
1060,429.567667445014,416214,50.0,0.0065,0.0037
1061,429.5675109333052,415197,51.0,0.0065,0.0037
1062,429.56750176092777,414165,52.0,0.0065,0.0037
1063,429.5676591033713,413132,53.0,0.0065,0.0037
1064,429.56766926260906,412098,54.0,0.0065,0.0037
1065,429.5675150682429,411058,55.0,0.0065,0.0037
1066,429.5676989668717,410015,56.0,0.0065,0.0037
1067,429.5675545722883,408974,57.0,0.0065,0.0037
1068,429.56759732776885,407927,58.0,0.0065,0.0037
1069,429.5676685801623,406871,59.0,0.0065,0.0037
1070,429.5675354414556,405814,60.0,0.0065,0.0037
1071,429.567641773417,404760,61.0,0.0065,0.0037
1072,429.5676693745014,403703,62.0,0.0065,0.0037
1073,429.5676431322124,402644,63.0,0.0065,0.0037
1074,429.5676466879299,401587,64.0,0.0065,0.0037
1075,429.56752987743386,400523,65.0,0.0065,0.0037
1076,429.56753649331876,399455,66.0,0.0065,0.0037
1077,429.5675896295074,398390,67.0,0.0065,0.0037
1078,429.56752591571006,397327,68.0,0.0065,0.0037
1079,429.5676521791539,396263,69.0,0.0065,0.0037
1080,429.5674911566797,395200,70.0,0.0065,0.0037
1081,429.5675214293713,394134,71.0,0.0065,0.0037
1082,429.5675126881776,393066,72.0,0.0065,0.0037
1083,429.56758413619747,391997,73.0,0.0065,0.0037
1084,429.56752267217405,390932,74.0,0.0065,0.0037
1085,429.56763436929947,389870,75.0,0.0065,0.0037
1086,429.5676558291605,388807,76.0,0.0065,0.0037
1087,429.5674906435453,387744,77.0,0.0065,0.0037
1088,429.56762856527996,386681,78.0,0.0065,0.0037
1089,429.5676896131195,385616,79.0,0.0065,0.0037
1090,429.56752001419676,384553,80.0,0.0065,0.0037
1091,429.5676722839046,383496,81.0,0.0065,0.0037
1092,429.5675496413699,382439,82.0,0.0065,0.0037
1093,429.567559818262,381384,83.0,0.0065,0.0037
1094,429.5676365869729,380324,84.0,0.0065,0.0037
1095,429.56767807157155,379264,85.0,0.0065,0.0037
1096,429.5674917867302,378202,86.0,0.0065,0.0037
1097,429.56768296461485,377146,87.0,0.0065,0.0037
1098,429.56757972144356,376091,88.0,0.0065,0.0037
1099,429.5676690656919,375037,89.0,0.0065,0.0037
1100,429.5675709807096,373987,90.0,0.0065,0.0037
1101,429.5675390998843,372942,91.0,0.0065,0.0037
1102,429.567549223264,371899,92.0,0.0065,0.0037
1103,429.56759599442773,370860,93.0,0.0065,0.0037
1104,429.56762260860296,369814,94.0,0.0065,0.0037
1105,429.5676762609727,368769,95.0,0.0065,0.0037
1106,429.567601854829,367726,96.0,0.0065,0.0037
1107,429.56750818657093,366688,97.0,0.0065,0.0037
1108,429.56757277282907,365654,98.0,0.0065,0.0037
1109,429.5674928277356,364622,99.0,0.0065,0.0037
1110,429.56749793477917,363597,100.0,0.0065,0.0037
1111,429.9977028807175,443016,0.0,0.003,0.0037
1112,429.5681312415993,440806,1.0,0.003,0.0037
1113,429.56808423954374,439416,2.0,0.003,0.0037
1114,429.56784514326716,438013,3.0,0.003,0.0037
1115,429.5681090322048,436598,4.0,0.003,0.0037
1116,429.56782499392074,435166,5.0,0.003,0.0037
1117,429.568043433167,433726,6.0,0.003,0.0037
1118,429.56811130592473,432273,7.0,0.003,0.0037
1119,429.56801458924775,430805,8.0,0.003,0.0037
1120,429.56796142311566,429325,9.0,0.003,0.0037
1121,429.5679101042722,427820,10.0,0.003,0.0037
1122,429.567840968676,426296,11.0,0.003,0.0037
1123,429.5677631830712,424781,12.0,0.003,0.0037
1124,429.56806856383906,423224,13.0,0.003,0.0037
1125,429.5680276618788,421685,14.0,0.003,0.0037
1126,429.56781627584274,420130,15.0,0.003,0.0037
1127,429.5677476243101,418579,16.0,0.003,0.0037
1128,429.5679841957988,417002,17.0,0.003,0.0037
1129,429.56805145976483,415445,18.0,0.003,0.0037
1130,429.56793564423765,413871,19.0,0.003,0.0037
1131,429.56805351909577,412287,20.0,0.003,0.0037
1132,429.5678344850972,410713,21.0,0.003,0.0037
1133,429.56780629069414,409126,22.0,0.003,0.0037
1134,429.5678539199014,407545,23.0,0.003,0.0037
1135,429.56804414263223,405950,24.0,0.003,0.0037
1136,429.567894071012,404376,25.0,0.003,0.0037
1137,429.5680286478883,402778,26.0,0.003,0.0037
1138,429.5677378551149,401186,27.0,0.003,0.0037
1139,429.5677230382736,399607,28.0,0.003,0.0037
1140,429.5679323922721,398004,29.0,0.003,0.0037
1141,429.5678218559139,396421,30.0,0.003,0.0037
1142,429.56800347587136,394830,31.0,0.003,0.0037
1143,429.5679030003272,393246,32.0,0.003,0.0037
1144,429.56795187737845,391655,33.0,0.003,0.0037
1145,429.5677744138387,390070,34.0,0.003,0.0037
1146,429.56796780386156,388493,35.0,0.003,0.0037
1147,429.56778822079656,386900,36.0,0.003,0.0037
1148,429.56792820227406,385331,37.0,0.003,0.0037
1149,429.5680137169437,383748,38.0,0.003,0.0037
1150,429.5678774156742,382159,39.0,0.003,0.0037
1151,429.5678888572146,380569,40.0,0.003,0.0037
1152,429.5677587464243,378974,41.0,0.003,0.0037
1153,429.56795982134713,377399,42.0,0.003,0.0037
1154,429.56776057285686,375817,43.0,0.003,0.0037
1155,429.5679645603418,374259,44.0,0.003,0.0037
1156,429.56799091363683,372672,45.0,0.003,0.0037
1157,429.5680106956593,371088,46.0,0.003,0.0037
1158,429.5678352727946,369521,47.0,0.003,0.0037
1159,429.5679872786133,367953,48.0,0.003,0.0037
1160,429.5678052524578,366410,49.0,0.003,0.0037
1161,429.5677681908281,364874,50.0,0.003,0.0037
1162,429.56796170778097,363332,51.0,0.003,0.0037
1163,429.5678050237149,361782,52.0,0.003,0.0037
1164,429.5679288104451,360232,53.0,0.003,0.0037
1165,429.56774217821027,358704,54.0,0.003,0.0037
1166,429.56790846254086,357178,55.0,0.003,0.0037
1167,429.56778649101483,355674,56.0,0.003,0.0037
1168,429.5679727197003,354176,57.0,0.003,0.0037
1169,429.5677463652873,352653,58.0,0.003,0.0037
1170,429.56794318459924,351147,59.0,0.003,0.0037
1171,429.5679625083203,349639,60.0,0.003,0.0037
1172,429.5679772594809,348154,61.0,0.003,0.0037
1173,429.5678436313917,346672,62.0,0.003,0.0037
1174,429.56797752012955,345212,63.0,0.003,0.0037
1175,429.5679190744582,343735,64.0,0.003,0.0037
1176,429.5678607029079,342255,65.0,0.003,0.0037
1177,429.5679144211626,340792,66.0,0.003,0.0037
1178,429.56793142689907,339329,67.0,0.003,0.0037
1179,429.56776639021894,337888,68.0,0.003,0.0037
1180,429.56792151580174,336452,69.0,0.003,0.0037
1181,429.56799213163623,335025,70.0,0.003,0.0037
1182,429.5677874165805,333583,71.0,0.003,0.0037
1183,429.56771649619566,332149,72.0,0.003,0.0037
1184,429.5679752384818,330730,73.0,0.003,0.0037
1185,429.5678693954044,329313,74.0,0.003,0.0037
1186,429.5678368527677,327918,75.0,0.003,0.0037
1187,429.5679594786941,326527,76.0,0.003,0.0037
1188,429.56778515619936,325128,77.0,0.003,0.0037
1189,429.5679148337224,323729,78.0,0.003,0.0037
1190,429.56783705675724,322344,79.0,0.003,0.0037
1191,429.5679764338443,320966,80.0,0.003,0.0037
1192,429.56794924388186,319599,81.0,0.003,0.0037
1193,429.5677164172296,318246,82.0,0.003,0.0037
1194,429.56784463271094,316887,83.0,0.003,0.0037
1195,429.56781607990763,315532,84.0,0.003,0.0037
1196,429.56784006062514,314177,85.0,0.003,0.0037
1197,429.5679368376772,312840,86.0,0.003,0.0037
1198,429.5679124290378,311504,87.0,0.003,0.0037
1199,429.56800365608564,310188,88.0,0.003,0.0037
1200,429.5677594343703,308871,89.0,0.003,0.0037
1201,429.5678354845165,307553,90.0,0.003,0.0037
1202,429.567743495339,306236,91.0,0.003,0.0037
1203,429.5677676419659,304932,92.0,0.003,0.0037
1204,429.5679292368684,303635,93.0,0.003,0.0037
1205,429.56789875290457,302349,94.0,0.003,0.0037
1206,429.567742795703,301074,95.0,0.003,0.0037
1207,429.56785073287625,299793,96.0,0.003,0.0037
1208,429.56779013544207,298517,97.0,0.003,0.0037
1209,429.56800234444694,297246,98.0,0.003,0.0037
1210,429.56787773687176,295987,99.0,0.003,0.0037
1211,429.56793366583065,294733,100.0,0.003,0.0037
1212,429.99773371703816,443016,0.0,0.0025,0.0037
1213,429.5679338693947,440488,1.0,0.0025,0.0037
1214,429.5680255446542,438804,2.0,0.0025,0.0037
1215,429.56822017500525,437095,3.0,0.0025,0.0037
1216,429.5677994949682,435400,4.0,0.0025,0.0037
1217,429.5679716866338,433692,5.0,0.0025,0.0037
1218,429.5680305699812,431973,6.0,0.0025,0.0037
1219,429.5678997211948,430274,7.0,0.0025,0.0037
1220,429.5678999475172,428550,8.0,0.0025,0.0037
1221,429.56814142656685,426832,9.0,0.0025,0.0037
1222,429.56797088851613,425095,10.0,0.0025,0.0037
1223,429.56815580058475,423338,11.0,0.0025,0.0037
1224,429.56786991765773,421608,12.0,0.0025,0.0037
1225,429.5680591946993,419847,13.0,0.0025,0.0037
1226,429.56807048770895,418080,14.0,0.0025,0.0037
1227,429.5679247255917,416351,15.0,0.0025,0.0037
1228,429.56794115754155,414591,16.0,0.0025,0.0037
1229,429.56800601163843,412827,17.0,0.0025,0.0037
1230,429.56796909833764,411091,18.0,0.0025,0.0037
1231,429.56781719476305,409335,19.0,0.0025,0.0037
1232,429.5680320935852,407579,20.0,0.0025,0.0037
1233,429.5679254128613,405839,21.0,0.0025,0.0037
1234,429.5679172432064,404089,22.0,0.0025,0.0037
1235,429.5678964914765,402342,23.0,0.0025,0.0037
1236,429.5680121582203,400603,24.0,0.0025,0.0037
1237,429.5680417033775,398861,25.0,0.0025,0.0037
1238,429.56782330531144,397124,26.0,0.0025,0.0037
1239,429.56775377750245,395388,27.0,0.0025,0.0037
1240,429.56780092057556,393657,28.0,0.0025,0.0037
1241,429.5680253187757,391932,29.0,0.0025,0.0037
1242,429.56782783757427,390202,30.0,0.0025,0.0037
1243,429.5678932511119,388481,31.0,0.0025,0.0037
1244,429.56783905244515,386770,32.0,0.0025,0.0037
1245,429.5677732186609,385049,33.0,0.0025,0.0037
1246,429.5678351443308,383342,34.0,0.0025,0.0037
1247,429.5679264318749,381645,35.0,0.0025,0.0037
1248,429.5679512189696,379935,36.0,0.0025,0.0037
1249,429.5679610999341,378244,37.0,0.0025,0.0037
1250,429.5678219825781,376560,38.0,0.0025,0.0037
1251,429.5678282784951,374863,39.0,0.0025,0.0037
1252,429.56781262643386,373189,40.0,0.0025,0.0037
1253,429.5679940414019,371518,41.0,0.0025,0.0037
1254,429.5677536145709,369822,42.0,0.0025,0.0037
1255,429.56793507899016,368144,43.0,0.0025,0.0037
1256,429.56801129288937,366462,44.0,0.0025,0.0037
1257,429.5680567982174,364783,45.0,0.0025,0.0037
1258,429.56775404027616,363127,46.0,0.0025,0.0037
1259,429.5679258789499,361475,47.0,0.0025,0.0037
1260,429.56799289886914,359809,48.0,0.0025,0.0037
1261,429.5679620832868,358153,49.0,0.0025,0.0037
1262,429.56801434991064,356496,50.0,0.0025,0.0037
1263,429.5679710977066,354857,51.0,0.0025,0.0037
1264,429.56790280542594,353237,52.0,0.0025,0.0037
1265,429.5678092961063,351624,53.0,0.0025,0.0037
1266,429.56801264184713,350024,54.0,0.0025,0.0037
1267,429.5678732213444,348402,55.0,0.0025,0.0037
1268,429.56804947698845,346784,56.0,0.0025,0.0037
1269,429.5679710312286,345190,57.0,0.0025,0.0037
1270,429.5677585215255,343601,58.0,0.0025,0.0037
1271,429.5680245440527,342029,59.0,0.0025,0.0037
1272,429.56777657816605,340483,60.0,0.0025,0.0037
1273,429.5678457855027,338899,61.0,0.0025,0.0037
1274,429.5678951026115,337332,62.0,0.0025,0.0037
1275,429.5678410997151,335775,63.0,0.0025,0.0037
1276,429.56778760112394,334223,64.0,0.0025,0.0037
1277,429.5678454194252,332698,65.0,0.0025,0.0037
1278,429.5680024901077,331181,66.0,0.0025,0.0037
1279,429.5680354941964,329659,67.0,0.0025,0.0037
1280,429.5679097887742,328137,68.0,0.0025,0.0037
1281,429.5678957479106,326615,69.0,0.0025,0.0037
1282,429.5680102596636,325115,70.0,0.0025,0.0037
1283,429.56774850112834,323622,71.0,0.0025,0.0037
1284,429.5678109329442,322142,72.0,0.0025,0.0037
1285,429.56800558261915,320681,73.0,0.0025,0.0037
1286,429.5678428653771,319193,74.0,0.0025,0.0037
1287,429.56782015692505,317723,75.0,0.0025,0.0037
1288,429.5678801718684,316260,76.0,0.0025,0.0037
1289,429.5677597847461,314805,77.0,0.0025,0.0037
1290,429.5678796344978,313373,78.0,0.0025,0.0037
1291,429.5678456229755,311945,79.0,0.0025,0.0037
1292,429.5679066462858,310516,80.0,0.0025,0.0037
1293,429.56782420835515,309084,81.0,0.0025,0.0037
1294,429.5679498037014,307661,82.0,0.0025,0.0037
1295,429.56792016787915,306255,83.0,0.0025,0.0037
1296,429.5679202680431,304852,84.0,0.0025,0.0037
1297,429.56788931014813,303472,85.0,0.0025,0.0037
1298,429.56793954387416,302088,86.0,0.0025,0.0037
1299,429.56802932519736,300701,87.0,0.0025,0.0037
1300,429.56791482115193,299323,88.0,0.0025,0.0037
1301,429.5679735291409,297950,89.0,0.0025,0.0037
1302,429.5678044884372,296596,90.0,0.0025,0.0037
1303,429.5679792532981,295246,91.0,0.0025,0.0037
1304,429.56787800430874,293917,92.0,0.0025,0.0037
1305,429.56792326836955,292569,93.0,0.0025,0.0037
1306,429.56775991010227,291231,94.0,0.0025,0.0037
1307,429.5678043414625,289904,95.0,0.0025,0.0037
1308,429.56774362142215,288582,96.0,0.0025,0.0037
1309,429.5677799589894,287279,97.0,0.0025,0.0037
1310,429.5679097759968,285980,98.0,0.0025,0.0037
1311,429.56780967592164,284688,99.0,0.0025,0.0037
1312,429.56787919159615,283388,100.0,0.0025,0.0037
1313,429.9973945197121,443016,0.0,0.008,0.0037
1314,429.56780300658943,443904,1.0,0.008,0.0037
1315,429.5674113098614,445465,2.0,0.008,0.0037
1316,429.5677539499316,446855,3.0,0.008,0.0037
1317,429.56746153008265,448076,4.0,0.008,0.0037
1318,429.5676617348622,449125,5.0,0.008,0.0037
1319,429.56760015739,450038,6.0,0.008,0.0037
1320,429.5675002864573,450806,7.0,0.008,0.0037
1321,429.56740266100036,451458,8.0,0.008,0.0037
1322,429.5676125869951,452007,9.0,0.008,0.0037
1323,429.56769269329766,452451,10.0,0.008,0.0037
1324,429.5674187083499,452826,11.0,0.008,0.0037
1325,429.56761030333746,453124,12.0,0.008,0.0037
1326,429.5674906728235,453348,13.0,0.008,0.0037
1327,429.56756398480724,453494,14.0,0.008,0.0037
1328,429.56744580913136,453569,15.0,0.008,0.0037
1329,429.5675632289657,453600,16.0,0.008,0.0037
1330,429.5676279162164,453567,17.0,0.008,0.0037
1331,429.5674833631459,453486,18.0,0.008,0.0037
1332,429.5676242620978,453354,19.0,0.008,0.0037
1333,429.56740063254,453171,20.0,0.008,0.0037
1334,429.5676204826362,452951,21.0,0.008,0.0037
1335,429.56743347224835,452684,22.0,0.008,0.0037
1336,429.56753172985435,452389,23.0,0.008,0.0037
1337,429.56761460478003,452061,24.0,0.008,0.0037
1338,429.56744332889684,451697,25.0,0.008,0.0037
1339,429.56751014662643,451299,26.0,0.008,0.0037
1340,429.56757447397837,450866,27.0,0.008,0.0037
1341,429.5674217612979,450410,28.0,0.008,0.0037
1342,429.56761495364555,449927,29.0,0.008,0.0037
1343,429.5675527254918,449413,30.0,0.008,0.0037
1344,429.5675742500582,448870,31.0,0.008,0.0037
1345,429.5675996698149,448298,32.0,0.008,0.0037
1346,429.5676062608745,447711,33.0,0.008,0.0037
1347,429.5674279541274,447101,34.0,0.008,0.0037
1348,429.5675167287988,446469,35.0,0.008,0.0037
1349,429.5675725066475,445814,36.0,0.008,0.0037
1350,429.5674827172338,445136,37.0,0.008,0.0037
1351,429.5675476524382,444447,38.0,0.008,0.0037
1352,429.56755461689556,443742,39.0,0.008,0.0037
1353,429.5674012557666,443020,40.0,0.008,0.0037
1354,429.5674285641281,442283,41.0,0.008,0.0037
1355,429.56759786623104,441531,42.0,0.008,0.0037
1356,429.5675521114721,440767,43.0,0.008,0.0037
1357,429.5675161462572,439989,44.0,0.008,0.0037
1358,429.5674767306545,439197,45.0,0.008,0.0037
1359,429.567486039943,438394,46.0,0.008,0.0037
1360,429.5674960439106,437581,47.0,0.008,0.0037
1361,429.56740658087983,436760,48.0,0.008,0.0037
1362,429.56745010181396,435930,49.0,0.008,0.0037
1363,429.5675697035722,435090,50.0,0.008,0.0037
1364,429.5674070260788,434238,51.0,0.008,0.0037
1365,429.5674080544695,433379,52.0,0.008,0.0037
1366,429.56749747283163,432515,53.0,0.008,0.0037
1367,429.5674016610935,431644,54.0,0.008,0.0037
1368,429.56745883497547,430767,55.0,0.008,0.0037
1369,429.567473089109,429882,56.0,0.008,0.0037
1370,429.567489464834,428990,57.0,0.008,0.0037
1371,429.56751146252685,428093,58.0,0.008,0.0037
1372,429.5674160965972,427191,59.0,0.008,0.0037
1373,429.56748589646935,426285,60.0,0.008,0.0037
1374,429.56757601176355,425373,61.0,0.008,0.0037
1375,429.56749883514397,424454,62.0,0.008,0.0037
1376,429.56754962932064,423533,63.0,0.008,0.0037
1377,429.5674673322127,422609,64.0,0.008,0.0037
1378,429.56752567919375,421683,65.0,0.008,0.0037
1379,429.56755818925024,420753,66.0,0.008,0.0037
1380,429.5675098182379,419819,67.0,0.008,0.0037
1381,429.5675683899633,418880,68.0,0.008,0.0037
1382,429.56754437007237,417939,69.0,0.008,0.0037
1383,429.56757229221216,416996,70.0,0.008,0.0037
1384,429.56749324849204,416049,71.0,0.008,0.0037
1385,429.56750321605705,415101,72.0,0.008,0.0037
1386,429.5674002419546,414153,73.0,0.008,0.0037
1387,429.56742949645036,413206,74.0,0.008,0.0037
1388,429.56754873814174,412259,75.0,0.008,0.0037
1389,429.5674742123769,411310,76.0,0.008,0.0037
1390,429.56753238849404,410364,77.0,0.008,0.0037
1391,429.56746952375374,409409,78.0,0.008,0.0037
1392,429.5674852032251,408454,79.0,0.008,0.0037
1393,429.56743412951363,407497,80.0,0.008,0.0037
1394,429.5674817864144,406541,81.0,0.008,0.0037
1395,429.56755335186784,405587,82.0,0.008,0.0037
1396,429.56751208486577,404634,83.0,0.008,0.0037
1397,429.5675326506773,403682,84.0,0.008,0.0037
1398,429.5675285930003,402731,85.0,0.008,0.0037
1399,429.56740406483556,401783,86.0,0.008,0.0037
1400,429.56742273591317,400839,87.0,0.008,0.0037
1401,429.5675454835844,399886,88.0,0.008,0.0037
1402,429.5675542514051,398932,89.0,0.008,0.0037
1403,429.56751754693096,397980,90.0,0.008,0.0037
1404,429.5674156404562,397030,91.0,0.008,0.0037
1405,429.56749658632583,396083,92.0,0.008,0.0037
1406,429.5675713729246,395137,93.0,0.008,0.0037
1407,429.56741623040966,394193,94.0,0.008,0.0037
1408,429.5674741774993,393254,95.0,0.008,0.0037
1409,429.5675784827335,392319,96.0,0.008,0.0037
1410,429.56744916499537,391385,97.0,0.008,0.0037
1411,429.5673990479782,390443,98.0,0.008,0.0037
1412,429.5675822512725,389505,99.0,0.008,0.0037
1413,429.5674958201941,388568,100.0,0.008,0.0037
1414,429.9974253556287,443016,0.0,0.0075,0.0037
1415,429.56754605666396,443594,1.0,0.0075,0.0037
1416,429.5676677570172,444866,2.0,0.0075,0.0037
1417,429.56769370765323,446003,3.0,0.0075,0.0037
1418,429.5678017648941,446961,4.0,0.0075,0.0037
1419,429.5676138337501,447802,5.0,0.0075,0.0037
1420,429.5675022125031,448499,6.0,0.0075,0.0037
1421,429.5677192704072,449067,7.0,0.0075,0.0037
1422,429.5676657514069,449536,8.0,0.0075,0.0037
1423,429.56743667944136,449898,9.0,0.0075,0.0037
1424,429.5676929932442,450169,10.0,0.0075,0.0037
1425,429.5676039837464,450369,11.0,0.0075,0.0037
1426,429.56757891056105,450511,12.0,0.0075,0.0037
1427,429.5674699650489,450575,13.0,0.0075,0.0037
1428,429.5675932385673,450582,14.0,0.0075,0.0037
1429,429.5675011547693,450524,15.0,0.0075,0.0037
1430,429.5674865765599,450402,16.0,0.0075,0.0037
1431,429.5676006069721,450241,17.0,0.0075,0.0037
1432,429.567431177312,450026,18.0,0.0075,0.0037
1433,429.5676734510954,449767,19.0,0.0075,0.0037
1434,429.56759113152657,449470,20.0,0.0075,0.0037
1435,429.56759329541285,449129,21.0,0.0075,0.0037
1436,429.5675810767294,448754,22.0,0.0075,0.0037
1437,429.5674668397319,448344,23.0,0.0075,0.0037
1438,429.5675601260369,447899,24.0,0.0075,0.0037
1439,429.5674652671049,447431,25.0,0.0075,0.0037
1440,429.56750914939295,446935,26.0,0.0075,0.0037
1441,429.56765570208086,446411,27.0,0.0075,0.0037
1442,429.5675905880649,445858,28.0,0.0075,0.0037
1443,429.56744906094673,445277,29.0,0.0075,0.0037
1444,429.567518129158,444676,30.0,0.0075,0.0037
1445,429.5675761686387,444053,31.0,0.0075,0.0037
1446,429.56748483256365,443405,32.0,0.0075,0.0037
1447,429.5675605323702,442734,33.0,0.0075,0.0037
1448,429.56749395668385,442039,34.0,0.0075,0.0037
1449,429.567472458498,441325,35.0,0.0075,0.0037
1450,429.56759412325766,440600,36.0,0.0075,0.0037
1451,429.56755778476094,439858,37.0,0.0075,0.0037
1452,429.5675718750942,439100,38.0,0.0075,0.0037
1453,429.5674983124889,438325,39.0,0.0075,0.0037
1454,429.5676103279996,437534,40.0,0.0075,0.0037
1455,429.56745787391117,436729,41.0,0.0075,0.0037
1456,429.5675627889031,435912,42.0,0.0075,0.0037
1457,429.56748343837194,435084,43.0,0.0075,0.0037
1458,429.5674925804528,434246,44.0,0.0075,0.0037
1459,429.56747869390256,433397,45.0,0.0075,0.0037
1460,429.5675999369781,432537,46.0,0.0075,0.0037
1461,429.5676361639842,431665,47.0,0.0075,0.0037
1462,429.5676292624407,430785,48.0,0.0075,0.0037
1463,429.5675200911542,429898,49.0,0.0075,0.0037
1464,429.56760877346204,429005,50.0,0.0075,0.0037
1465,429.56761946274247,428103,51.0,0.0075,0.0037
1466,429.5674896251373,427190,52.0,0.0075,0.0037
1467,429.5674474958836,426272,53.0,0.0075,0.0037
1468,429.5676063829255,425351,54.0,0.0075,0.0037
1469,429.5675264521559,424424,55.0,0.0075,0.0037
1470,429.56755005273067,423491,56.0,0.0075,0.0037
1471,429.56759887067307,422550,57.0,0.0075,0.0037
1472,429.5674406401173,421605,58.0,0.0075,0.0037
1473,429.5676175378337,420659,59.0,0.0075,0.0037
1474,429.5675816085604,419708,60.0,0.0075,0.0037
1475,429.56747420287843,418751,61.0,0.0075,0.0037
1476,429.56750326733834,417791,62.0,0.0075,0.0037
1477,429.5676185517825,416827,63.0,0.0075,0.0037
1478,429.56755660756494,415859,64.0,0.0075,0.0037
1479,429.56754307946875,414886,65.0,0.0075,0.0037
1480,429.56748643198625,413909,66.0,0.0075,0.0037
1481,429.567460514861,412932,67.0,0.0075,0.0037
1482,429.5676078970183,411955,68.0,0.0075,0.0037
1483,429.5674917291241,410974,69.0,0.0075,0.0037
1484,429.56748376013746,409991,70.0,0.0075,0.0037
1485,429.5675184688424,409010,71.0,0.0075,0.0037
1486,429.5674743200579,408027,72.0,0.0075,0.0037
1487,429.5674986911448,407037,73.0,0.0075,0.0037
1488,429.56747035521204,406044,74.0,0.0075,0.0037
1489,429.56757801257294,405053,75.0,0.0075,0.0037
1490,429.5674600455828,404062,76.0,0.0075,0.0037
1491,429.567606250417,403072,77.0,0.0075,0.0037
1492,429.567497449793,402080,78.0,0.0075,0.0037
1493,429.5675278902833,401092,79.0,0.0075,0.0037
1494,429.5675674238976,400107,80.0,0.0075,0.0037
1495,429.56745089380524,399123,81.0,0.0075,0.0037
1496,429.56757361248117,398137,82.0,0.0075,0.0037
1497,429.567504473284,397144,83.0,0.0075,0.0037
1498,429.5675282452661,396153,84.0,0.0075,0.0037
1499,429.56749130357906,395162,85.0,0.0075,0.0037
1500,429.5675723136085,394172,86.0,0.0075,0.0037
1501,429.5675194187425,393185,87.0,0.0075,0.0037
1502,429.567457723551,392201,88.0,0.0075,0.0037
1503,429.56761780750077,391220,89.0,0.0075,0.0037
1504,429.5674354864821,390240,90.0,0.0075,0.0037
1505,429.5675837135203,389267,91.0,0.0075,0.0037
1506,429.5676115937976,388293,92.0,0.0075,0.0037
1507,429.5674746589896,387310,93.0,0.0075,0.0037
1508,429.5675791212515,386330,94.0,0.0075,0.0037
1509,429.5676056191782,385353,95.0,0.0075,0.0037
1510,429.56747875197675,384378,96.0,0.0075,0.0037
1511,429.56743847835656,383405,97.0,0.0075,0.0037
1512,429.5674345145755,382436,98.0,0.0075,0.0037
1513,429.56750883685834,381472,99.0,0.0075,0.0037
1514,429.56753526577114,380512,100.0,0.0075,0.0037
1515,429.9976412081939,443016,0.0,0.004,0.0037
1516,429.5680381866836,441432,1.0,0.004,0.0037
1517,429.56791894546944,440642,2.0,0.004,0.0037
1518,429.56783731366914,439813,3.0,0.004,0.0037
1519,429.5676785653959,438971,4.0,0.004,0.0037
1520,429.56800493166935,438088,5.0,0.004,0.0037
1521,429.56801332386624,437156,6.0,0.004,0.0037
1522,429.5678079631382,436196,7.0,0.004,0.0037
1523,429.5679389304925,435211,8.0,0.004,0.0037
1524,429.56780553417843,434175,9.0,0.004,0.0037
1525,429.5679651728632,433112,10.0,0.004,0.0037
1526,429.5680042405774,432032,11.0,0.004,0.0037
1527,429.56792987602637,430910,12.0,0.004,0.0037
1528,429.56789439004956,429778,13.0,0.004,0.0037
1529,429.5679676367357,428624,14.0,0.004,0.0037
1530,429.567660590329,427434,15.0,0.004,0.0037
1531,429.567681972919,426252,16.0,0.004,0.0037
1532,429.5679353342133,425036,17.0,0.004,0.0037
1533,429.5679551895281,423804,18.0,0.004,0.0037
1534,429.5678913349711,422572,19.0,0.004,0.0037
1535,429.56786479497634,421305,20.0,0.004,0.0037
1536,429.5679211511484,420048,21.0,0.004,0.0037
1537,429.5677284735626,418767,22.0,0.004,0.0037
1538,429.5677197805259,417477,23.0,0.004,0.0037
1539,429.56775100392207,416185,24.0,0.004,0.0037
1540,429.56792538922895,414866,25.0,0.004,0.0037
1541,429.56776160758466,413546,26.0,0.004,0.0037
1542,429.5678177171827,412202,27.0,0.004,0.0037
1543,429.56788083957895,410869,28.0,0.004,0.0037
1544,429.56793659032616,409519,29.0,0.004,0.0037
1545,429.56779511679923,408175,30.0,0.004,0.0037
1546,429.56769669006013,406805,31.0,0.004,0.0037
1547,429.5676589146588,405436,32.0,0.004,0.0037
1548,429.56784359836064,404068,33.0,0.004,0.0037
1549,429.56791734728273,402700,34.0,0.004,0.0037
1550,429.5677732619035,401344,35.0,0.004,0.0037
1551,429.56792610181463,399964,36.0,0.004,0.0037
1552,429.5676576185324,398584,37.0,0.004,0.0037
1553,429.56779304279104,397195,38.0,0.004,0.0037
1554,429.5676830399407,395822,39.0,0.004,0.0037
1555,429.5676814494972,394443,40.0,0.004,0.0037
1556,429.5679207470942,393082,41.0,0.004,0.0037
1557,429.56770466141563,391686,42.0,0.004,0.0037
1558,429.567850516393,390306,43.0,0.004,0.0037
1559,429.56776462647025,388917,44.0,0.004,0.0037
1560,429.56783317883657,387546,45.0,0.004,0.0037
1561,429.56777659070457,386173,46.0,0.004,0.0037
1562,429.5677462314838,384800,47.0,0.004,0.0037
1563,429.5676496148448,383413,48.0,0.004,0.0037
1564,429.56768621474987,382036,49.0,0.004,0.0037
1565,429.56789028991517,380661,50.0,0.004,0.0037
1566,429.5678001573282,379295,51.0,0.004,0.0037
1567,429.5677784419054,377935,52.0,0.004,0.0037
1568,429.5676866392708,376559,53.0,0.004,0.0037
1569,429.5677064763394,375189,54.0,0.004,0.0037
1570,429.56775769678774,373821,55.0,0.004,0.0037
1571,429.56778358978386,372464,56.0,0.004,0.0037
1572,429.56781429375576,371110,57.0,0.004,0.0037
1573,429.5678078922124,369759,58.0,0.004,0.0037
1574,429.56781104856526,368396,59.0,0.004,0.0037
1575,429.5678551445792,367046,60.0,0.004,0.0037
1576,429.5677467823755,365693,61.0,0.004,0.0037
1577,429.5677337705115,364357,62.0,0.004,0.0037
1578,429.5677505402756,363020,63.0,0.004,0.0037
1579,429.56771763401383,361681,64.0,0.004,0.0037
1580,429.56766595398193,360337,65.0,0.004,0.0037
1581,429.56790317798084,359009,66.0,0.004,0.0037
1582,429.5678508130972,357678,67.0,0.004,0.0037
1583,429.56787647183546,356364,68.0,0.004,0.0037
1584,429.56783746382183,355042,69.0,0.004,0.0037
1585,429.56787917074735,353724,70.0,0.004,0.0037
1586,429.5678069461668,352405,71.0,0.004,0.0037
1587,429.567668348246,351097,72.0,0.004,0.0037
1588,429.56774093066804,349794,73.0,0.004,0.0037
1589,429.56789838657033,348502,74.0,0.004,0.0037
1590,429.5678791010163,347201,75.0,0.004,0.0037
1591,429.5677596992781,345903,76.0,0.004,0.0037
1592,429.56773725234785,344614,77.0,0.004,0.0037
1593,429.5676716371584,343328,78.0,0.004,0.0037
1594,429.56786339004185,342056,79.0,0.004,0.0037
1595,429.56769351426846,340779,80.0,0.004,0.0037
1596,429.5677065766083,339507,81.0,0.004,0.0037
1597,429.5678365512992,338234,82.0,0.004,0.0037
1598,429.5677685570474,336974,83.0,0.004,0.0037
1599,429.56784763949196,335715,84.0,0.004,0.0037
1600,429.5677094741633,334470,85.0,0.004,0.0037
1601,429.5678632998098,333209,86.0,0.004,0.0037
1602,429.5678419506675,331953,87.0,0.004,0.0037
1603,429.56784589023886,330697,88.0,0.004,0.0037
1604,429.5677315443251,329447,89.0,0.004,0.0037
1605,429.5678355311937,328202,90.0,0.004,0.0037
1606,429.567695725165,326961,91.0,0.004,0.0037
1607,429.56786036657536,325730,92.0,0.004,0.0037
1608,429.56783013837315,324502,93.0,0.004,0.0037
1609,429.56785286501025,323287,94.0,0.004,0.0037
1610,429.56774721679415,322075,95.0,0.004,0.0037
1611,429.5678046198575,320855,96.0,0.004,0.0037
1612,429.5677734149822,319632,97.0,0.004,0.0037
1613,429.567673317561,318420,98.0,0.004,0.0037
1614,429.56784779555824,317211,99.0,0.004,0.0037
1615,429.56768800520126,316012,100.0,0.004,0.0037
1616,429.9975795358294,443016,0.0,0.005,0.0037
1617,429.5677409283295,442048,1.0,0.005,0.0037
1618,429.5677595780924,441862,2.0,0.005,0.0037
1619,429.5679593490136,441619,3.0,0.005,0.0037
1620,429.56797200835484,441313,4.0,0.005,0.0037
1621,429.5679151072277,440942,5.0,0.005,0.0037
1622,429.56771610365695,440507,6.0,0.005,0.0037
1623,429.5679025817387,440015,7.0,0.005,0.0037
1624,429.567806556707,439464,8.0,0.005,0.0037
1625,429.5676858150396,438860,9.0,0.005,0.0037
1626,429.56775230320494,438209,10.0,0.005,0.0037
1627,429.5678107969501,437524,11.0,0.005,0.0037
1628,429.56761763649166,436797,12.0,0.005,0.0037
1629,429.5676573690085,436029,13.0,0.005,0.0037
1630,429.5676279833023,435222,14.0,0.005,0.0037
1631,429.56780268382136,434384,15.0,0.005,0.0037
1632,429.56783689971655,433528,16.0,0.005,0.0037
1633,429.5677581455389,432641,17.0,0.005,0.0037
1634,429.56782050095694,431721,18.0,0.005,0.0037
1635,429.5678781839148,430776,19.0,0.005,0.0037
1636,429.56779951269,429820,20.0,0.005,0.0037
1637,429.5678632424378,428839,21.0,0.005,0.0037
1638,429.56777688796876,427828,22.0,0.005,0.0037
1639,429.5677132962843,426808,23.0,0.005,0.0037
1640,429.5676820616101,425774,24.0,0.005,0.0037
1641,429.5675974277529,424718,25.0,0.005,0.0037
1642,429.56760143011286,423652,26.0,0.005,0.0037
1643,429.5677901096274,422575,27.0,0.005,0.0037
1644,429.5675823737585,421476,28.0,0.005,0.0037
1645,429.56779778323215,420371,29.0,0.005,0.0037
1646,429.5677758871286,419267,30.0,0.005,0.0037
1647,429.5677034162959,418135,31.0,0.005,0.0037
1648,429.56772247849227,416997,32.0,0.005,0.0037
1649,429.5676653687624,415859,33.0,0.005,0.0037
1650,429.5676498519303,414707,34.0,0.005,0.0037
1651,429.56774690838597,413551,35.0,0.005,0.0037
1652,429.5676967385107,412387,36.0,0.005,0.0037
1653,429.5677457199184,411209,37.0,0.005,0.0037
1654,429.5677712308629,410038,38.0,0.005,0.0037
1655,429.567625081131,408860,39.0,0.005,0.0037
1656,429.5677030038642,407665,40.0,0.005,0.0037
1657,429.567790108714,406477,41.0,0.005,0.0037
1658,429.56763150190704,405279,42.0,0.005,0.0037
1659,429.5675872496882,404082,43.0,0.005,0.0037
1660,429.56775736638673,402882,44.0,0.005,0.0037
1661,429.5676227789668,401668,45.0,0.005,0.0037
1662,429.56768296795553,400462,46.0,0.005,0.0037
1663,429.56759190356627,399254,47.0,0.005,0.0037
1664,429.56768515860944,398038,48.0,0.005,0.0037
1665,429.5677564009968,396825,49.0,0.005,0.0037
1666,429.5676762004163,395603,50.0,0.005,0.0037
1667,429.56775143064567,394387,51.0,0.005,0.0037
1668,429.56763090212974,393172,52.0,0.005,0.0037
1669,429.56760127944426,391937,53.0,0.005,0.0037
1670,429.56760242390163,390708,54.0,0.005,0.0037
1671,429.5676850895647,389471,55.0,0.005,0.0037
1672,429.56763717859513,388235,56.0,0.005,0.0037
1673,429.56776701028963,387003,57.0,0.005,0.0037
1674,429.5677744571483,385765,58.0,0.005,0.0037
1675,429.5676343158156,384537,59.0,0.005,0.0037
1676,429.5677350625117,383308,60.0,0.005,0.0037
1677,429.5676648519683,382076,61.0,0.005,0.0037
1678,429.56768842008995,380837,62.0,0.005,0.0037
1679,429.5676474431824,379593,63.0,0.005,0.0037
1680,429.56763953510074,378359,64.0,0.005,0.0037
1681,429.56765665800623,377123,65.0,0.005,0.0037
1682,429.5677312561794,375895,66.0,0.005,0.0037
1683,429.5676838707417,374674,67.0,0.005,0.0037
1684,429.56766110105485,373455,68.0,0.005,0.0037
1685,429.5676859026679,372251,69.0,0.005,0.0037
1686,429.5677444666153,371028,70.0,0.005,0.0037
1687,429.56778287241417,369802,71.0,0.005,0.0037
1688,429.567768775821,368580,72.0,0.005,0.0037
1689,429.5677987036467,367358,73.0,0.005,0.0037
1690,429.5677865589123,366147,74.0,0.005,0.0037
1691,429.5676568495177,364936,75.0,0.005,0.0037
1692,429.5677953642207,363737,76.0,0.005,0.0037
1693,429.5676600809662,362545,77.0,0.005,0.0037
1694,429.5676282824713,361359,78.0,0.005,0.0037
1695,429.5676720929778,360158,79.0,0.005,0.0037
1696,429.5676102517269,358954,80.0,0.005,0.0037
1697,429.56780205462377,357759,81.0,0.005,0.0037
1698,429.5677804198363,356568,82.0,0.005,0.0037
1699,429.5677628852024,355380,83.0,0.005,0.0037
1700,429.5676831266417,354203,84.0,0.005,0.0037
1701,429.56765620924125,353029,85.0,0.005,0.0037
1702,429.5677003366045,351867,86.0,0.005,0.0037
1703,429.56774684463807,350708,87.0,0.005,0.0037
1704,429.5677409718558,349532,88.0,0.005,0.0037
1705,429.56758395078106,348364,89.0,0.005,0.0037
1706,429.5677418966476,347198,90.0,0.005,0.0037
1707,429.5675912733365,346039,91.0,0.005,0.0037
1708,429.5677802980533,344888,92.0,0.005,0.0037
1709,429.5677837484699,343740,93.0,0.005,0.0037
1710,429.56760419924,342603,94.0,0.005,0.0037
1711,429.56770693748945,341472,95.0,0.005,0.0037
1712,429.5676152343374,340339,96.0,0.005,0.0037
1713,429.5677516997203,339202,97.0,0.005,0.0037
1714,429.56765352806633,338065,98.0,0.005,0.0037
1715,429.5677862018738,336938,99.0,0.005,0.0037
1716,429.5675874766864,335813,100.0,0.005,0.0037
1717,429.99730201221377,443016,0.0,0.0095,0.0037
1718,429.56771035480784,444817,1.0,0.0095,0.0037
1719,429.5676353296286,447232,2.0,0.0095,0.0037
1720,429.56769958055133,449393,3.0,0.0095,0.0037
1721,429.56731105635725,451327,4.0,0.0095,0.0037
1722,429.5673501268756,453038,5.0,0.0095,0.0037
1723,429.56754584106983,454548,6.0,0.0095,0.0037
1724,429.5674652482081,455891,7.0,0.0095,0.0037
1725,429.56733665666474,457122,8.0,0.0095,0.0037
1726,429.56757798275663,458194,9.0,0.0095,0.0037
1727,429.5675218076751,459175,10.0,0.0095,0.0037
1728,429.5674077371327,460005,11.0,0.0095,0.0037
1729,429.56737506964714,460768,12.0,0.0095,0.0037
1730,429.5675239649569,461405,13.0,0.0095,0.0037
1731,429.5675525679735,461984,14.0,0.0095,0.0037
1732,429.5674293767043,462463,15.0,0.0095,0.0037
1733,429.5674988595498,462874,16.0,0.0095,0.0037
1734,429.5673928579705,463217,17.0,0.0095,0.0037
1735,429.5674411693927,463510,18.0,0.0095,0.0037
1736,429.5673176041063,463737,19.0,0.0095,0.0037
1737,429.5673516108395,463907,20.0,0.0095,0.0037
1738,429.5674338355754,464018,21.0,0.0095,0.0037
1739,429.5673668075056,464086,22.0,0.0095,0.0037
1740,429.56742507982557,464098,23.0,0.0095,0.0037
1741,429.5673170305567,464053,24.0,0.0095,0.0037
1742,429.5673815031431,463954,25.0,0.0095,0.0037
1743,429.5674751173077,463829,26.0,0.0095,0.0037
1744,429.56732002531163,463662,27.0,0.0095,0.0037
1745,429.56744003240334,463450,28.0,0.0095,0.0037
1746,429.5673388682806,463191,29.0,0.0095,0.0037
1747,429.5674814333165,462907,30.0,0.0095,0.0037
1748,429.5674154952732,462590,31.0,0.0095,0.0037
1749,429.56743026665566,462238,32.0,0.0095,0.0037
1750,429.56749750129677,461851,33.0,0.0095,0.0037
1751,429.5674096423501,461441,34.0,0.0095,0.0037
1752,429.5674453318902,461007,35.0,0.0095,0.0037
1753,429.56743681078405,460545,36.0,0.0095,0.0037
1754,429.56738472944437,460055,37.0,0.0095,0.0037
1755,429.56735354895994,459546,38.0,0.0095,0.0037
1756,429.56736680728204,459018,39.0,0.0095,0.0037
1757,429.5673775876914,458468,40.0,0.0095,0.0037
1758,429.56734037489326,457896,41.0,0.0095,0.0037
1759,429.56735916442364,457311,42.0,0.0095,0.0037
1760,429.5673857129029,456714,43.0,0.0095,0.0037
1761,429.56735360955673,456101,44.0,0.0095,0.0037
1762,429.56742875155356,455473,45.0,0.0095,0.0037
1763,429.5673661491784,454829,46.0,0.0095,0.0037
1764,429.5673254263375,454170,47.0,0.0095,0.0037
1765,429.56746793678934,453497,48.0,0.0095,0.0037
1766,429.56733923690444,452808,49.0,0.0095,0.0037
1767,429.5673092456267,452110,50.0,0.0095,0.0037
1768,429.5674169520935,451405,51.0,0.0095,0.0037
1769,429.5673463647135,450688,52.0,0.0095,0.0037
1770,429.5674203966775,449961,53.0,0.0095,0.0037
1771,429.5673947720694,449223,54.0,0.0095,0.0037
1772,429.56738295693435,448475,55.0,0.0095,0.0037
1773,429.5673419653947,447717,56.0,0.0095,0.0037
1774,429.56740030772323,446950,57.0,0.0095,0.0037
1775,429.5673326276924,446176,58.0,0.0095,0.0037
1776,429.5673161531042,445399,59.0,0.0095,0.0037
1777,429.5674306854486,444615,60.0,0.0095,0.0037
1778,429.5674834339731,443824,61.0,0.0095,0.0037
1779,429.5673201779937,443026,62.0,0.0095,0.0037
1780,429.5674555440764,442224,63.0,0.0095,0.0037
1781,429.5674489706449,441416,64.0,0.0095,0.0037
1782,429.5674733561951,440603,65.0,0.0095,0.0037
1783,429.5673708786546,439785,66.0,0.0095,0.0037
1784,429.5674300437313,438965,67.0,0.0095,0.0037
1785,429.5674206579151,438140,68.0,0.0095,0.0037
1786,429.56743286075465,437312,69.0,0.0095,0.0037
1787,429.5674045361439,436481,70.0,0.0095,0.0037
1788,429.5673062621141,435647,71.0,0.0095,0.0037
1789,429.5674851639566,434812,72.0,0.0095,0.0037
1790,429.5673917492783,433973,73.0,0.0095,0.0037
1791,429.5674274843613,433132,74.0,0.0095,0.0037
1792,429.56745632174744,432288,75.0,0.0095,0.0037
1793,429.56735139104427,431442,76.0,0.0095,0.0037
1794,429.5674427554996,430596,77.0,0.0095,0.0037
1795,429.5673646017543,429748,78.0,0.0095,0.0037
1796,429.567462606071,428900,79.0,0.0095,0.0037
1797,429.5673946710047,428050,80.0,0.0095,0.0037
1798,429.56732889051153,427199,81.0,0.0095,0.0037
1799,429.56738209132243,426349,82.0,0.0095,0.0037
1800,429.56735757672055,425496,83.0,0.0095,0.0037
1801,429.56735706220724,424643,84.0,0.0095,0.0037
1802,429.56739540833695,423790,85.0,0.0095,0.0037
1803,429.56746980936975,422937,86.0,0.0095,0.0037
1804,429.56741182959956,422083,87.0,0.0095,0.0037
1805,429.5673450224662,421230,88.0,0.0095,0.0037
1806,429.5673925573956,420379,89.0,0.0095,0.0037
1807,429.5673659691029,419529,90.0,0.0095,0.0037
1808,429.5674311234015,418677,91.0,0.0095,0.0037
1809,429.5673697094603,417824,92.0,0.0095,0.0037
1810,429.56742084186214,416972,93.0,0.0095,0.0037
1811,429.56738537134987,416121,94.0,0.0095,0.0037
1812,429.56742529471387,415272,95.0,0.0095,0.0037
1813,429.5673410761331,414424,96.0,0.0095,0.0037
1814,429.56731029770845,413578,97.0,0.0095,0.0037
1815,429.56735704682205,412734,98.0,0.0095,0.0037
1816,429.56745394438366,411888,99.0,0.0095,0.0037
1817,429.56735870168626,411041,100.0,0.0095,0.0037
1818,429.9973636838373,443016,0.0,0.0085,0.0037
1819,429.56737071132,444210,1.0,0.0085,0.0037
1820,429.5676938238305,446064,2.0,0.0085,0.0037
1821,429.5674676401685,447704,3.0,0.0085,0.0037
1822,429.56742695658323,449164,4.0,0.0085,0.0037
1823,429.56742426868175,450452,5.0,0.0085,0.0037
1824,429.56753528764875,451552,6.0,0.0085,0.0037
1825,429.5673699143892,452527,7.0,0.0085,0.0037
1826,429.5675983318085,453352,8.0,0.0085,0.0037
1827,429.5676189115078,454081,9.0,0.0085,0.0037
1828,429.5675929396237,454712,10.0,0.0085,0.0037
1829,429.56762270710493,455245,11.0,0.0085,0.0037
1830,429.5674865403949,455705,12.0,0.0085,0.0037
1831,429.56755098466186,456072,13.0,0.0085,0.0037
1832,429.5673681376384,456353,14.0,0.0085,0.0037
1833,429.5674548560171,456585,15.0,0.0085,0.0037
1834,429.5675825167297,456739,16.0,0.0085,0.0037
1835,429.5675098309528,456839,17.0,0.0085,0.0037
1836,429.56744389698423,456873,18.0,0.0085,0.0037
1837,429.56741588070355,456858,19.0,0.0085,0.0037
1838,429.567572020352,456797,20.0,0.0085,0.0037
1839,429.5675373969058,456691,21.0,0.0085,0.0037
1840,429.5674828425808,456550,22.0,0.0085,0.0037
1841,429.5674389057422,456366,23.0,0.0085,0.0037
1842,429.56748630781203,456139,24.0,0.0085,0.0037
1843,429.5674197743095,455868,25.0,0.0085,0.0037
1844,429.5675768988551,455569,26.0,0.0085,0.0037
1845,429.56740222637984,455235,27.0,0.0085,0.0037
1846,429.5674274669954,454865,28.0,0.0085,0.0037
1847,429.5675859696145,454459,29.0,0.0085,0.0037
1848,429.56747164163727,454018,30.0,0.0085,0.0037
1849,429.56748227413226,453561,31.0,0.0085,0.0037
1850,429.5674380611208,453075,32.0,0.0085,0.0037
1851,429.5675226557385,452561,33.0,0.0085,0.0037
1852,429.5674326968963,452018,34.0,0.0085,0.0037
1853,429.5675686029931,451455,35.0,0.0085,0.0037
1854,429.5675232673266,450874,36.0,0.0085,0.0037
1855,429.56756059298596,450271,37.0,0.0085,0.0037
1856,429.5674016791164,449645,38.0,0.0085,0.0037
1857,429.56739642595903,448998,39.0,0.0085,0.0037
1858,429.56740323721436,448338,40.0,0.0085,0.0037
1859,429.5675046242393,447662,41.0,0.0085,0.0037
1860,429.56744819417196,446969,42.0,0.0085,0.0037
1861,429.56754429001575,446261,43.0,0.0085,0.0037
1862,429.56743003681555,445538,44.0,0.0085,0.0037
1863,429.56747058927186,444806,45.0,0.0085,0.0037
1864,429.5675041572427,444061,46.0,0.0085,0.0037
1865,429.5675458748915,443303,47.0,0.0085,0.0037
1866,429.56738377953434,442531,48.0,0.0085,0.0037
1867,429.5674039476622,441750,49.0,0.0085,0.0037
1868,429.56745817903084,440961,50.0,0.0085,0.0037
1869,429.5673845575573,440163,51.0,0.0085,0.0037
1870,429.56738169718085,439357,52.0,0.0085,0.0037
1871,429.56744864012126,438543,53.0,0.0085,0.0037
1872,429.5674243974605,437720,54.0,0.0085,0.0037
1873,429.56755847769017,436889,55.0,0.0085,0.0037
1874,429.56748183003964,436048,56.0,0.0085,0.0037
1875,429.5675461649551,435201,57.0,0.0085,0.0037
1876,429.5674337770987,434348,58.0,0.0085,0.0037
1877,429.5674987693056,433491,59.0,0.0085,0.0037
1878,429.5675439477453,432628,60.0,0.0085,0.0037
1879,429.5674434104477,431758,61.0,0.0085,0.0037
1880,429.5674671404894,430882,62.0,0.0085,0.0037
1881,429.56754720942547,430002,63.0,0.0085,0.0037
1882,429.5674539258149,429118,64.0,0.0085,0.0037
1883,429.567550110003,428232,65.0,0.0085,0.0037
1884,429.56748953174196,427342,66.0,0.0085,0.0037
1885,429.56740550968584,426448,67.0,0.0085,0.0037
1886,429.5674297462253,425548,68.0,0.0085,0.0037
1887,429.56741455254354,424646,69.0,0.0085,0.0037
1888,429.5675516498167,423743,70.0,0.0085,0.0037
1889,429.5674926537953,422837,71.0,0.0085,0.0037
1890,429.5675327720675,421929,72.0,0.0085,0.0037
1891,429.5675036429619,421018,73.0,0.0085,0.0037
1892,429.5674833545672,420107,74.0,0.0085,0.0037
1893,429.56737676706445,419196,75.0,0.0085,0.0037
1894,429.56741304773163,418286,76.0,0.0085,0.0037
1895,429.5675081510411,417371,77.0,0.0085,0.0037
1896,429.56751667283856,416452,78.0,0.0085,0.0037
1897,429.5674974727179,415533,79.0,0.0085,0.0037
1898,429.56737534765074,414614,80.0,0.0085,0.0037
1899,429.56737888754594,413696,81.0,0.0085,0.0037
1900,429.5674153984721,412778,82.0,0.0085,0.0037
1901,429.5674796134047,411860,83.0,0.0085,0.0037
1902,429.5675137236355,410944,84.0,0.0085,0.0037
1903,429.567492592066,410030,85.0,0.0085,0.0037
1904,429.5674723604839,409114,86.0,0.0085,0.0037
1905,429.5674612557464,408194,87.0,0.0085,0.0037
1906,429.56742693886713,407274,88.0,0.0085,0.0037
1907,429.56741532116723,406356,89.0,0.0085,0.0037
1908,429.5674566817729,405440,90.0,0.0085,0.0037
1909,429.56739628709994,404525,91.0,0.0085,0.0037
1910,429.56752058001825,403612,92.0,0.0085,0.0037
1911,429.56737631603585,402700,93.0,0.0085,0.0037
1912,429.56754007793404,401793,94.0,0.0085,0.0037
1913,429.56744481711786,400886,95.0,0.0085,0.0037
1914,429.56754524185715,399975,96.0,0.0085,0.0037
1915,429.56752952827475,399064,97.0,0.0085,0.0037
1916,429.567438358004,398155,98.0,0.0085,0.0037
1917,429.56743886456644,397249,99.0,0.0085,0.0037
1918,429.56753448101625,396346,100.0,0.0085,0.0037
1919,429.9978262262202,443016,0.0,0.001,0.0037
1920,429.56817660248817,439559,1.0,0.001,0.0037
1921,429.56796060026886,436941,2.0,0.001,0.0037
1922,429.56785114943614,434339,3.0,0.001,0.0037
1923,429.5679520365699,431753,4.0,0.001,0.0037
1924,429.56825611966804,429186,5.0,0.001,0.0037
1925,429.5681441183886,426633,6.0,0.001,0.0037
1926,429.5680497969632,424097,7.0,0.001,0.0037
1927,429.56805886198146,421579,8.0,0.001,0.0037
1928,429.56805070049353,419076,9.0,0.001,0.0037
1929,429.5682053943785,416591,10.0,0.001,0.0037
1930,429.568292430167,414112,11.0,0.001,0.0037
1931,429.56787202458827,411650,12.0,0.001,0.0037
1932,429.56798659688303,409208,13.0,0.001,0.0037
1933,429.5679352056205,406772,14.0,0.001,0.0037
1934,429.5680975751424,404359,15.0,0.001,0.0037
1935,429.567990421313,401963,16.0,0.001,0.0037
1936,429.5682514881633,399573,17.0,0.001,0.0037
1937,429.56796904737075,397203,18.0,0.001,0.0037
1938,429.56817675460525,394848,19.0,0.001,0.0037
1939,429.5681295982624,392500,20.0,0.001,0.0037
1940,429.5682750489991,390173,21.0,0.001,0.0037
1941,429.5679316457809,387856,22.0,0.001,0.0037
1942,429.56802454721395,385551,23.0,0.001,0.0037
1943,429.5680869241592,383273,24.0,0.001,0.0037
1944,429.5678923986722,381006,25.0,0.001,0.0037
1945,429.5681170381367,378751,26.0,0.001,0.0037
1946,429.5678552358178,376515,27.0,0.001,0.0037
1947,429.56796360824524,374285,28.0,0.001,0.0037
1948,429.5680590232804,372068,29.0,0.001,0.0037
1949,429.5679541419953,369870,30.0,0.001,0.0037
1950,429.5681008459054,367675,31.0,0.001,0.0037
1951,429.56807139813037,365495,32.0,0.001,0.0037
1952,429.5681824889278,363340,33.0,0.001,0.0037
1953,429.56787239248115,361193,34.0,0.001,0.0037
1954,429.56794743886894,359063,35.0,0.001,0.0037
1955,429.5679894197132,356949,36.0,0.001,0.0037
1956,429.5679540901541,354837,37.0,0.001,0.0037
1957,429.5681033635132,352741,38.0,0.001,0.0037
1958,429.5679660448041,350658,39.0,0.001,0.0037
1959,429.5678793147341,348581,40.0,0.001,0.0037
1960,429.5681925190089,346531,41.0,0.001,0.0037
1961,429.56787640200804,344495,42.0,0.001,0.0037
1962,429.56820316337394,342465,43.0,0.001,0.0037
1963,429.56811872875187,340449,44.0,0.001,0.0037
1964,429.568035168824,338442,45.0,0.001,0.0037
1965,429.5682583879952,336442,46.0,0.001,0.0037
1966,429.56794453468325,334462,47.0,0.001,0.0037
1967,429.56800144763434,332501,48.0,0.001,0.0037
1968,429.56823186901556,330548,49.0,0.001,0.0037
1969,429.5679739720419,328608,50.0,0.001,0.0037
1970,429.5679921723501,326673,51.0,0.001,0.0037
1971,429.5680395976283,324747,52.0,0.001,0.0037
1972,429.5681361152259,322844,53.0,0.001,0.0037
1973,429.5678763896636,320953,54.0,0.001,0.0037
1974,429.56783788825453,319072,55.0,0.001,0.0037
1975,429.56819610919337,317205,56.0,0.001,0.0037
1976,429.5680238247301,315337,57.0,0.001,0.0037
1977,429.5680699779825,313485,58.0,0.001,0.0037
1978,429.56799586430554,311659,59.0,0.001,0.0037
1979,429.56824482149756,309836,60.0,0.001,0.0037
1980,429.56792428260167,308022,61.0,0.001,0.0037
1981,429.56829208570855,306219,62.0,0.001,0.0037
1982,429.56809431147235,304422,63.0,0.001,0.0037
1983,429.56823900845734,302651,64.0,0.001,0.0037
1984,429.5678855462138,300888,65.0,0.001,0.0037
1985,429.56801977616095,299128,66.0,0.001,0.0037
1986,429.56814093095323,297378,67.0,0.001,0.0037
1987,429.5679202536458,295645,68.0,0.001,0.0037
1988,429.56821336062546,293927,69.0,0.001,0.0037
1989,429.56807677450394,292217,70.0,0.001,0.0037
1990,429.56806445106105,290506,71.0,0.001,0.0037
1991,429.5682778684685,288797,72.0,0.001,0.0037
1992,429.56794337922656,287108,73.0,0.001,0.0037
1993,429.56811199860374,285429,74.0,0.001,0.0037
1994,429.5680081313135,283758,75.0,0.001,0.0037
1995,429.5682272006542,282100,76.0,0.001,0.0037
1996,429.568185176804,280450,77.0,0.001,0.0037
1997,429.56801355878105,278810,78.0,0.001,0.0037
1998,429.5678841219522,277179,79.0,0.001,0.0037
1999,429.5679842128287,275560,80.0,0.001,0.0037
2000,429.5678895011992,273968,81.0,0.001,0.0037
2001,429.56793404084766,272378,82.0,0.001,0.0037
2002,429.5678883131647,270785,83.0,0.001,0.0037
2003,429.56816950774197,269202,84.0,0.001,0.0037
2004,429.5680981272395,267644,85.0,0.001,0.0037
2005,429.5682266463552,266102,86.0,0.001,0.0037
2006,429.5681849672528,264558,87.0,0.001,0.0037
2007,429.5682699497362,263013,88.0,0.001,0.0037
2008,429.5681539491101,261492,89.0,0.001,0.0037
2009,429.568033154504,259980,90.0,0.001,0.0037
2010,429.5679179860914,258476,91.0,0.001,0.0037
2011,429.5679473915283,256988,92.0,0.001,0.0037
2012,429.5680140125011,255503,93.0,0.001,0.0037
2013,429.56807084638234,254022,94.0,0.001,0.0037
2014,429.5678741255627,252550,95.0,0.001,0.0037
2015,429.5679011625859,251105,96.0,0.001,0.0037
2016,429.5682879526487,249669,97.0,0.001,0.0037
2017,429.5679507363298,248219,98.0,0.001,0.0037
2018,429.5683140880261,246790,99.0,0.001,0.0037
2019,429.56793508131597,245374,100.0,0.001,0.0037
