,total_counts,area,time,D (um^2/s),alpha (1/s)
0,429.99771771709146,443016,0.0,0.004,0.0063
1,429.5677275067406,440662,0.5,0.004,0.0063
2,429.5681263373764,439148,1.0,0.004,0.0063
3,429.56773517301843,437613,1.5,0.004,0.0063
4,429.5677715167382,436105,2.0,0.004,0.0063
5,429.5678093870584,434566,2.5,0.004,0.0063
6,429.56817248854696,433056,3.0,0.004,0.0063
7,429.56788471459794,431508,3.5,0.004,0.0063
8,429.56811369292933,429977,4.0,0.004,0.0063
9,429.56788247519245,428441,4.5,0.004,0.0063
10,429.5681301331451,426890,5.0,0.004,0.0063
11,429.5680394774565,425354,5.5,0.004,0.0063
12,429.5680725914466,423816,6.0,0.004,0.0063
13,429.5680729704131,422279,6.5,0.004,0.0063
14,429.5680967817658,420724,7.0,0.004,0.0063
15,429.5680220523855,419204,7.5,0.004,0.0063
16,429.5681326402479,417657,8.0,0.004,0.0063
17,429.56807290473944,416116,8.5,0.004,0.0063
18,429.5679301776702,414585,9.0,0.004,0.0063
19,429.56773804922545,413042,9.5,0.004,0.0063
20,429.56809193354457,411511,10.0,0.004,0.0063
21,429.5677731486971,409966,10.5,0.004,0.0063
22,429.56801665048687,408449,11.0,0.004,0.0063
23,429.5680492680445,406905,11.5,0.004,0.0063
24,429.5677901795982,405379,12.0,0.004,0.0063
25,429.5677264865007,403856,12.5,0.004,0.0063
26,429.5677811162572,402320,13.0,0.004,0.0063
27,429.5680483218342,400802,13.5,0.004,0.0063
28,429.56775765994695,399275,14.0,0.004,0.0063
29,429.56779238692104,397761,14.5,0.004,0.0063
30,429.56784104264096,396234,15.0,0.004,0.0063
31,429.5680532817883,394730,15.5,0.004,0.0063
32,429.5677948537652,393214,16.0,0.004,0.0063
33,429.56793824975955,391700,16.5,0.004,0.0063
34,429.56772989054633,390201,17.0,0.004,0.0063
35,429.56784319079355,388683,17.5,0.004,0.0063
36,429.5678480911382,387175,18.0,0.004,0.0063
37,429.5679805675457,385651,18.5,0.004,0.0063
38,429.56801601879516,384144,19.0,0.004,0.0063
39,429.56788660192797,382636,19.5,0.004,0.0063
40,429.56801107706355,381136,20.0,0.004,0.0063
41,429.5678885593605,379649,20.5,0.004,0.0063
42,429.5678173084869,378131,21.0,0.004,0.0063
43,429.56793798006976,376638,21.5,0.004,0.0063
44,429.56775728562553,375137,22.0,0.004,0.0063
45,429.5680231943282,373659,22.5,0.004,0.0063
46,429.56789165350114,372188,23.0,0.004,0.0063
47,429.56778190533777,370730,23.5,0.004,0.0063
48,429.5679692693832,369262,24.0,0.004,0.0063
49,429.5678439848722,367778,24.5,0.004,0.0063
50,429.56797481819785,366320,25.0,0.004,0.0063
51,429.5678145720286,364856,25.5,0.004,0.0063
52,429.5680222743525,363417,26.0,0.004,0.0063
53,429.56793117146617,361984,26.5,0.004,0.0063
54,429.5680328975436,360553,27.0,0.004,0.0063
55,429.56782394940825,359111,27.5,0.004,0.0063
56,429.56780292001287,357667,28.0,0.004,0.0063
57,429.5678797639374,356247,28.5,0.004,0.0063
58,429.5678001501604,354822,29.0,0.004,0.0063
59,429.56799886859454,353425,29.5,0.004,0.0063
60,429.5679335560169,352029,30.0,0.004,0.0063
61,429.56795644024737,350620,30.5,0.004,0.0063
62,429.56782313278,349213,31.0,0.004,0.0063
63,429.56775989381134,347813,31.5,0.004,0.0063
64,429.5677889021057,346429,32.0,0.004,0.0063
65,429.5678524484347,345046,32.5,0.004,0.0063
66,429.56792925643674,343689,33.0,0.004,0.0063
67,429.56777758812257,342312,33.5,0.004,0.0063
68,429.5680541078727,340946,34.0,0.004,0.0063
69,429.5678164550378,339573,34.5,0.004,0.0063
70,429.56780350769424,338220,35.0,0.004,0.0063
71,429.5680464184936,336870,35.5,0.004,0.0063
72,429.56800140769036,335535,36.0,0.004,0.0063
73,429.56804737982367,334206,36.5,0.004,0.0063
74,429.56792764253686,332862,37.0,0.004,0.0063
75,429.56773919667705,331530,37.5,0.004,0.0063
76,429.56776662485,330198,38.0,0.004,0.0063
77,429.5677227751071,328886,38.5,0.004,0.0063
78,429.56803044176934,327573,39.0,0.004,0.0063
79,429.56785998805697,326283,39.5,0.004,0.0063
80,429.56782324304606,324972,40.0,0.004,0.0063
81,429.56802266529667,323676,40.5,0.004,0.0063
82,429.56801352779473,322375,41.0,0.004,0.0063
83,429.5677365504287,321092,41.5,0.004,0.0063
84,429.5677420371918,319810,42.0,0.004,0.0063
85,429.5677261728537,318546,42.5,0.004,0.0063
86,429.56796471581254,317279,43.0,0.004,0.0063
87,429.5678572632883,316010,43.5,0.004,0.0063
88,429.5678469706938,314745,44.0,0.004,0.0063
89,429.56794825502834,313489,44.5,0.004,0.0063
90,429.56798571718343,312242,45.0,0.004,0.0063
91,429.5678726695968,311002,45.5,0.004,0.0063
92,429.56785221407114,309776,46.0,0.004,0.0063
93,429.5678872371801,308535,46.5,0.004,0.0063
94,429.5680155206731,307306,47.0,0.004,0.0063
95,429.56799281622494,306077,47.5,0.004,0.0063
96,429.56783807137833,304863,48.0,0.004,0.0063
97,429.56776508846065,303650,48.5,0.004,0.0063
98,429.5680419925889,302456,49.0,0.004,0.0063
99,429.56785075419083,301251,49.5,0.004,0.0063
100,429.568003802007,300055,50.0,0.004,0.0063
101,429.9974093553844,443016,0.0,0.014,0.0063
102,429.56761330736396,443773,0.5,0.014,0.0063
103,429.56775627319644,445238,1.0,0.014,0.0063
104,429.56754489261755,446592,1.5,0.014,0.0063
105,429.5677327180492,447790,2.0,0.014,0.0063
106,429.5677637090351,448874,2.5,0.014,0.0063
107,429.56773884671827,449834,3.0,0.014,0.0063
108,429.5677031805158,450680,3.5,0.014,0.0063
109,429.5674987414462,451413,4.0,0.014,0.0063
110,429.56744633043144,452076,4.5,0.014,0.0063
111,429.56760689899244,452640,5.0,0.014,0.0063
112,429.5675536775301,453123,5.5,0.014,0.0063
113,429.5676649671351,453568,6.0,0.014,0.0063
114,429.56747675448025,453940,6.5,0.014,0.0063
115,429.56764122023003,454242,7.0,0.014,0.0063
116,429.5676237088575,454499,7.5,0.014,0.0063
117,429.5674483462641,454703,8.0,0.014,0.0063
118,429.5674532828885,454850,8.5,0.014,0.0063
119,429.56751955447,454957,9.0,0.014,0.0063
120,429.56758029043544,455011,9.5,0.014,0.0063
121,429.56766998107025,455023,10.0,0.014,0.0063
122,429.56759884870826,455002,10.5,0.014,0.0063
123,429.5674597122874,454941,11.0,0.014,0.0063
124,429.5674445754299,454849,11.5,0.014,0.0063
125,429.56757177951033,454725,12.0,0.014,0.0063
126,429.56758812705664,454564,12.5,0.014,0.0063
127,429.5674232550202,454380,13.0,0.014,0.0063
128,429.5674636447494,454171,13.5,0.014,0.0063
129,429.5674540212476,453934,14.0,0.014,0.0063
130,429.5674498018001,453669,14.5,0.014,0.0063
131,429.5674284540241,453376,15.0,0.014,0.0063
132,429.5675990280808,453058,15.5,0.014,0.0063
133,429.5676376763636,452724,16.0,0.014,0.0063
134,429.5674142879875,452365,16.5,0.014,0.0063
135,429.56760991506036,451984,17.0,0.014,0.0063
136,429.5674785848946,451578,17.5,0.014,0.0063
137,429.5674693711647,451149,18.0,0.014,0.0063
138,429.5674657410772,450704,18.5,0.014,0.0063
139,429.5674438800572,450246,19.0,0.014,0.0063
140,429.5675554565825,449770,19.5,0.014,0.0063
141,429.56755304209855,449275,20.0,0.014,0.0063
142,429.5676041567364,448762,20.5,0.014,0.0063
143,429.5674331260192,448230,21.0,0.014,0.0063
144,429.56756654326335,447690,21.5,0.014,0.0063
145,429.56753516313813,447136,22.0,0.014,0.0063
146,429.56741690125097,446568,22.5,0.014,0.0063
147,429.5675732780264,445988,23.0,0.014,0.0063
148,429.56748445739026,445394,23.5,0.014,0.0063
149,429.56752439080907,444789,24.0,0.014,0.0063
150,429.56755461641785,444177,24.5,0.014,0.0063
151,429.56752794783745,443554,25.0,0.014,0.0063
152,429.56745200975655,442920,25.5,0.014,0.0063
153,429.56753916954955,442276,26.0,0.014,0.0063
154,429.5675590661823,441621,26.5,0.014,0.0063
155,429.56752236412706,440957,27.0,0.014,0.0063
156,429.5675533021947,440287,27.5,0.014,0.0063
157,429.5674223011215,439609,28.0,0.014,0.0063
158,429.56748353609674,438925,28.5,0.014,0.0063
159,429.5675523599338,438234,29.0,0.014,0.0063
160,429.56743268670766,437535,29.5,0.014,0.0063
161,429.56752053184545,436831,30.0,0.014,0.0063
162,429.5674229951179,436119,30.5,0.014,0.0063
163,429.567465787758,435401,31.0,0.014,0.0063
164,429.5674366690892,434678,31.5,0.014,0.0063
165,429.56747415691063,433951,32.0,0.014,0.0063
166,429.5675617481079,433220,32.5,0.014,0.0063
167,429.5675271051369,432484,33.0,0.014,0.0063
168,429.56753396659514,431743,33.5,0.014,0.0063
169,429.5674616263927,430996,34.0,0.014,0.0063
170,429.56752493821267,430245,34.5,0.014,0.0063
171,429.5675368568823,429491,35.0,0.014,0.0063
172,429.56750590540213,428734,35.5,0.014,0.0063
173,429.5674510801458,427974,36.0,0.014,0.0063
174,429.56745931545413,427211,36.5,0.014,0.0063
175,429.5674246571508,426444,37.0,0.014,0.0063
176,429.56756275408037,425674,37.5,0.014,0.0063
177,429.5675574571482,424900,38.0,0.014,0.0063
178,429.5675061370215,424124,38.5,0.014,0.0063
179,429.5674149955851,423346,39.0,0.014,0.0063
180,429.5675592574598,422567,39.5,0.014,0.0063
181,429.56746854864747,421784,40.0,0.014,0.0063
182,429.56749252060837,420999,40.5,0.014,0.0063
183,429.56755847008196,420214,41.0,0.014,0.0063
184,429.56746663237953,419428,41.5,0.014,0.0063
185,429.56741852820335,418642,42.0,0.014,0.0063
186,429.56744680297004,417855,42.5,0.014,0.0063
187,429.5674597524463,417062,43.0,0.014,0.0063
188,429.56751345540897,416268,43.5,0.014,0.0063
189,429.56754111431536,415474,44.0,0.014,0.0063
190,429.5675607294587,414680,44.5,0.014,0.0063
191,429.5674293113731,413885,45.0,0.014,0.0063
192,429.5674258979563,413090,45.5,0.014,0.0063
193,429.5674156703242,412294,46.0,0.014,0.0063
194,429.5675604838231,411500,46.5,0.014,0.0063
195,429.56742831603674,410706,47.0,0.014,0.0063
196,429.5674299856165,409913,47.5,0.014,0.0063
197,429.5675800203482,409116,48.0,0.014,0.0063
198,429.567554160744,408317,48.5,0.014,0.0063
199,429.5674706694778,407518,49.0,0.014,0.0063
200,429.5675410675661,406721,49.5,0.014,0.0063
201,429.56757507426715,405925,50.0,0.014,0.0063
202,429.997501863474,443016,0.0,0.011,0.0063
203,429.56782403545134,442831,0.5,0.011,0.0063
204,429.5678452262647,443440,1.0,0.011,0.0063
205,429.56778527044315,443961,1.5,0.011,0.0063
206,429.5676910738436,444389,2.0,0.011,0.0063
207,429.56757056575555,444736,2.5,0.011,0.0063
208,429.5676224135296,445022,3.0,0.011,0.0063
209,429.567642376265,445228,3.5,0.011,0.0063
210,429.567639965445,445366,4.0,0.011,0.0063
211,429.56768840807104,445429,4.5,0.011,0.0063
212,429.5675465599519,445439,5.0,0.011,0.0063
213,429.5678393496552,445388,5.5,0.011,0.0063
214,429.567543930877,445291,6.0,0.011,0.0063
215,429.5676509316185,445145,6.5,0.011,0.0063
216,429.5678086835602,444960,7.0,0.011,0.0063
217,429.56774344466027,444733,7.5,0.011,0.0063
218,429.5676336019767,444476,8.0,0.011,0.0063
219,429.567648195776,444184,8.5,0.011,0.0063
220,429.5675812236503,443856,9.0,0.011,0.0063
221,429.56773745428455,443499,9.5,0.011,0.0063
222,429.56775322053403,443115,10.0,0.011,0.0063
223,429.5676406400548,442700,10.5,0.011,0.0063
224,429.5675982005131,442255,11.0,0.011,0.0063
225,429.5676693173233,441789,11.5,0.011,0.0063
226,429.56762210640073,441300,12.0,0.011,0.0063
227,429.5675863185538,440786,12.5,0.011,0.0063
228,429.56769854646217,440248,13.0,0.011,0.0063
229,429.5675630872476,439692,13.5,0.011,0.0063
230,429.56759301613414,439116,14.0,0.011,0.0063
231,429.56775671482467,438521,14.5,0.011,0.0063
232,429.5677173724802,437910,15.0,0.011,0.0063
233,429.56768279634707,437287,15.5,0.011,0.0063
234,429.56771691685947,436649,16.0,0.011,0.0063
235,429.5676383893075,435994,16.5,0.011,0.0063
236,429.5675235108993,435323,17.0,0.011,0.0063
237,429.56760046570383,434638,17.5,0.011,0.0063
238,429.5675456213275,433939,18.0,0.011,0.0063
239,429.5676621854014,433232,18.5,0.011,0.0063
240,429.5675873458496,432515,19.0,0.011,0.0063
241,429.5677204745144,431787,19.5,0.011,0.0063
242,429.56767865288384,431045,20.0,0.011,0.0063
243,429.5676507512455,430290,20.5,0.011,0.0063
244,429.56770825268745,429526,21.0,0.011,0.0063
245,429.5676426708163,428756,21.5,0.011,0.0063
246,429.5676236492283,427979,22.0,0.011,0.0063
247,429.5675490996771,427192,22.5,0.011,0.0063
248,429.5676048032846,426392,23.0,0.011,0.0063
249,429.56754313349927,425583,23.5,0.011,0.0063
250,429.56755903708563,424771,24.0,0.011,0.0063
251,429.5675861067445,423954,24.5,0.011,0.0063
252,429.5675906266417,423129,25.0,0.011,0.0063
253,429.5675259800372,422295,25.5,0.011,0.0063
254,429.56758835841447,421458,26.0,0.011,0.0063
255,429.5676073642286,420618,26.5,0.011,0.0063
256,429.56769308581477,419770,27.0,0.011,0.0063
257,429.56752196161256,418913,27.5,0.011,0.0063
258,429.56751078820844,418050,28.0,0.011,0.0063
259,429.5675509826865,417187,28.5,0.011,0.0063
260,429.56759755957165,416323,29.0,0.011,0.0063
261,429.5676545765317,415455,29.5,0.011,0.0063
262,429.56756355802,414581,30.0,0.011,0.0063
263,429.5675761633962,413701,30.5,0.011,0.0063
264,429.56768760383756,412820,31.0,0.011,0.0063
265,429.56763223438304,411935,31.5,0.011,0.0063
266,429.5675466800027,411044,32.0,0.011,0.0063
267,429.5676564590441,410153,32.5,0.011,0.0063
268,429.5675277292651,409263,33.0,0.011,0.0063
269,429.5677043456814,408374,33.5,0.011,0.0063
270,429.5675535320185,407478,34.0,0.011,0.0063
271,429.5676724229501,406576,34.5,0.011,0.0063
272,429.5676666086787,405675,35.0,0.011,0.0063
273,429.5675862999968,404773,35.5,0.011,0.0063
274,429.5677063699116,403868,36.0,0.011,0.0063
275,429.56766906664245,402962,36.5,0.011,0.0063
276,429.5675585821947,402059,37.0,0.011,0.0063
277,429.5675955499778,401158,37.5,0.011,0.0063
278,429.5676040395867,400249,38.0,0.011,0.0063
279,429.567608084035,399337,38.5,0.011,0.0063
280,429.56751438711046,398427,39.0,0.011,0.0063
281,429.56757942180536,397518,39.5,0.011,0.0063
282,429.56757665775064,396606,40.0,0.011,0.0063
283,429.5676161724249,395696,40.5,0.011,0.0063
284,429.56770381309343,394790,41.0,0.011,0.0063
285,429.5675960664764,393884,41.5,0.011,0.0063
286,429.5675450660227,392969,42.0,0.011,0.0063
287,429.56755039978015,392056,42.5,0.011,0.0063
288,429.56761818449957,391146,43.0,0.011,0.0063
289,429.5676262978488,390236,43.5,0.011,0.0063
290,429.5675061650218,389324,44.0,0.011,0.0063
291,429.56763291650174,388417,44.5,0.011,0.0063
292,429.5676003490213,387513,45.0,0.011,0.0063
293,429.56751999877963,386606,45.5,0.011,0.0063
294,429.5676078983642,385695,46.0,0.011,0.0063
295,429.5676275788226,384787,46.5,0.011,0.0063
296,429.56755486613525,383881,47.0,0.011,0.0063
297,429.56767920892463,382976,47.5,0.011,0.0063
298,429.56763047858163,382071,48.0,0.011,0.0063
299,429.56767148641313,381171,48.5,0.011,0.0063
300,429.5676134635363,380274,49.0,0.011,0.0063
301,429.56760711671706,379369,49.5,0.011,0.0063
302,429.5675504852111,378464,50.0,0.011,0.0063
303,429.99768688074244,443016,0.0,0.005,0.0063
304,429.5677940415164,440979,0.5,0.005,0.0063
305,429.5680541119205,439758,1.0,0.005,0.0063
306,429.5680814981597,438545,1.5,0.005,0.0063
307,429.5677514212501,437300,2.0,0.005,0.0063
308,429.5677682030168,436075,2.5,0.005,0.0063
309,429.56782780301234,434822,3.0,0.005,0.0063
310,429.56795185136957,433575,3.5,0.005,0.0063
311,429.56776618066255,432310,4.0,0.005,0.0063
312,429.56784727837027,431037,4.5,0.005,0.0063
313,429.5679196086398,429751,5.0,0.005,0.0063
314,429.5680532557597,428443,5.5,0.005,0.0063
315,429.5678756172308,427151,6.0,0.005,0.0063
316,429.56770157727703,425817,6.5,0.005,0.0063
317,429.5679506729525,424507,7.0,0.005,0.0063
318,429.56773513461724,423175,7.5,0.005,0.0063
319,429.568054154945,421854,8.0,0.005,0.0063
320,429.56775059436404,420503,8.5,0.005,0.0063
321,429.567756004116,419176,9.0,0.005,0.0063
322,429.56793569245644,417826,9.5,0.005,0.0063
323,429.5679450493035,416480,10.0,0.005,0.0063
324,429.5677607606705,415125,10.5,0.005,0.0063
325,429.56805227530543,413779,11.0,0.005,0.0063
326,429.56774721088954,412414,11.5,0.005,0.0063
327,429.5680381625725,411058,12.0,0.005,0.0063
328,429.56791322459344,409700,12.5,0.005,0.0063
329,429.568033730219,408334,13.0,0.005,0.0063
330,429.5678022458332,406968,13.5,0.005,0.0063
331,429.5678258043266,405608,14.0,0.005,0.0063
332,429.5676903030006,404238,14.5,0.005,0.0063
333,429.5678390848668,402869,15.0,0.005,0.0063
334,429.56795141521786,401507,15.5,0.005,0.0063
335,429.5679245889259,400129,16.0,0.005,0.0063
336,429.5677273359559,398746,16.5,0.005,0.0063
337,429.56784093729624,397360,17.0,0.005,0.0063
338,429.56792601148834,395977,17.5,0.005,0.0063
339,429.56799125333964,394596,18.0,0.005,0.0063
340,429.56775217209554,393221,18.5,0.005,0.0063
341,429.56794799162014,391844,19.0,0.005,0.0063
342,429.5678066122802,390453,19.5,0.005,0.0063
343,429.5677322250257,389067,20.0,0.005,0.0063
344,429.56776825049883,387685,20.5,0.005,0.0063
345,429.5676910339044,386314,21.0,0.005,0.0063
346,429.567711126423,384950,21.5,0.005,0.0063
347,429.5677515068234,383603,22.0,0.005,0.0063
348,429.56774012938035,382223,22.5,0.005,0.0063
349,429.5679439836938,380853,23.0,0.005,0.0063
350,429.5679092434016,379482,23.5,0.005,0.0063
351,429.5678319738325,378126,24.0,0.005,0.0063
352,429.5677389629697,376772,24.5,0.005,0.0063
353,429.567987406043,375439,25.0,0.005,0.0063
354,429.5678150932062,374088,25.5,0.005,0.0063
355,429.5676934723661,372737,26.0,0.005,0.0063
356,429.5676921993143,371383,26.5,0.005,0.0063
357,429.56773161149863,370046,27.0,0.005,0.0063
358,429.5677873303055,368708,27.5,0.005,0.0063
359,429.5679875480247,367391,28.0,0.005,0.0063
360,429.5677950433349,366069,28.5,0.005,0.0063
361,429.56796185161187,364741,29.0,0.005,0.0063
362,429.5676949512596,363407,29.5,0.005,0.0063
363,429.567879567149,362091,30.0,0.005,0.0063
364,429.56776124631585,360772,30.5,0.005,0.0063
365,429.5678671720302,359473,31.0,0.005,0.0063
366,429.5678638308927,358175,31.5,0.005,0.0063
367,429.567691279956,356874,32.0,0.005,0.0063
368,429.56781918351214,355565,32.5,0.005,0.0063
369,429.56776869333333,354270,33.0,0.005,0.0063
370,429.5677714586183,352974,33.5,0.005,0.0063
371,429.56791239229125,351695,34.0,0.005,0.0063
372,429.56795201466457,350418,34.5,0.005,0.0063
373,429.5677817033323,349148,35.0,0.005,0.0063
374,429.56787696267537,347865,35.5,0.005,0.0063
375,429.5677472685059,346592,36.0,0.005,0.0063
376,429.5679384283906,345322,36.5,0.005,0.0063
377,429.56791148889124,344063,37.0,0.005,0.0063
378,429.5679325219188,342810,37.5,0.005,0.0063
379,429.56772951278566,341568,38.0,0.005,0.0063
380,429.5677422934385,340313,38.5,0.005,0.0063
381,429.56784739569673,339063,39.0,0.005,0.0063
382,429.5678333694046,337820,39.5,0.005,0.0063
383,429.5678501835589,336582,40.0,0.005,0.0063
384,429.567729082527,335355,40.5,0.005,0.0063
385,429.56772613876075,334133,41.0,0.005,0.0063
386,429.56793817289025,332915,41.5,0.005,0.0063
387,429.56779726935326,331687,42.0,0.005,0.0063
388,429.56788430948575,330473,42.5,0.005,0.0063
389,429.56785720960147,329257,43.0,0.005,0.0063
390,429.56772666748674,328057,43.5,0.005,0.0063
391,429.5679481357978,326857,44.0,0.005,0.0063
392,429.5679735702762,325672,44.5,0.005,0.0063
393,429.56778791677203,324469,45.0,0.005,0.0063
394,429.5677848811584,323282,45.5,0.005,0.0063
395,429.56799071532396,322092,46.0,0.005,0.0063
396,429.56783419888,320917,46.5,0.005,0.0063
397,429.5678824003886,319742,47.0,0.005,0.0063
398,429.5677231436868,318582,47.5,0.005,0.0063
399,429.56788510043856,317413,48.0,0.005,0.0063
400,429.56788171981316,316249,48.5,0.005,0.0063
401,429.56777876157463,315089,49.0,0.005,0.0063
402,429.5677668417846,313935,49.5,0.005,0.0063
403,429.56779221814656,312791,50.0,0.005,0.0063
404,429.9978102263019,443016,0.0,0.001,0.0063
405,429.56787942457294,439726,0.5,0.001,0.0063
406,429.5678886582161,437274,1.0,0.001,0.0063
407,429.56811238101466,434836,1.5,0.001,0.0063
408,429.5678303774248,432416,2.0,0.001,0.0063
409,429.5678336756346,430017,2.5,0.001,0.0063
410,429.56803767284964,427629,3.0,0.001,0.0063
411,429.5679949124867,425255,3.5,0.001,0.0063
412,429.56800500441886,422896,4.0,0.001,0.0063
413,429.56788121343925,420547,4.5,0.001,0.0063
414,429.56792500475615,418213,5.0,0.001,0.0063
415,429.5679111042418,415892,5.5,0.001,0.0063
416,429.567926023337,413581,6.0,0.001,0.0063
417,429.5680031766651,411284,6.5,0.001,0.0063
418,429.5678720833641,409008,7.0,0.001,0.0063
419,429.56803279647096,406749,7.5,0.001,0.0063
420,429.56808787515,404503,8.0,0.001,0.0063
421,429.5682271314447,402268,8.5,0.001,0.0063
422,429.56800741015337,400042,9.0,0.001,0.0063
423,429.56795549997554,397829,9.5,0.001,0.0063
424,429.5679935095602,395626,10.0,0.001,0.0063
425,429.56783324154827,393433,10.5,0.001,0.0063
426,429.5680270528503,391266,11.0,0.001,0.0063
427,429.5682951993096,389113,11.5,0.001,0.0063
428,429.56828421170917,386969,12.0,0.001,0.0063
429,429.56789297334257,384836,12.5,0.001,0.0063
430,429.5683044864983,382712,13.0,0.001,0.0063
431,429.5678334818807,380596,13.5,0.001,0.0063
432,429.5681922706252,378495,14.0,0.001,0.0063
433,429.5679797560357,376416,14.5,0.001,0.0063
434,429.5683208360479,374350,15.0,0.001,0.0063
435,429.5682776194307,372294,15.5,0.001,0.0063
436,429.56831197853904,370243,16.0,0.001,0.0063
437,429.56783921066955,368201,16.5,0.001,0.0063
438,429.56808374912856,366172,17.0,0.001,0.0063
439,429.56802825884625,364165,17.5,0.001,0.0063
440,429.5680831658965,362171,18.0,0.001,0.0063
441,429.56781531369984,360185,18.5,0.001,0.0063
442,429.5678629638746,358204,19.0,0.001,0.0063
443,429.5682937008296,356233,19.5,0.001,0.0063
444,429.56803341032884,354278,20.0,0.001,0.0063
445,429.5681778546482,352343,20.5,0.001,0.0063
446,429.5679941088444,350416,21.0,0.001,0.0063
447,429.5682662384799,348496,21.5,0.001,0.0063
448,429.5682155161794,346580,22.0,0.001,0.0063
449,429.5681406286639,344679,22.5,0.001,0.0063
450,429.56807168336326,342802,23.0,0.001,0.0063
451,429.56815926875896,340930,23.5,0.001,0.0063
452,429.567856211364,339065,24.0,0.001,0.0063
453,429.56827104992783,337205,24.5,0.001,0.0063
454,429.56797715548765,335360,25.0,0.001,0.0063
455,429.5681810760072,333539,25.5,0.001,0.0063
456,429.56786510634333,331719,26.0,0.001,0.0063
457,429.56808210696676,329905,26.5,0.001,0.0063
458,429.56818953274217,328099,27.0,0.001,0.0063
459,429.56798570712493,326315,27.5,0.001,0.0063
460,429.5681151123549,324542,28.0,0.001,0.0063
461,429.5682681564832,322775,28.5,0.001,0.0063
462,429.56783010855617,321007,29.0,0.001,0.0063
463,429.5678895949961,319260,29.5,0.001,0.0063
464,429.568341449542,317533,30.0,0.001,0.0063
465,429.56789506347275,315804,30.5,0.001,0.0063
466,429.56809541761004,314081,31.0,0.001,0.0063
467,429.5681197230644,312372,31.5,0.001,0.0063
468,429.5678525211608,310682,32.0,0.001,0.0063
469,429.568063489632,308997,32.5,0.001,0.0063
470,429.5680654226526,307314,33.0,0.001,0.0063
471,429.5679198827101,305642,33.5,0.001,0.0063
472,429.567913598196,303994,34.0,0.001,0.0063
473,429.56797657622195,302347,34.5,0.001,0.0063
474,429.5679222056894,300700,35.0,0.001,0.0063
475,429.5681697175277,299073,35.5,0.001,0.0063
476,429.56814301123296,297461,36.0,0.001,0.0063
477,429.56809083981,295849,36.5,0.001,0.0063
478,429.56813927224164,294241,37.0,0.001,0.0063
479,429.5679144865479,292655,37.5,0.001,0.0063
480,429.5682510019876,291078,38.0,0.001,0.0063
481,429.5678961242688,289502,38.5,0.001,0.0063
482,429.568121961372,287931,39.0,0.001,0.0063
483,429.56799342200037,286386,39.5,0.001,0.0063
484,429.5683183900219,284844,40.0,0.001,0.0063
485,429.5679059498285,283297,40.5,0.001,0.0063
486,429.5680662646234,281774,41.0,0.001,0.0063
487,429.56827228570666,280263,41.5,0.001,0.0063
488,429.56806839224566,278747,42.0,0.001,0.0063
489,429.5680154487353,277241,42.5,0.001,0.0063
490,429.56814822612125,275760,43.0,0.001,0.0063
491,429.5679323796364,274274,43.5,0.001,0.0063
492,429.5681166756971,272791,44.0,0.001,0.0063
493,429.56826860430516,271333,44.5,0.001,0.0063
494,429.56797252146885,269869,45.0,0.001,0.0063
495,429.5683055764243,268404,45.5,0.001,0.0063
496,429.5682706439666,266960,46.0,0.001,0.0063
497,429.568052369469,265527,46.5,0.001,0.0063
498,429.568371125418,264095,47.0,0.001,0.0063
499,429.56818501084723,262672,47.5,0.001,0.0063
500,429.5679541806313,261262,48.0,0.001,0.0063
501,429.5681296746276,259852,48.5,0.001,0.0063
502,429.56793016797667,258453,49.0,0.001,0.0063
503,429.5681536076296,257079,49.5,0.001,0.0063
504,429.56796621712056,255698,50.0,0.001,0.0063
505,429.99737851943667,443016,0.0,0.015,0.0063
506,429.56765267042863,444082,0.5,0.015,0.0063
507,429.5675979974804,445847,1.0,0.015,0.0063
508,429.56770045974275,447444,1.5,0.015,0.0063
509,429.56743978849715,448909,2.0,0.015,0.0063
510,429.5677446239996,450220,2.5,0.015,0.0063
511,429.56744189847444,451392,3.0,0.015,0.0063
512,429.5675699033234,452449,3.5,0.015,0.0063
513,429.56750148905684,453379,4.0,0.015,0.0063
514,429.56764535410883,454220,4.5,0.015,0.0063
515,429.56753048078593,454987,5.0,0.015,0.0063
516,429.5674815628559,455659,5.5,0.015,0.0063
517,429.56755187728083,456272,6.0,0.015,0.0063
518,429.5675563507259,456803,6.5,0.015,0.0063
519,429.5676438489416,457249,7.0,0.015,0.0063
520,429.56750353417857,457662,7.5,0.015,0.0063
521,429.56740239663105,458002,8.0,0.015,0.0063
522,429.56750601796443,458278,8.5,0.015,0.0063
523,429.5675058550793,458516,9.0,0.015,0.0063
524,429.567584634077,458705,9.5,0.015,0.0063
525,429.5675586895424,458849,10.0,0.015,0.0063
526,429.5676301903926,458948,10.5,0.015,0.0063
527,429.5674821191979,459000,11.0,0.015,0.0063
528,429.56755909129635,459030,11.5,0.015,0.0063
529,429.56744101069853,459027,12.0,0.015,0.0063
530,429.56759177103686,458991,12.5,0.015,0.0063
531,429.567555009202,458916,13.0,0.015,0.0063
532,429.5674233088371,458802,13.5,0.015,0.0063
533,429.56738824168565,458668,14.0,0.015,0.0063
534,429.56760608956716,458504,14.5,0.015,0.0063
535,429.5674332637234,458306,15.0,0.015,0.0063
536,429.567514205249,458077,15.5,0.015,0.0063
537,429.567384427331,457815,16.0,0.015,0.0063
538,429.567429686831,457537,16.5,0.015,0.0063
539,429.5674180519913,457239,17.0,0.015,0.0063
540,429.567435468,456916,17.5,0.015,0.0063
541,429.56746922269997,456568,18.0,0.015,0.0063
542,429.5675224536556,456195,18.5,0.015,0.0063
543,429.5675023424686,455804,19.0,0.015,0.0063
544,429.56738634507343,455399,19.5,0.015,0.0063
545,429.56739674270744,454975,20.0,0.015,0.0063
546,429.56752099428815,454532,20.5,0.015,0.0063
547,429.5674860533541,454069,21.0,0.015,0.0063
548,429.5675258100537,453590,21.5,0.015,0.0063
549,429.5674939567938,453101,22.0,0.015,0.0063
550,429.56749965991435,452597,22.5,0.015,0.0063
551,429.56751692471687,452078,23.0,0.015,0.0063
552,429.56749856282374,451544,23.5,0.015,0.0063
553,429.5675341847495,450996,24.0,0.015,0.0063
554,429.56743623979713,450440,24.5,0.015,0.0063
555,429.5675642617939,449873,25.0,0.015,0.0063
556,429.5675035472241,449293,25.5,0.015,0.0063
557,429.5673959394978,448701,26.0,0.015,0.0063
558,429.5674166266329,448098,26.5,0.015,0.0063
559,429.5674878637733,447488,27.0,0.015,0.0063
560,429.56739429068716,446869,27.5,0.015,0.0063
561,429.5674018958066,446242,28.0,0.015,0.0063
562,429.5674963818668,445607,28.5,0.015,0.0063
563,429.5674236147101,444963,29.0,0.015,0.0063
564,429.56746721438645,444314,29.5,0.015,0.0063
565,429.5674237738339,443659,30.0,0.015,0.0063
566,429.56756179094424,442998,30.5,0.015,0.0063
567,429.5675108853804,442329,31.0,0.015,0.0063
568,429.5674709284154,441653,31.5,0.015,0.0063
569,429.5675015243206,440971,32.0,0.015,0.0063
570,429.56739483912753,440283,32.5,0.015,0.0063
571,429.56747895965026,439591,33.0,0.015,0.0063
572,429.5675607030124,438894,33.5,0.015,0.0063
573,429.5674021066466,438191,34.0,0.015,0.0063
574,429.5674431667856,437485,34.5,0.015,0.0063
575,429.5675726461643,436775,35.0,0.015,0.0063
576,429.56754901941883,436059,35.5,0.015,0.0063
577,429.5674483096238,435338,36.0,0.015,0.0063
578,429.5675508047696,434615,36.5,0.015,0.0063
579,429.56748486341945,433888,37.0,0.015,0.0063
580,429.56740211885824,433158,37.5,0.015,0.0063
581,429.567494589661,432426,38.0,0.015,0.0063
582,429.5674147691454,431690,38.5,0.015,0.0063
583,429.5673905524308,430951,39.0,0.015,0.0063
584,429.56746546983385,430209,39.5,0.015,0.0063
585,429.567557997677,429465,40.0,0.015,0.0063
586,429.5673951585698,428718,40.5,0.015,0.0063
587,429.56755223132825,427971,41.0,0.015,0.0063
588,429.5674767658891,427221,41.5,0.015,0.0063
589,429.5675665455615,426470,42.0,0.015,0.0063
590,429.56751832624394,425716,42.5,0.015,0.0063
591,429.56752373813293,424961,43.0,0.015,0.0063
592,429.56756499126425,424206,43.5,0.015,0.0063
593,429.56742687555175,423450,44.0,0.015,0.0063
594,429.5675128148349,422693,44.5,0.015,0.0063
595,429.56747244057124,421933,45.0,0.015,0.0063
596,429.5675189566897,421172,45.5,0.015,0.0063
597,429.567436359396,420409,46.0,0.015,0.0063
598,429.5674996171113,419647,46.5,0.015,0.0063
599,429.5675055224305,418885,47.0,0.015,0.0063
600,429.56745443563926,418123,47.5,0.015,0.0063
601,429.5675571937352,417362,48.0,0.015,0.0063
602,429.5674828025711,416600,48.5,0.015,0.0063
603,429.5674171578729,415838,49.0,0.015,0.0063
604,429.5674578002139,415075,49.5,0.015,0.0063
605,429.56752768120674,414311,50.0,0.015,0.0063
606,429.99765604443206,443016,0.0,0.006,0.0063
607,429.5681191117653,441294,0.5,0.006,0.0063
608,429.5678618753659,440373,1.0,0.006,0.0063
609,429.56794447128703,439453,1.5,0.006,0.0063
610,429.56806719970774,438519,2.0,0.006,0.0063
611,429.56806925425354,437551,2.5,0.006,0.0063
612,429.5680719731253,436576,3.0,0.006,0.0063
613,429.5680709458592,435591,3.5,0.006,0.0063
614,429.5676944771899,434572,4.0,0.006,0.0063
615,429.56768643856765,433544,4.5,0.006,0.0063
616,429.56798091370797,432499,5.0,0.006,0.0063
617,429.56767935588067,431420,5.5,0.006,0.0063
618,429.5677043508504,430345,6.0,0.006,0.0063
619,429.567877919223,429246,6.5,0.006,0.0063
620,429.5679365127819,428122,7.0,0.006,0.0063
621,429.56792485866526,427016,7.5,0.006,0.0063
622,429.56786730240316,425878,8.0,0.006,0.0063
623,429.56767235099187,424727,8.5,0.006,0.0063
624,429.56794912861915,423585,9.0,0.006,0.0063
625,429.56773427657475,422413,9.5,0.006,0.0063
626,429.56774800542405,421248,10.0,0.006,0.0063
627,429.56774800248553,420070,10.5,0.006,0.0063
628,429.5676890057716,418883,11.0,0.006,0.0063
629,429.5679571957524,417696,11.5,0.006,0.0063
630,429.5678334586228,416488,12.0,0.006,0.0063
631,429.5677298864376,415297,12.5,0.006,0.0063
632,429.56779095588814,414082,13.0,0.006,0.0063
633,429.56790532856485,412868,13.5,0.006,0.0063
634,429.56772133509844,411658,14.0,0.006,0.0063
635,429.56775006059434,410417,14.5,0.006,0.0063
636,429.5676782707308,409186,15.0,0.006,0.0063
637,429.5677976367725,407934,15.5,0.006,0.0063
638,429.5678356856936,406695,16.0,0.006,0.0063
639,429.56786899366347,405446,16.5,0.006,0.0063
640,429.56783305943316,404202,17.0,0.006,0.0063
641,429.5679231233843,402951,17.5,0.006,0.0063
642,429.56780442515617,401681,18.0,0.006,0.0063
643,429.567888686468,400425,18.5,0.006,0.0063
644,429.5677604028653,399156,19.0,0.006,0.0063
645,429.56788407355293,397909,19.5,0.006,0.0063
646,429.5677398032889,396654,20.0,0.006,0.0063
647,429.567836829094,395414,20.5,0.006,0.0063
648,429.56788438657225,394145,21.0,0.006,0.0063
649,429.56771717145625,392878,21.5,0.006,0.0063
650,429.5679459703247,391619,22.0,0.006,0.0063
651,429.56793613543726,390357,22.5,0.006,0.0063
652,429.56788638187675,389113,23.0,0.006,0.0063
653,429.56788095744486,387865,23.5,0.006,0.0063
654,429.5678074264291,386615,24.0,0.006,0.0063
655,429.5677998303391,385348,24.5,0.006,0.0063
656,429.5677037884356,384096,25.0,0.006,0.0063
657,429.567674885557,382841,25.5,0.006,0.0063
658,429.56774948632005,381597,26.0,0.006,0.0063
659,429.5676890573837,380361,26.5,0.006,0.0063
660,429.56769353521264,379119,27.0,0.006,0.0063
661,429.56787665779075,377874,27.5,0.006,0.0063
662,429.5678677658111,376621,28.0,0.006,0.0063
663,429.56784391857866,375385,28.5,0.006,0.0063
664,429.5676796939713,374142,29.0,0.006,0.0063
665,429.56768878490084,372919,29.5,0.006,0.0063
666,429.5679011880962,371696,30.0,0.006,0.0063
667,429.56775226136625,370461,30.5,0.006,0.0063
668,429.5678492178326,369228,31.0,0.006,0.0063
669,429.567796671674,367997,31.5,0.006,0.0063
670,429.56776809541896,366777,32.0,0.006,0.0063
671,429.56788653577826,365556,32.5,0.006,0.0063
672,429.5679029256222,364353,33.0,0.006,0.0063
673,429.5677986498448,363134,33.5,0.006,0.0063
674,429.56779815533815,361922,34.0,0.006,0.0063
675,429.56783663589255,360705,34.5,0.006,0.0063
676,429.5677938386253,359500,35.0,0.006,0.0063
677,429.5677768187451,358298,35.5,0.006,0.0063
678,429.5678948147432,357103,36.0,0.006,0.0063
679,429.5677578449258,355916,36.5,0.006,0.0063
680,429.5678452686645,354713,37.0,0.006,0.0063
681,429.5678647820292,353523,37.5,0.006,0.0063
682,429.56790729472317,352328,38.0,0.006,0.0063
683,429.56774375347624,351148,38.5,0.006,0.0063
684,429.5676858114802,349967,39.0,0.006,0.0063
685,429.5678735911158,348800,39.5,0.006,0.0063
686,429.5677046960977,347624,40.0,0.006,0.0063
687,429.56780045655455,346447,40.5,0.006,0.0063
688,429.5678250904714,345280,41.0,0.006,0.0063
689,429.56792697056824,344111,41.5,0.006,0.0063
690,429.56769308078447,342956,42.0,0.006,0.0063
691,429.5679240702509,341801,42.5,0.006,0.0063
692,429.5678349136668,340654,43.0,0.006,0.0063
693,429.5677257698269,339498,43.5,0.006,0.0063
694,429.56773771175057,338348,44.0,0.006,0.0063
695,429.56781282737074,337206,44.5,0.006,0.0063
696,429.5678599587017,336064,45.0,0.006,0.0063
697,429.5678092204768,334936,45.5,0.006,0.0063
698,429.5677427540404,333807,46.0,0.006,0.0063
699,429.567724835198,332678,46.5,0.006,0.0063
700,429.5676888013849,331548,47.0,0.006,0.0063
701,429.567908022454,330426,47.5,0.006,0.0063
702,429.5678109822763,329310,48.0,0.006,0.0063
703,429.5679089538129,328196,48.5,0.006,0.0063
704,429.5677756450425,327095,49.0,0.006,0.0063
705,429.56772168064566,325986,49.5,0.006,0.0063
706,429.5678997270762,324884,50.0,0.006,0.0063
707,429.99753269958546,443016,0.0,0.01,0.0063
708,429.5678225088123,442525,0.5,0.01,0.0063
709,429.5678402240811,442822,1.0,0.01,0.0063
710,429.56767340405463,443067,1.5,0.01,0.0063
711,429.56755932358755,443241,2.0,0.01,0.0063
712,429.5676716368762,443344,2.5,0.01,0.0063
713,429.5676600650689,443379,3.0,0.01,0.0063
714,429.56764890589585,443357,3.5,0.01,0.0063
715,429.5675999189451,443273,4.0,0.01,0.0063
716,429.5676966483189,443140,4.5,0.01,0.0063
717,429.5678798796454,442950,5.0,0.01,0.0063
718,429.5677988312348,442717,5.5,0.01,0.0063
719,429.56773786579873,442437,6.0,0.01,0.0063
720,429.5678632664215,442119,6.5,0.01,0.0063
721,429.56753519852714,441761,7.0,0.01,0.0063
722,429.5678351028934,441370,7.5,0.01,0.0063
723,429.56773203906164,440945,8.0,0.01,0.0063
724,429.56768448672386,440490,8.5,0.01,0.0063
725,429.5676077768929,440009,9.0,0.01,0.0063
726,429.56766095436683,439500,9.5,0.01,0.0063
727,429.5677645650941,438963,10.0,0.01,0.0063
728,429.5678073959051,438402,10.5,0.01,0.0063
729,429.5676697774503,437824,11.0,0.01,0.0063
730,429.56771819689965,437226,11.5,0.01,0.0063
731,429.5676516950442,436605,12.0,0.01,0.0063
732,429.56775995579665,435962,12.5,0.01,0.0063
733,429.56779939960154,435301,13.0,0.01,0.0063
734,429.5676228091006,434619,13.5,0.01,0.0063
735,429.56759015018145,433923,14.0,0.01,0.0063
736,429.56775345777794,433217,14.5,0.01,0.0063
737,429.5675848744359,432496,15.0,0.01,0.0063
738,429.5675838981834,431759,15.5,0.01,0.0063
739,429.5676808408818,431006,16.0,0.01,0.0063
740,429.56758381533604,430239,16.5,0.01,0.0063
741,429.5677253902537,429467,17.0,0.01,0.0063
742,429.56755272362153,428684,17.5,0.01,0.0063
743,429.56773596386563,427889,18.0,0.01,0.0063
744,429.5677506051143,427080,18.5,0.01,0.0063
745,429.56772805739996,426262,19.0,0.01,0.0063
746,429.56758752373713,425439,19.5,0.01,0.0063
747,429.5677746355743,424609,20.0,0.01,0.0063
748,429.56757832165187,423766,20.5,0.01,0.0063
749,429.56765532244833,422914,21.0,0.01,0.0063
750,429.56777822696137,422056,21.5,0.01,0.0063
751,429.56776983921,421192,22.0,0.01,0.0063
752,429.5677202191082,420317,22.5,0.01,0.0063
753,429.567673069744,419431,23.0,0.01,0.0063
754,429.56757178206215,418543,23.5,0.01,0.0063
755,429.56765646983627,417654,24.0,0.01,0.0063
756,429.567664880479,416757,24.5,0.01,0.0063
757,429.5677150101503,415852,25.0,0.01,0.0063
758,429.56768107465547,414943,25.5,0.01,0.0063
759,429.5676950747358,414029,26.0,0.01,0.0063
760,429.5676008948653,413107,26.5,0.01,0.0063
761,429.5675781007621,412178,27.0,0.01,0.0063
762,429.56771969189805,411252,27.5,0.01,0.0063
763,429.567634151349,410325,28.0,0.01,0.0063
764,429.5676158088885,409393,28.5,0.01,0.0063
765,429.56766176397866,408459,29.0,0.01,0.0063
766,429.56768634128696,407530,29.5,0.01,0.0063
767,429.5675684646729,406586,30.0,0.01,0.0063
768,429.56774467585007,405636,30.5,0.01,0.0063
769,429.5676768982364,404685,31.0,0.01,0.0063
770,429.56762063489595,403737,31.5,0.01,0.0063
771,429.5676806727622,402787,32.0,0.01,0.0063
772,429.5676523421715,401833,32.5,0.01,0.0063
773,429.5677609615697,400885,33.0,0.01,0.0063
774,429.5675384524276,399939,33.5,0.01,0.0063
775,429.5676289294768,398984,34.0,0.01,0.0063
776,429.5675696093052,398021,34.5,0.01,0.0063
777,429.56755122253935,397062,35.0,0.01,0.0063
778,429.56759062698507,396102,35.5,0.01,0.0063
779,429.56771951997746,395139,36.0,0.01,0.0063
780,429.56764553270233,394180,36.5,0.01,0.0063
781,429.5676630201884,393225,37.0,0.01,0.0063
782,429.56753597636646,392268,37.5,0.01,0.0063
783,429.56763203596824,391314,38.0,0.01,0.0063
784,429.5676603914077,390352,38.5,0.01,0.0063
785,429.56764958228456,389389,39.0,0.01,0.0063
786,429.567623857472,388423,39.5,0.01,0.0063
787,429.5676313109513,387462,40.0,0.01,0.0063
788,429.56760693534846,386504,40.5,0.01,0.0063
789,429.567716935444,385545,41.0,0.01,0.0063
790,429.5676909079185,384589,41.5,0.01,0.0063
791,429.5676095164795,383639,42.0,0.01,0.0063
792,429.5676177284125,382684,42.5,0.01,0.0063
793,429.5676640708022,381722,43.0,0.01,0.0063
794,429.56755687515334,380764,43.5,0.01,0.0063
795,429.5675956672658,379809,44.0,0.01,0.0063
796,429.56755152743233,378852,44.5,0.01,0.0063
797,429.56765180898316,377900,45.0,0.01,0.0063
798,429.56770915530393,376953,45.5,0.01,0.0063
799,429.5676826496382,376007,46.0,0.01,0.0063
800,429.56774427470714,375063,46.5,0.01,0.0063
801,429.5676739021056,374113,47.0,0.01,0.0063
802,429.567676213956,373165,47.5,0.01,0.0063
803,429.5677422490726,372216,48.0,0.01,0.0063
804,429.5676909599653,371271,48.5,0.01,0.0063
805,429.5675635366455,370330,49.0,0.01,0.0063
806,429.56774609268297,369391,49.5,0.01,0.0063
807,429.56765156493674,368454,50.0,0.01,0.0063
808,429.99747102740315,443016,0.0,0.012,0.0063
809,429.56751339944975,443147,0.5,0.012,0.0063
810,429.5677798495157,444047,1.0,0.012,0.0063
811,429.56768652806977,444831,1.5,0.012,0.0063
812,429.5676596317283,445538,2.0,0.012,0.0063
813,429.5678293492369,446137,2.5,0.012,0.0063
814,429.5676001851418,446639,3.0,0.012,0.0063
815,429.5676254548721,447069,3.5,0.012,0.0063
816,429.5677299598678,447415,4.0,0.012,0.0063
817,429.56750015065495,447685,4.5,0.012,0.0063
818,429.56759038734106,447878,5.0,0.012,0.0063
819,429.5676799893175,448013,5.5,0.012,0.0063
820,429.5675244644956,448092,6.0,0.012,0.0063
821,429.5675373316218,448124,6.5,0.012,0.0063
822,429.56753613555884,448112,7.0,0.012,0.0063
823,429.5675784504816,448058,7.5,0.012,0.0063
824,429.567642192406,447958,8.0,0.012,0.0063
825,429.56754570888074,447816,8.5,0.012,0.0063
826,429.5675841466987,447642,9.0,0.012,0.0063
827,429.56772171678915,447428,9.5,0.012,0.0063
828,429.5674870454264,447172,10.0,0.012,0.0063
829,429.5675706096886,446895,10.5,0.012,0.0063
830,429.56751698973454,446586,11.0,0.012,0.0063
831,429.56757652445793,446245,11.5,0.012,0.0063
832,429.5675905778077,445878,12.0,0.012,0.0063
833,429.56766736142214,445489,12.5,0.012,0.0063
834,429.5675757754562,445073,13.0,0.012,0.0063
835,429.5676025510978,444632,13.5,0.012,0.0063
836,429.56757669295723,444173,14.0,0.012,0.0063
837,429.56759142512914,443692,14.5,0.012,0.0063
838,429.56762583531474,443189,15.0,0.012,0.0063
839,429.5676833719463,442670,15.5,0.012,0.0063
840,429.56771279471997,442136,16.0,0.012,0.0063
841,429.56748396819876,441585,16.5,0.012,0.0063
842,429.5677053285947,441020,17.0,0.012,0.0063
843,429.5676360007851,440438,17.5,0.012,0.0063
844,429.5675912074784,439840,18.0,0.012,0.0063
845,429.56759343810967,439226,18.5,0.012,0.0063
846,429.56768240696465,438600,19.0,0.012,0.0063
847,429.56769951117406,437959,19.5,0.012,0.0063
848,429.5676321734994,437303,20.0,0.012,0.0063
849,429.56767263524375,436636,20.5,0.012,0.0063
850,429.56754538744315,435958,21.0,0.012,0.0063
851,429.5675254164669,435270,21.5,0.012,0.0063
852,429.56750296024734,434571,22.0,0.012,0.0063
853,429.56748464141106,433862,22.5,0.012,0.0063
854,429.56763039496906,433142,23.0,0.012,0.0063
855,429.56766482434364,432411,23.5,0.012,0.0063
856,429.5676113606819,431673,24.0,0.012,0.0063
857,429.56763939360474,430929,24.5,0.012,0.0063
858,429.5675134412226,430177,25.0,0.012,0.0063
859,429.56754626563634,429417,25.5,0.012,0.0063
860,429.56759813766564,428647,26.0,0.012,0.0063
861,429.56753084978504,427869,26.5,0.012,0.0063
862,429.5676234650882,427088,27.0,0.012,0.0063
863,429.5675744011272,426302,27.5,0.012,0.0063
864,429.5674792403146,425510,28.0,0.012,0.0063
865,429.56760839270794,424712,28.5,0.012,0.0063
866,429.5675835586224,423906,29.0,0.012,0.0063
867,429.5675906444282,423096,29.5,0.012,0.0063
868,429.5675508727744,422283,30.0,0.012,0.0063
869,429.56751421491373,421466,30.5,0.012,0.0063
870,429.56764554959557,420644,31.0,0.012,0.0063
871,429.56760878234667,419816,31.5,0.012,0.0063
872,429.567485933649,418987,32.0,0.012,0.0063
873,429.5675469263558,418156,32.5,0.012,0.0063
874,429.56754787533515,417320,33.0,0.012,0.0063
875,429.56759117990197,416479,33.5,0.012,0.0063
876,429.5675854521834,415634,34.0,0.012,0.0063
877,429.5675017863326,414789,34.5,0.012,0.0063
878,429.56747710695663,413944,35.0,0.012,0.0063
879,429.5676473721195,413098,35.5,0.012,0.0063
880,429.56763351266096,412244,36.0,0.012,0.0063
881,429.56765941877575,411388,36.5,0.012,0.0063
882,429.5675895143241,410532,37.0,0.012,0.0063
883,429.56763743697627,409676,37.5,0.012,0.0063
884,429.56760339517785,408817,38.0,0.012,0.0063
885,429.5676101954985,407956,38.5,0.012,0.0063
886,429.5675984535991,407097,39.0,0.012,0.0063
887,429.5676540723139,406235,39.5,0.012,0.0063
888,429.56763959208286,405371,40.0,0.012,0.0063
889,429.56763634055295,404504,40.5,0.012,0.0063
890,429.5674919856456,403637,41.0,0.012,0.0063
891,429.5675759858611,402773,41.5,0.012,0.0063
892,429.567501680836,401909,42.0,0.012,0.0063
893,429.5675742793035,401044,42.5,0.012,0.0063
894,429.56750273659384,400172,43.0,0.012,0.0063
895,429.56756526302524,399302,43.5,0.012,0.0063
896,429.56751140150266,398432,44.0,0.012,0.0063
897,429.56747770877826,397561,44.5,0.012,0.0063
898,429.5675613284146,396689,45.0,0.012,0.0063
899,429.56760106624375,395819,45.5,0.012,0.0063
900,429.56764937830974,394951,46.0,0.012,0.0063
901,429.56753647362376,394083,46.5,0.012,0.0063
902,429.56754708397114,393215,47.0,0.012,0.0063
903,429.5675452138758,392349,47.5,0.012,0.0063
904,429.56761374996734,391479,48.0,0.012,0.0063
905,429.5675383364287,390609,48.5,0.012,0.0063
906,429.56765532415096,389739,49.0,0.012,0.0063
907,429.5674850198298,388869,49.5,0.012,0.0063
908,429.5675293864267,388003,50.0,0.012,0.0063
909,429.99756353573724,443016,0.0,0.009,0.0063
910,429.56804142187866,442221,0.5,0.009,0.0063
911,429.5678952414368,442216,1.0,0.009,0.0063
912,429.5676874931587,442165,1.5,0.009,0.0063
913,429.56763014830517,442064,2.0,0.009,0.0063
914,429.5677452873282,441911,2.5,0.009,0.0063
915,429.5676801933349,441705,3.0,0.009,0.0063
916,429.56791816678805,441450,3.5,0.009,0.0063
917,429.5675998692427,441149,4.0,0.009,0.0063
918,429.5676995332274,440802,4.5,0.009,0.0063
919,429.56788196078537,440416,5.0,0.009,0.0063
920,429.5675914688727,439986,5.5,0.009,0.0063
921,429.56759357387796,439519,6.0,0.009,0.0063
922,429.56777925733275,439018,6.5,0.009,0.0063
923,429.56782270456296,438481,7.0,0.009,0.0063
924,429.56775480273615,437914,7.5,0.009,0.0063
925,429.5678506234388,437318,8.0,0.009,0.0063
926,429.5676241235565,436703,8.5,0.009,0.0063
927,429.5677740606644,436067,9.0,0.009,0.0063
928,429.56772803309326,435405,9.5,0.009,0.0063
929,429.5675667207716,434719,10.0,0.009,0.0063
930,429.56773204429356,434010,10.5,0.009,0.0063
931,429.56768925660333,433282,11.0,0.009,0.0063
932,429.567638028971,432544,11.5,0.009,0.0063
933,429.5676890516379,431788,12.0,0.009,0.0063
934,429.5677298688702,431011,12.5,0.009,0.0063
935,429.5677330853155,430214,13.0,0.009,0.0063
936,429.5678504656023,429408,13.5,0.009,0.0063
937,429.56761786171927,428595,14.0,0.009,0.0063
938,429.567656217236,427765,14.5,0.009,0.0063
939,429.56779436841055,426917,15.0,0.009,0.0063
940,429.5678015806543,426058,15.5,0.009,0.0063
941,429.5677685971368,425198,16.0,0.009,0.0063
942,429.567570412874,424327,16.5,0.009,0.0063
943,429.5677383541485,423438,17.0,0.009,0.0063
944,429.5677870793304,422540,17.5,0.009,0.0063
945,429.56767979886024,421642,18.0,0.009,0.0063
946,429.5677362382206,420735,18.5,0.009,0.0063
947,429.56781928843037,419816,19.0,0.009,0.0063
948,429.56772997466743,418889,19.5,0.009,0.0063
949,429.56761861279585,417961,20.0,0.009,0.0063
950,429.56763216662046,417023,20.5,0.009,0.0063
951,429.56776692308415,416077,21.0,0.009,0.0063
952,429.567662672139,415133,21.5,0.009,0.0063
953,429.56758932533313,414180,22.0,0.009,0.0063
954,429.5677768798399,413217,22.5,0.009,0.0063
955,429.56772208448245,412252,23.0,0.009,0.0063
956,429.56777170118613,411291,23.5,0.009,0.0063
957,429.56758120621635,410319,24.0,0.009,0.0063
958,429.56776377238884,409338,24.5,0.009,0.0063
959,429.5677181529213,408361,25.0,0.009,0.0063
960,429.5677028694364,407381,25.5,0.009,0.0063
961,429.56758733291736,406393,26.0,0.009,0.0063
962,429.5677150968897,405403,26.5,0.009,0.0063
963,429.56772567557726,404408,27.0,0.009,0.0063
964,429.5677946705576,403403,27.5,0.009,0.0063
965,429.567746054634,402396,28.0,0.009,0.0063
966,429.56768046962526,401392,28.5,0.009,0.0063
967,429.5677960003653,400382,29.0,0.009,0.0063
968,429.56762175981686,399368,29.5,0.009,0.0063
969,429.5678062945879,398362,30.0,0.009,0.0063
970,429.5676312563984,397352,30.5,0.009,0.0063
971,429.56762045309057,396339,31.0,0.009,0.0063
972,429.56763958642256,395319,31.5,0.009,0.0063
973,429.5677274468857,394297,32.0,0.009,0.0063
974,429.56767081597866,393269,32.5,0.009,0.0063
975,429.56772377609593,392248,33.0,0.009,0.0063
976,429.5677228851688,391228,33.5,0.009,0.0063
977,429.5676704484417,390204,34.0,0.009,0.0063
978,429.5676293093234,389188,34.5,0.009,0.0063
979,429.56766743625377,388177,35.0,0.009,0.0063
980,429.5677992045724,387165,35.5,0.009,0.0063
981,429.5675786184616,386150,36.0,0.009,0.0063
982,429.56762322677497,385127,36.5,0.009,0.0063
983,429.5676344148802,384099,37.0,0.009,0.0063
984,429.5677180199163,383076,37.5,0.009,0.0063
985,429.5676158043094,382057,38.0,0.009,0.0063
986,429.5676578057348,381036,38.5,0.009,0.0063
987,429.56774906124235,380021,39.0,0.009,0.0063
988,429.56756803225136,379012,39.5,0.009,0.0063
989,429.56766642864375,378004,40.0,0.009,0.0063
990,429.5675803554662,377002,40.5,0.009,0.0063
991,429.567739090847,375991,41.0,0.009,0.0063
992,429.5677392946232,374973,41.5,0.009,0.0063
993,429.5676586178393,373957,42.0,0.009,0.0063
994,429.56774814854793,372948,42.5,0.009,0.0063
995,429.56774444375145,371938,43.0,0.009,0.0063
996,429.56769213494266,370931,43.5,0.009,0.0063
997,429.56763260154577,369932,44.0,0.009,0.0063
998,429.567651435371,368935,44.5,0.009,0.0063
999,429.56763656301393,367942,45.0,0.009,0.0063
1000,429.56772353703155,366955,45.5,0.009,0.0063
1001,429.56767111813804,365953,46.0,0.009,0.0063
1002,429.5677629946192,364952,46.5,0.009,0.0063
1003,429.56772300102193,363957,47.0,0.009,0.0063
1004,429.56756599057996,362963,47.5,0.009,0.0063
1005,429.5675866205373,361971,48.0,0.009,0.0063
1006,429.56764591051996,360987,48.5,0.009,0.0063
1007,429.5675759395177,360006,49.0,0.009,0.0063
1008,429.5677257562896,359028,49.5,0.009,0.0063
1009,429.5676187233366,358058,50.0,0.009,0.0063
1010,429.99777938989564,443016,0.0,0.002,0.0063
1011,429.56792894015604,440033,0.5,0.002,0.0063
1012,429.5680086681607,437896,1.0,0.002,0.0063
1013,429.56810659265057,435776,1.5,0.002,0.0063
1014,429.56813159755455,433660,2.0,0.002,0.0063
1015,429.5679461370028,431549,2.5,0.002,0.0063
1016,429.5681976984873,429435,3.0,0.002,0.0063
1017,429.5680472886212,427349,3.5,0.002,0.0063
1018,429.5679803209239,425279,4.0,0.002,0.0063
1019,429.5682128818928,423202,4.5,0.002,0.0063
1020,429.5681027650991,421133,5.0,0.002,0.0063
1021,429.56802876754296,419082,5.5,0.002,0.0063
1022,429.56802703444515,417050,6.0,0.002,0.0063
1023,429.56794501638745,415021,6.5,0.002,0.0063
1024,429.5682250473561,413003,7.0,0.002,0.0063
1025,429.5681978336227,410984,7.5,0.002,0.0063
1026,429.56814147522397,408988,8.0,0.002,0.0063
1027,429.5679255318717,407007,8.5,0.002,0.0063
1028,429.56789247097066,405029,9.0,0.002,0.0063
1029,429.56789827045804,403046,9.5,0.002,0.0063
1030,429.5677850206717,401089,10.0,0.002,0.0063
1031,429.56793543902353,399152,10.5,0.002,0.0063
1032,429.5679842879317,397206,11.0,0.002,0.0063
1033,429.5678641325459,395266,11.5,0.002,0.0063
1034,429.56795231846854,393352,12.0,0.002,0.0063
1035,429.56818502921175,391443,12.5,0.002,0.0063
1036,429.56805183150266,389538,13.0,0.002,0.0063
1037,429.5680975559862,387641,13.5,0.002,0.0063
1038,429.56790569773165,385756,14.0,0.002,0.0063
1039,429.56789699356483,383886,14.5,0.002,0.0063
1040,429.56778358603094,382022,15.0,0.002,0.0063
1041,429.56810071339765,380157,15.5,0.002,0.0063
1042,429.5680955225786,378312,16.0,0.002,0.0063
1043,429.5680100893379,376481,16.5,0.002,0.0063
1044,429.56813138145384,374651,17.0,0.002,0.0063
1045,429.56811511740506,372818,17.5,0.002,0.0063
1046,429.56814129596563,371017,18.0,0.002,0.0063
1047,429.56787365662404,369221,18.5,0.002,0.0063
1048,429.5682232408945,367418,19.0,0.002,0.0063
1049,429.5680768752126,365630,19.5,0.002,0.0063
1050,429.567879077515,363868,20.0,0.002,0.0063
1051,429.5679060264724,362096,20.5,0.002,0.0063
1052,429.5678094135086,360327,21.0,0.002,0.0063
1053,429.567823490022,358589,21.5,0.002,0.0063
1054,429.5680247664996,356851,22.0,0.002,0.0063
1055,429.5679994485216,355111,22.5,0.002,0.0063
1056,429.5680884310058,353388,23.0,0.002,0.0063
1057,429.568093233561,351682,23.5,0.002,0.0063
1058,429.5678878433303,349971,24.0,0.002,0.0063
1059,429.56780941370556,348266,24.5,0.002,0.0063
1060,429.5681258030237,346589,25.0,0.002,0.0063
1061,429.56802190077417,344907,25.5,0.002,0.0063
1062,429.5680432582783,343227,26.0,0.002,0.0063
1063,429.56780116973397,341571,26.5,0.002,0.0063
1064,429.56808900467104,339918,27.0,0.002,0.0063
1065,429.5678352021336,338264,27.5,0.002,0.0063
1066,429.56813622911335,336630,28.0,0.002,0.0063
1067,429.5678533270763,335003,28.5,0.002,0.0063
1068,429.5678893620712,333376,29.0,0.002,0.0063
1069,429.56797456853906,331761,29.5,0.002,0.0063
1070,429.567920717297,330163,30.0,0.002,0.0063
1071,429.5681165122335,328562,30.5,0.002,0.0063
1072,429.5679802249657,326968,31.0,0.002,0.0063
1073,429.5682052567514,325392,31.5,0.002,0.0063
1074,429.56790437564763,323803,32.0,0.002,0.0063
1075,429.5680691533339,322216,32.5,0.002,0.0063
1076,429.5679819855966,320654,33.0,0.002,0.0063
1077,429.5678844275031,319093,33.5,0.002,0.0063
1078,429.5679919645406,317537,34.0,0.002,0.0063
1079,429.5680122911229,316007,34.5,0.002,0.0063
1080,429.56820507148365,314463,35.0,0.002,0.0063
1081,429.56802470407837,312921,35.5,0.002,0.0063
1082,429.5679754302538,311408,36.0,0.002,0.0063
1083,429.5681066879046,309900,36.5,0.002,0.0063
1084,429.56782221497946,308398,37.0,0.002,0.0063
1085,429.5679159955422,306917,37.5,0.002,0.0063
1086,429.5681591029963,305422,38.0,0.002,0.0063
1087,429.5678830661004,303931,38.5,0.002,0.0063
1088,429.5680680124905,302468,39.0,0.002,0.0063
1089,429.56789898560424,301005,39.5,0.002,0.0063
1090,429.5678294353139,299555,40.0,0.002,0.0063
1091,429.5681609569551,298115,40.5,0.002,0.0063
1092,429.5679798604703,296663,41.0,0.002,0.0063
1093,429.5678261250362,295227,41.5,0.002,0.0063
1094,429.56820124796354,293808,42.0,0.002,0.0063
1095,429.56820538238514,292388,42.5,0.002,0.0063
1096,429.56781431168264,290993,43.0,0.002,0.0063
1097,429.56779950044285,289587,43.5,0.002,0.0063
1098,429.56805067319857,288180,44.0,0.002,0.0063
1099,429.5679711004627,286798,44.5,0.002,0.0063
1100,429.56781341859744,285416,45.0,0.002,0.0063
1101,429.5679471560971,284046,45.5,0.002,0.0063
1102,429.5678840171348,282695,46.0,0.002,0.0063
1103,429.56823079703196,281325,46.5,0.002,0.0063
1104,429.56812954408383,279974,47.0,0.002,0.0063
1105,429.5681086678327,278630,47.5,0.002,0.0063
1106,429.5679197220308,277288,48.0,0.002,0.0063
1107,429.5678821762503,275973,48.5,0.002,0.0063
1108,429.56779640066185,274650,49.0,0.002,0.0063
1109,429.56808987422767,273331,49.5,0.002,0.0063
1110,429.56809592487997,272023,50.0,0.002,0.0063
1111,429.9976252081608,443016,0.0,0.007,0.0063
1112,429.5678608279258,441605,0.5,0.007,0.0063
1113,429.5676393423047,440997,1.0,0.007,0.0063
1114,429.5677048131897,440361,1.5,0.007,0.0063
1115,429.56801100892733,439699,2.0,0.007,0.0063
1116,429.56801087513753,439023,2.5,0.007,0.0063
1117,429.56797320720233,438316,3.0,0.007,0.0063
1118,429.5678546279774,437574,3.5,0.007,0.0063
1119,429.56791564320457,436797,4.0,0.007,0.0063
1120,429.5679986057075,436007,4.5,0.007,0.0063
1121,429.5678522338568,435190,5.0,0.007,0.0063
1122,429.5678086266313,434341,5.5,0.007,0.0063
1123,429.56785577552006,433463,6.0,0.007,0.0063
1124,429.5677839874359,432577,6.5,0.007,0.0063
1125,429.5676285003553,431670,7.0,0.007,0.0063
1126,429.5679100973237,430741,7.5,0.007,0.0063
1127,429.56795288353635,429791,8.0,0.007,0.0063
1128,429.56791068073045,428837,8.5,0.007,0.0063
1129,429.5676361591048,427861,9.0,0.007,0.0063
1130,429.56785452102275,426865,9.5,0.007,0.0063
1131,429.5676517513899,425870,10.0,0.007,0.0063
1132,429.5677113868647,424857,10.5,0.007,0.0063
1133,429.5677087092832,423825,11.0,0.007,0.0063
1134,429.5678268994672,422797,11.5,0.007,0.0063
1135,429.5679298832851,421752,12.0,0.007,0.0063
1136,429.5677771884799,420692,12.5,0.007,0.0063
1137,429.56780758501617,419636,13.0,0.007,0.0063
1138,429.56772538206354,418563,13.5,0.007,0.0063
1139,429.56764341710004,417481,14.0,0.007,0.0063
1140,429.5677004581205,416395,14.5,0.007,0.0063
1141,429.56769208128236,415288,15.0,0.007,0.0063
1142,429.5678837959832,414181,15.5,0.007,0.0063
1143,429.56775555952515,413072,16.0,0.007,0.0063
1144,429.56767674482955,411948,16.5,0.007,0.0063
1145,429.5678881158373,410838,17.0,0.007,0.0063
1146,429.56771326203517,409703,17.5,0.007,0.0063
1147,429.56777499767344,408559,18.0,0.007,0.0063
1148,429.56781250481214,407426,18.5,0.007,0.0063
1149,429.5678061504825,406281,19.0,0.007,0.0063
1150,429.567816345949,405144,19.5,0.007,0.0063
1151,429.56769413471466,404013,20.0,0.007,0.0063
1152,429.56777586609525,402860,20.5,0.007,0.0063
1153,429.5678638373801,401711,21.0,0.007,0.0063
1154,429.56787787404994,400553,21.5,0.007,0.0063
1155,429.56775266366816,399396,22.0,0.007,0.0063
1156,429.56762963779664,398249,22.5,0.007,0.0063
1157,429.5677255426391,397096,23.0,0.007,0.0063
1158,429.56786577310834,395953,23.5,0.007,0.0063
1159,429.5676351631589,394789,24.0,0.007,0.0063
1160,429.567752779103,393624,24.5,0.007,0.0063
1161,429.5676757754619,392469,25.0,0.007,0.0063
1162,429.56787178229234,391307,25.5,0.007,0.0063
1163,429.5678208654715,390159,26.0,0.007,0.0063
1164,429.5677148138369,389013,26.5,0.007,0.0063
1165,429.56764808559495,387846,27.0,0.007,0.0063
1166,429.567741637538,386690,27.5,0.007,0.0063
1167,429.56771169349093,385525,28.0,0.007,0.0063
1168,429.56782251568166,384373,28.5,0.007,0.0063
1169,429.5677894152147,383222,29.0,0.007,0.0063
1170,429.5678417470208,382073,29.5,0.007,0.0063
1171,429.56767844823725,380925,30.0,0.007,0.0063
1172,429.56787454801497,379764,30.5,0.007,0.0063
1173,429.56783644612034,378613,31.0,0.007,0.0063
1174,429.56788738305823,377463,31.5,0.007,0.0063
1175,429.5677657397488,376313,32.0,0.007,0.0063
1176,429.5677374643761,375177,32.5,0.007,0.0063
1177,429.5676871520935,374032,33.0,0.007,0.0063
1178,429.5676563657468,372887,33.5,0.007,0.0063
1179,429.5678491618202,371743,34.0,0.007,0.0063
1180,429.5678268284701,370598,34.5,0.007,0.0063
1181,429.56780026333826,369465,35.0,0.007,0.0063
1182,429.567690890078,368328,35.5,0.007,0.0063
1183,429.56775030472136,367205,36.0,0.007,0.0063
1184,429.5676634399905,366069,36.5,0.007,0.0063
1185,429.5678019088332,364933,37.0,0.007,0.0063
1186,429.56774172717405,363807,37.5,0.007,0.0063
1187,429.56773290246105,362677,38.0,0.007,0.0063
1188,429.5677299306647,361559,38.5,0.007,0.0063
1189,429.5677253503765,360445,39.0,0.007,0.0063
1190,429.56778181999954,359324,39.5,0.007,0.0063
1191,429.5676549716269,358208,40.0,0.007,0.0063
1192,429.5678735191024,357089,40.5,0.007,0.0063
1193,429.5677632540736,355979,41.0,0.007,0.0063
1194,429.56774601068406,354873,41.5,0.007,0.0063
1195,429.56777011103856,353769,42.0,0.007,0.0063
1196,429.5676743372,352673,42.5,0.007,0.0063
1197,429.56770281576286,351566,43.0,0.007,0.0063
1198,429.5678125348537,350468,43.5,0.007,0.0063
1199,429.5677285721536,349373,44.0,0.007,0.0063
1200,429.56780508499895,348279,44.5,0.007,0.0063
1201,429.56787147454656,347197,45.0,0.007,0.0063
1202,429.5678244559913,346114,45.5,0.007,0.0063
1203,429.56767638894524,345028,46.0,0.007,0.0063
1204,429.5676632740519,343947,46.5,0.007,0.0063
1205,429.56766430616574,342865,47.0,0.007,0.0063
1206,429.5676585896102,341794,47.5,0.007,0.0063
1207,429.5676291491321,340723,48.0,0.007,0.0063
1208,429.56769444248476,339660,48.5,0.007,0.0063
1209,429.56782102101494,338595,49.0,0.007,0.0063
1210,429.56788414210445,337522,49.5,0.007,0.0063
1211,429.56782601004926,336457,50.0,0.007,0.0063
1212,429.99744019137313,443016,0.0,0.013,0.0063
1213,429.567865951412,443462,0.5,0.013,0.0063
1214,429.5678811802642,444644,1.0,0.013,0.0063
1215,429.56745725273953,445720,1.5,0.013,0.0063
1216,429.5674452575196,446668,2.0,0.013,0.0063
1217,429.56746420608357,447509,2.5,0.013,0.0063
1218,429.56773320555385,448252,3.0,0.013,0.0063
1219,429.5675202150665,448882,3.5,0.013,0.0063
1220,429.5675934743705,449433,4.0,0.013,0.0063
1221,429.5677295198778,449896,4.5,0.013,0.0063
1222,429.5676000106042,450280,5.0,0.013,0.0063
1223,429.5677484230501,450590,5.5,0.013,0.0063
1224,429.5677074644154,450847,6.0,0.013,0.0063
1225,429.56747697424765,451057,6.5,0.013,0.0063
1226,429.567710514786,451211,7.0,0.013,0.0063
1227,429.5676813050294,451305,7.5,0.013,0.0063
1228,429.56748648141723,451358,8.0,0.013,0.0063
1229,429.56759721088247,451366,8.5,0.013,0.0063
1230,429.5675286652357,451325,9.0,0.013,0.0063
1231,429.5676545907714,451254,9.5,0.013,0.0063
1232,429.5676837551174,451145,10.0,0.013,0.0063
1233,429.56759142513516,450993,10.5,0.013,0.0063
1234,429.56763248439444,450811,11.0,0.013,0.0063
1235,429.56768929619585,450599,11.5,0.013,0.0063
1236,429.5675306593504,450352,12.0,0.013,0.0063
1237,429.5674794801074,450078,12.5,0.013,0.0063
1238,429.5676243111318,449780,13.0,0.013,0.0063
1239,429.5676113315994,449453,13.5,0.013,0.0063
1240,429.56747046537066,449103,14.0,0.013,0.0063
1241,429.5675368979278,448736,14.5,0.013,0.0063
1242,429.5676317403103,448347,15.0,0.013,0.0063
1243,429.5675000272219,447935,15.5,0.013,0.0063
1244,429.56762685186203,447502,16.0,0.013,0.0063
1245,429.56748410386245,447046,16.5,0.013,0.0063
1246,429.5675893389213,446572,17.0,0.013,0.0063
1247,429.567661488653,446084,17.5,0.013,0.0063
1248,429.5674518262617,445576,18.0,0.013,0.0063
1249,429.56764485020307,445052,18.5,0.013,0.0063
1250,429.5674452940265,444509,19.0,0.013,0.0063
1251,429.56763807071906,443951,19.5,0.013,0.0063
1252,429.5674925577555,443376,20.0,0.013,0.0063
1253,429.56749282069376,442794,20.5,0.013,0.0063
1254,429.5675104416354,442198,21.0,0.013,0.0063
1255,429.5675344945,441588,21.5,0.013,0.0063
1256,429.5675576728991,440964,22.0,0.013,0.0063
1257,429.5675194041266,440326,22.5,0.013,0.0063
1258,429.56756134834853,439675,23.0,0.013,0.0063
1259,429.5675513161736,439017,23.5,0.013,0.0063
1260,429.5674824334268,438350,24.0,0.013,0.0063
1261,429.56764186365547,437675,24.5,0.013,0.0063
1262,429.5676165830114,436990,25.0,0.013,0.0063
1263,429.5675027246009,436295,25.5,0.013,0.0063
1264,429.5675897904247,435591,26.0,0.013,0.0063
1265,429.56757024505043,434878,26.5,0.013,0.0063
1266,429.56746089090893,434157,27.0,0.013,0.0063
1267,429.56750899414345,433431,27.5,0.013,0.0063
1268,429.56751788997445,432699,28.0,0.013,0.0063
1269,429.5675291043762,431961,28.5,0.013,0.0063
1270,429.56748247976157,431216,29.0,0.013,0.0063
1271,429.5675136219966,430464,29.5,0.013,0.0063
1272,429.5675553359855,429705,30.0,0.013,0.0063
1273,429.56755703542694,428942,30.5,0.013,0.0063
1274,429.56748204898105,428175,31.0,0.013,0.0063
1275,429.5675922251821,427405,31.5,0.013,0.0063
1276,429.56763588508676,426630,32.0,0.013,0.0063
1277,429.56747357923444,425848,32.5,0.013,0.0063
1278,429.567640583319,425062,33.0,0.013,0.0063
1279,429.5676325893366,424273,33.5,0.013,0.0063
1280,429.5674606562209,423481,34.0,0.013,0.0063
1281,429.56744340369346,422687,34.5,0.013,0.0063
1282,429.56758245026873,421890,35.0,0.013,0.0063
1283,429.56764191674773,421088,35.5,0.013,0.0063
1284,429.56756150339237,420281,36.0,0.013,0.0063
1285,429.5675659779177,419473,36.5,0.013,0.0063
1286,429.5675780586014,418663,37.0,0.013,0.0063
1287,429.56757269020954,417850,37.5,0.013,0.0063
1288,429.5675647366208,417033,38.0,0.013,0.0063
1289,429.567501455036,416214,38.5,0.013,0.0063
1290,429.56744431883277,415395,39.0,0.013,0.0063
1291,429.5674625007334,414576,39.5,0.013,0.0063
1292,429.5675131834116,413756,40.0,0.013,0.0063
1293,429.5675343803903,412933,40.5,0.013,0.0063
1294,429.56763320489813,412105,41.0,0.013,0.0063
1295,429.56749632081846,411276,41.5,0.013,0.0063
1296,429.5675699357897,410448,42.0,0.013,0.0063
1297,429.5676254059983,409619,42.5,0.013,0.0063
1298,429.567490142557,408787,43.0,0.013,0.0063
1299,429.5675645448185,407956,43.5,0.013,0.0063
1300,429.56751112171764,407126,44.0,0.013,0.0063
1301,429.56761838138834,406298,44.5,0.013,0.0063
1302,429.56760229140906,405470,45.0,0.013,0.0063
1303,429.5674607485296,404640,45.5,0.013,0.0063
1304,429.56745538557306,403805,46.0,0.013,0.0063
1305,429.56763009361276,402972,46.5,0.013,0.0063
1306,429.56746636079487,402138,47.0,0.013,0.0063
1307,429.56752389380534,401305,47.5,0.013,0.0063
1308,429.56752251956334,400471,48.0,0.013,0.0063
1309,429.56753496241026,399639,48.5,0.013,0.0063
1310,429.56750254274004,398809,49.0,0.013,0.0063
1311,429.56751065542727,397981,49.5,0.013,0.0063
1312,429.5675029027646,397154,50.0,0.013,0.0063
1313,429.99759437192904,443016,0.0,0.008,0.0063
1314,429.5678985990163,441914,0.5,0.008,0.0063
1315,429.5678871012478,441612,1.0,0.008,0.0063
1316,429.56759809229555,441274,1.5,0.008,0.0063
1317,429.5679588488328,440899,2.0,0.008,0.0063
1318,429.5679812626759,440483,2.5,0.008,0.0063
1319,429.5677648624859,440024,3.0,0.008,0.0063
1320,429.56774702719343,439524,3.5,0.008,0.0063
1321,429.5676705277138,438988,4.0,0.008,0.0063
1322,429.5678602622461,438426,4.5,0.008,0.0063
1323,429.5677614951926,437828,5.0,0.008,0.0063
1324,429.5676096921678,437195,5.5,0.008,0.0063
1325,429.56773469312697,436529,6.0,0.008,0.0063
1326,429.56775331114966,435831,6.5,0.008,0.0063
1327,429.56791222171313,435113,7.0,0.008,0.0063
1328,429.5678321669449,434378,7.5,0.008,0.0063
1329,429.56789898745,433617,8.0,0.008,0.0063
1330,429.5678570394532,432828,8.5,0.008,0.0063
1331,429.5676495894295,432016,9.0,0.008,0.0063
1332,429.56774451302397,431200,9.5,0.008,0.0063
1333,429.5675974262296,430363,10.0,0.008,0.0063
1334,429.56769636824737,429505,10.5,0.008,0.0063
1335,429.5676100599118,428627,11.0,0.008,0.0063
1336,429.56765189620563,427748,11.5,0.008,0.0063
1337,429.5677798637568,426854,12.0,0.008,0.0063
1338,429.5677320354659,425935,12.5,0.008,0.0063
1339,429.5677157918103,425005,13.0,0.008,0.0063
1340,429.5678167801696,424073,13.5,0.008,0.0063
1341,429.56772350444385,423123,14.0,0.008,0.0063
1342,429.56781199324803,422159,14.5,0.008,0.0063
1343,429.56772087600933,421196,15.0,0.008,0.0063
1344,429.56760084453254,420217,15.5,0.008,0.0063
1345,429.5678560318075,419223,16.0,0.008,0.0063
1346,429.5676692734974,418230,16.5,0.008,0.0063
1347,429.5676259215297,417236,17.0,0.008,0.0063
1348,429.56765136159606,416231,17.5,0.008,0.0063
1349,429.56767336943636,415213,18.0,0.008,0.0063
1350,429.56777886243015,414196,18.5,0.008,0.0063
1351,429.5677906757873,413166,19.0,0.008,0.0063
1352,429.5676614702278,412134,19.5,0.008,0.0063
1353,429.5677441924174,411110,20.0,0.008,0.0063
1354,429.5676446415174,410071,20.5,0.008,0.0063
1355,429.56774240680284,409022,21.0,0.008,0.0063
1356,429.5676619162501,407978,21.5,0.008,0.0063
1357,429.5677277045049,406925,22.0,0.008,0.0063
1358,429.5677750526495,405872,22.5,0.008,0.0063
1359,429.5678197210514,404828,23.0,0.008,0.0063
1360,429.56775971762687,403763,23.5,0.008,0.0063
1361,429.56771572171874,402697,24.0,0.008,0.0063
1362,429.5677433934121,401637,24.5,0.008,0.0063
1363,429.56761338008425,400568,25.0,0.008,0.0063
1364,429.5676991261544,399505,25.5,0.008,0.0063
1365,429.5677224963132,398443,26.0,0.008,0.0063
1366,429.5677224780623,397365,26.5,0.008,0.0063
1367,429.5678254589294,396293,27.0,0.008,0.0063
1368,429.5677334210781,395223,27.5,0.008,0.0063
1369,429.56782587991063,394147,28.0,0.008,0.0063
1370,429.56778985617143,393081,28.5,0.008,0.0063
1371,429.56762496156745,392005,29.0,0.008,0.0063
1372,429.56779269673086,390923,29.5,0.008,0.0063
1373,429.56761061892104,389849,30.0,0.008,0.0063
1374,429.5677557608666,388775,30.5,0.008,0.0063
1375,429.5678276338522,387699,31.0,0.008,0.0063
1376,429.56772741749296,386629,31.5,0.008,0.0063
1377,429.5676005263542,385549,32.0,0.008,0.0063
1378,429.56775379258596,384470,32.5,0.008,0.0063
1379,429.56779485894543,383399,33.0,0.008,0.0063
1380,429.56768605351976,382323,33.5,0.008,0.0063
1381,429.56771581465387,381254,34.0,0.008,0.0063
1382,429.56780111956215,380177,34.5,0.008,0.0063
1383,429.5678139079214,379091,35.0,0.008,0.0063
1384,429.5676248329276,378010,35.5,0.008,0.0063
1385,429.5677657659546,376931,36.0,0.008,0.0063
1386,429.5678262462808,375847,36.5,0.008,0.0063
1387,429.5676693007808,374771,37.0,0.008,0.0063
1388,429.5676463669513,373695,37.5,0.008,0.0063
1389,429.5677611408461,372620,38.0,0.008,0.0063
1390,429.56779099032684,371555,38.5,0.008,0.0063
1391,429.5678212264486,370489,39.0,0.008,0.0063
1392,429.5677209367716,369410,39.5,0.008,0.0063
1393,429.5676367278997,368336,40.0,0.008,0.0063
1394,429.5676047838197,367258,40.5,0.008,0.0063
1395,429.5676014543306,366188,41.0,0.008,0.0063
1396,429.56779752237657,365123,41.5,0.008,0.0063
1397,429.56773594063725,364056,42.0,0.008,0.0063
1398,429.5676556346132,363000,42.5,0.008,0.0063
1399,429.5677958127613,361948,43.0,0.008,0.0063
1400,429.5677301619844,360899,43.5,0.008,0.0063
1401,429.5678164146836,359863,44.0,0.008,0.0063
1402,429.56765286489986,358803,44.5,0.008,0.0063
1403,429.56765597362835,357746,45.0,0.008,0.0063
1404,429.56770637583713,356696,45.5,0.008,0.0063
1405,429.5677303937019,355644,46.0,0.008,0.0063
1406,429.5677474487115,354600,46.5,0.008,0.0063
1407,429.5678158796926,353562,47.0,0.008,0.0063
1408,429.5677537205844,352524,47.5,0.008,0.0063
1409,429.5677629902023,351497,48.0,0.008,0.0063
1410,429.5676245899212,350475,48.5,0.008,0.0063
1411,429.56780440186526,349458,49.0,0.008,0.0063
1412,429.5676875644889,348428,49.5,0.008,0.0063
1413,429.5676894256944,347398,50.0,0.008,0.0063
1414,429.9977485534781,443016,0.0,0.003,0.0063
1415,429.5681465321296,440343,0.5,0.003,0.0063
1416,429.5679100445799,438526,1.0,0.003,0.0063
1417,429.56822165002626,436700,1.5,0.003,0.0063
1418,429.56793556866575,434867,2.0,0.003,0.0063
1419,429.5680493620956,433071,2.5,0.003,0.0063
1420,429.56790918118867,431263,3.0,0.003,0.0063
1421,429.56803144475435,429446,3.5,0.003,0.0063
1422,429.5680427621626,427652,4.0,0.003,0.0063
1423,429.56812484996766,425852,4.5,0.003,0.0063
1424,429.5681913280601,424046,5.0,0.003,0.0063
1425,429.5681530612612,422262,5.5,0.003,0.0063
1426,429.56783364124954,420477,6.0,0.003,0.0063
1427,429.5678934442902,418695,6.5,0.003,0.0063
1428,429.5680024253104,416927,7.0,0.003,0.0063
1429,429.56797221613124,415157,7.5,0.003,0.0063
1430,429.56812537218696,413395,8.0,0.003,0.0063
1431,429.5680229084527,411643,8.5,0.003,0.0063
1432,429.56818322379803,409888,9.0,0.003,0.0063
1433,429.5681644141964,408140,9.5,0.003,0.0063
1434,429.5679613728118,406409,10.0,0.003,0.0063
1435,429.5678037380095,404668,10.5,0.003,0.0063
1436,429.567790604946,402936,11.0,0.003,0.0063
1437,429.567798024983,401225,11.5,0.003,0.0063
1438,429.5680975091346,399500,12.0,0.003,0.0063
1439,429.5678012833047,397785,12.5,0.003,0.0063
1440,429.56782657642685,396092,13.0,0.003,0.0063
1441,429.5680337022258,394382,13.5,0.003,0.0063
1442,429.5677606933265,392686,14.0,0.003,0.0063
1443,429.5681185811546,391011,14.5,0.003,0.0063
1444,429.56780216480223,389315,15.0,0.003,0.0063
1445,429.56783131356525,387640,15.5,0.003,0.0063
1446,429.5680243680292,385981,16.0,0.003,0.0063
1447,429.56815250421187,384302,16.5,0.003,0.0063
1448,429.56779139644976,382647,17.0,0.003,0.0063
1449,429.567955049117,381001,17.5,0.003,0.0063
1450,429.56788407999807,379342,18.0,0.003,0.0063
1451,429.567758783861,377708,18.5,0.003,0.0063
1452,429.56777005157045,376075,19.0,0.003,0.0063
1453,429.5677894017962,374439,19.5,0.003,0.0063
1454,429.56792937207194,372824,20.0,0.003,0.0063
1455,429.56810607434215,371205,20.5,0.003,0.0063
1456,429.56798193685637,369591,21.0,0.003,0.0063
1457,429.5678214786771,367976,21.5,0.003,0.0063
1458,429.56801660293047,366352,22.0,0.003,0.0063
1459,429.56813024892756,364745,22.5,0.003,0.0063
1460,429.56781825234475,363146,23.0,0.003,0.0063
1461,429.5680233961875,361547,23.5,0.003,0.0063
1462,429.5681157424321,359978,24.0,0.003,0.0063
1463,429.5679254173836,358385,24.5,0.003,0.0063
1464,429.5677790989018,356794,25.0,0.003,0.0063
1465,429.56781175773006,355232,25.5,0.003,0.0063
1466,429.56809279176946,353671,26.0,0.003,0.0063
1467,429.5681207650591,352127,26.5,0.003,0.0063
1468,429.56804726111267,350599,27.0,0.003,0.0063
1469,429.56790515802,349042,27.5,0.003,0.0063
1470,429.5678212236114,347508,28.0,0.003,0.0063
1471,429.56795664217907,345981,28.5,0.003,0.0063
1472,429.56797655754355,344458,29.0,0.003,0.0063
1473,429.56801081735824,342966,29.5,0.003,0.0063
1474,429.5680555021484,341461,30.0,0.003,0.0063
1475,429.56808686759575,339955,30.5,0.003,0.0063
1476,429.5680690374815,338462,31.0,0.003,0.0063
1477,429.56779553008414,336967,31.5,0.003,0.0063
1478,429.5678235533567,335501,32.0,0.003,0.0063
1479,429.5678576211297,334039,32.5,0.003,0.0063
1480,429.5680854681011,332571,33.0,0.003,0.0063
1481,429.5681139164743,331112,33.5,0.003,0.0063
1482,429.5678574613547,329648,34.0,0.003,0.0063
1483,429.5680588187049,328210,34.5,0.003,0.0063
1484,429.56804303419256,326776,35.0,0.003,0.0063
1485,429.5678872490068,325353,35.5,0.003,0.0063
1486,429.56794535800196,323928,36.0,0.003,0.0063
1487,429.5678408238514,322496,36.5,0.003,0.0063
1488,429.56808245227603,321088,37.0,0.003,0.0063
1489,429.5677677271726,319681,37.5,0.003,0.0063
1490,429.56797684342484,318287,38.0,0.003,0.0063
1491,429.56785333987625,316908,38.5,0.003,0.0063
1492,429.56775330736343,315508,39.0,0.003,0.0063
1493,429.56775812782706,314131,39.5,0.003,0.0063
1494,429.56809013480927,312753,40.0,0.003,0.0063
1495,429.5678461590355,311389,40.5,0.003,0.0063
1496,429.56800436886755,310039,41.0,0.003,0.0063
1497,429.56786701191305,308683,41.5,0.003,0.0063
1498,429.56781447473287,307337,42.0,0.003,0.0063
1499,429.5679127920156,305986,42.5,0.003,0.0063
1500,429.5680496971871,304656,43.0,0.003,0.0063
1501,429.5677781848524,303328,43.5,0.003,0.0063
1502,429.5681134120207,302014,44.0,0.003,0.0063
1503,429.5678818958654,300701,44.5,0.003,0.0063
1504,429.5681109643057,299381,45.0,0.003,0.0063
1505,429.56786019088946,298081,45.5,0.003,0.0063
1506,429.5679583573962,296778,46.0,0.003,0.0063
1507,429.5678381654476,295496,46.5,0.003,0.0063
1508,429.56779374459006,294217,47.0,0.003,0.0063
1509,429.5679872443991,292936,47.5,0.003,0.0063
1510,429.5679794176922,291661,48.0,0.003,0.0063
1511,429.56797002284094,290388,48.5,0.003,0.0063
1512,429.56787409995,289134,49.0,0.003,0.0063
1513,429.5678100253504,287878,49.5,0.003,0.0063
1514,429.56775167877083,286643,50.0,0.003,0.0063
