,total_counts,area,time,D (um^2/s),alpha (1/s)
0,429.9975954031997,443016,0.0,0.007,0.0056
1,429.5675983912039,441911,0.5,0.007,0.0056
2,429.5680608027988,441614,1.0,0.007,0.0056
3,429.5676710849019,441290,1.5,0.007,0.0056
4,429.5676903279922,440938,2.0,0.007,0.0056
5,429.5679543833021,440555,2.5,0.007,0.0056
6,429.5677188179945,440140,3.0,0.007,0.0056
7,429.5677234017598,439693,3.5,0.007,0.0056
8,429.56795380159673,439217,4.0,0.007,0.0056
9,429.56794397299933,438721,4.5,0.007,0.0056
10,429.56769981148386,438197,5.0,0.007,0.0056
11,429.56775438226,437645,5.5,0.007,0.0056
12,429.56768134227735,437065,6.0,0.007,0.0056
13,429.56794015681015,436459,6.5,0.007,0.0056
14,429.56792321621487,435827,7.0,0.007,0.0056
15,429.56790785271403,435185,7.5,0.007,0.0056
16,429.5678804582396,434526,8.0,0.007,0.0056
17,429.56789952859566,433845,8.5,0.007,0.0056
18,429.56778926049475,433143,9.0,0.007,0.0056
19,429.56764049314074,432419,9.5,0.007,0.0056
20,429.56777368807127,431691,10.0,0.007,0.0056
21,429.567672907007,430952,10.5,0.007,0.0056
22,429.56775356348896,430194,11.0,0.007,0.0056
23,429.5677634066053,429417,11.5,0.007,0.0056
24,429.56765715627296,428631,12.0,0.007,0.0056
25,429.5678612196627,427844,12.5,0.007,0.0056
26,429.5677951113186,427040,13.0,0.007,0.0056
27,429.5678835889292,426221,13.5,0.007,0.0056
28,429.5678967478012,425392,14.0,0.007,0.0056
29,429.56766706924316,424560,14.5,0.007,0.0056
30,429.567853548008,423715,15.0,0.007,0.0056
31,429.5678618638885,422854,15.5,0.007,0.0056
32,429.5676304805576,421989,16.0,0.007,0.0056
33,429.56760015278826,421126,16.5,0.007,0.0056
34,429.5677347041957,420251,17.0,0.007,0.0056
35,429.5678739842674,419357,17.5,0.007,0.0056
36,429.56762389920476,418466,18.0,0.007,0.0056
37,429.56771897933584,417572,18.5,0.007,0.0056
38,429.5678337693216,416667,19.0,0.007,0.0056
39,429.5677761618531,415759,19.5,0.007,0.0056
40,429.5676021656479,414859,20.0,0.007,0.0056
41,429.5676874563693,413941,20.5,0.007,0.0056
42,429.5677731779411,413011,21.0,0.007,0.0056
43,429.5676088933112,412087,21.5,0.007,0.0056
44,429.5677632356697,411162,22.0,0.007,0.0056
45,429.5678273113436,410228,22.5,0.007,0.0056
46,429.5676478471658,409297,23.0,0.007,0.0056
47,429.5677453716153,408366,23.5,0.007,0.0056
48,429.5677428244996,407420,24.0,0.007,0.0056
49,429.5678418486706,406470,24.5,0.007,0.0056
50,429.56777510171474,405528,25.0,0.007,0.0056
51,429.5678504093281,404582,25.5,0.007,0.0056
52,429.56766923838495,403630,26.0,0.007,0.0056
53,429.5676860789451,402686,26.5,0.007,0.0056
54,429.56781670401205,401732,27.0,0.007,0.0056
55,429.56785558269127,400769,27.5,0.007,0.0056
56,429.5677636851902,399812,28.0,0.007,0.0056
57,429.5677071254025,398858,28.5,0.007,0.0056
58,429.56772314323695,397898,29.0,0.007,0.0056
59,429.5676485754297,396943,29.5,0.007,0.0056
60,429.5678478125374,395984,30.0,0.007,0.0056
61,429.56785295405683,395017,30.5,0.007,0.0056
62,429.5678072006814,394050,31.0,0.007,0.0056
63,429.5677683096842,393091,31.5,0.007,0.0056
64,429.5676952385097,392128,32.0,0.007,0.0056
65,429.56765153383185,391165,32.5,0.007,0.0056
66,429.5676955422055,390205,33.0,0.007,0.0056
67,429.56767463390486,389238,33.5,0.007,0.0056
68,429.567600001001,388267,34.0,0.007,0.0056
69,429.5677334390206,387306,34.5,0.007,0.0056
70,429.5677633584275,386344,35.0,0.007,0.0056
71,429.56776869527334,385379,35.5,0.007,0.0056
72,429.5677089612673,384420,36.0,0.007,0.0056
73,429.5677853482897,383456,36.5,0.007,0.0056
74,429.5676817903972,382486,37.0,0.007,0.0056
75,429.56783584282914,381525,37.5,0.007,0.0056
76,429.5678428861912,380566,38.0,0.007,0.0056
77,429.56782989471185,379603,38.5,0.007,0.0056
78,429.56779656301086,378647,39.0,0.007,0.0056
79,429.5676747615353,377683,39.5,0.007,0.0056
80,429.56771079496343,376713,40.0,0.007,0.0056
81,429.567797781351,375748,40.5,0.007,0.0056
82,429.56777425333524,374786,41.0,0.007,0.0056
83,429.56774834454376,373819,41.5,0.007,0.0056
84,429.5676643461536,372857,42.0,0.007,0.0056
85,429.5677146566607,371901,42.5,0.007,0.0056
86,429.56779273350776,370942,43.0,0.007,0.0056
87,429.56769494808725,369988,43.5,0.007,0.0056
88,429.56761112669653,369040,44.0,0.007,0.0056
89,429.5676824551839,368077,44.5,0.007,0.0056
90,429.567744076103,367117,45.0,0.007,0.0056
91,429.567790667647,366163,45.5,0.007,0.0056
92,429.56771773351727,365206,46.0,0.007,0.0056
93,429.5677704863467,364253,46.5,0.007,0.0056
94,429.5676349491718,363307,47.0,0.007,0.0056
95,429.56765430724204,362361,47.5,0.007,0.0056
96,429.56767437379665,361419,48.0,0.007,0.0056
97,429.567608799622,360486,48.5,0.007,0.0056
98,429.567623010183,359553,49.0,0.007,0.0056
99,429.5676434188547,358606,49.5,0.007,0.0056
100,429.56766263958343,357666,50.0,0.007,0.0056
101,429.99756456697446,443016,0.0,0.008,0.0056
102,429.56798222016425,442219,0.5,0.008,0.0056
103,429.567994718895,442221,1.0,0.008,0.0056
104,429.5675707876085,442187,1.5,0.008,0.0056
105,429.56795817725543,442116,2.0,0.008,0.0056
106,429.5678886357398,442003,2.5,0.008,0.0056
107,429.5677716391012,441848,3.0,0.008,0.0056
108,429.5675721764278,441652,3.5,0.008,0.0056
109,429.5679400710758,441419,4.0,0.008,0.0056
110,429.5675972130882,441149,4.5,0.008,0.0056
111,429.5677333039424,440843,5.0,0.008,0.0056
112,429.56765782706174,440505,5.5,0.008,0.0056
113,429.56764028071336,440134,6.0,0.008,0.0056
114,429.5678942680553,439731,6.5,0.008,0.0056
115,429.56772025652504,439301,7.0,0.008,0.0056
116,429.56788993029994,438843,7.5,0.008,0.0056
117,429.5678852238226,438358,8.0,0.008,0.0056
118,429.5677451720748,437849,8.5,0.008,0.0056
119,429.56784646047515,437318,9.0,0.008,0.0056
120,429.5678770670281,436773,9.5,0.008,0.0056
121,429.56757434749693,436210,10.0,0.008,0.0056
122,429.5677061503888,435628,10.5,0.008,0.0056
123,429.5676721433136,435027,11.0,0.008,0.0056
124,429.5677092549493,434407,11.5,0.008,0.0056
125,429.56763961052883,433768,12.0,0.008,0.0056
126,429.5676632578735,433119,12.5,0.008,0.0056
127,429.5676300197126,432461,13.0,0.008,0.0056
128,429.5676843396316,431788,13.5,0.008,0.0056
129,429.5676303042534,431098,14.0,0.008,0.0056
130,429.5677961197958,430393,14.5,0.008,0.0056
131,429.56784753899774,429677,15.0,0.008,0.0056
132,429.56779032313324,428958,15.5,0.008,0.0056
133,429.5676916571262,428229,16.0,0.008,0.0056
134,429.56765035739244,427484,16.5,0.008,0.0056
135,429.5677299872773,426726,17.0,0.008,0.0056
136,429.5676179475722,425962,17.5,0.008,0.0056
137,429.56776375347573,425198,18.0,0.008,0.0056
138,429.56774861547467,424425,18.5,0.008,0.0056
139,429.56770850229856,423637,19.0,0.008,0.0056
140,429.56778656288293,422839,19.5,0.008,0.0056
141,429.56780018815505,422042,20.0,0.008,0.0056
142,429.56762349663416,421240,20.5,0.008,0.0056
143,429.5677321965236,420430,21.0,0.008,0.0056
144,429.5676624493926,419609,21.5,0.008,0.0056
145,429.5676611545414,418786,22.0,0.008,0.0056
146,429.56761366489496,417961,22.5,0.008,0.0056
147,429.5676817142081,417128,23.0,0.008,0.0056
148,429.5677510812828,416287,23.5,0.008,0.0056
149,429.5677639686371,415449,24.0,0.008,0.0056
150,429.5676402736486,414605,24.5,0.008,0.0056
151,429.5678108702414,413754,25.0,0.008,0.0056
152,429.5676524857058,412894,25.5,0.008,0.0056
153,429.56758629954794,412038,26.0,0.008,0.0056
154,429.5677968349444,411184,26.5,0.008,0.0056
155,429.56757625219126,410319,27.0,0.008,0.0056
156,429.567807963529,409447,27.5,0.008,0.0056
157,429.5677171589396,408578,28.0,0.008,0.0056
158,429.56780384715705,407709,28.5,0.008,0.0056
159,429.56770819185283,406833,29.0,0.008,0.0056
160,429.5675846195619,405954,29.5,0.008,0.0056
161,429.567766007883,405073,30.0,0.008,0.0056
162,429.5677140736759,404187,30.5,0.008,0.0056
163,429.56773497199237,403293,31.0,0.008,0.0056
164,429.56758439000816,402399,31.5,0.008,0.0056
165,429.5677121344565,401509,32.0,0.008,0.0056
166,429.5677258928708,400614,32.5,0.008,0.0056
167,429.5676857064595,399714,33.0,0.008,0.0056
168,429.5677329418807,398820,33.5,0.008,0.0056
169,429.5677939444543,397928,34.0,0.008,0.0056
170,429.56780344340075,397030,34.5,0.008,0.0056
171,429.5676484409082,396121,35.0,0.008,0.0056
172,429.5675964336349,395217,35.5,0.008,0.0056
173,429.5676258157836,394311,36.0,0.008,0.0056
174,429.5677598356552,393401,36.5,0.008,0.0056
175,429.5677852591846,392496,37.0,0.008,0.0056
176,429.5677497452914,391594,37.5,0.008,0.0056
177,429.5676852388611,390689,38.0,0.008,0.0056
178,429.5676176716495,389786,38.5,0.008,0.0056
179,429.5676162480427,388891,39.0,0.008,0.0056
180,429.5677596089997,387996,39.5,0.008,0.0056
181,429.5676069721132,387082,40.0,0.008,0.0056
182,429.56778227530947,386174,40.5,0.008,0.0056
183,429.5677780206266,385268,41.0,0.008,0.0056
184,429.5675796287578,384358,41.5,0.008,0.0056
185,429.5676967562814,383451,42.0,0.008,0.0056
186,429.5677245086301,382550,42.5,0.008,0.0056
187,429.5677349552908,381650,43.0,0.008,0.0056
188,429.5677222557965,380749,43.5,0.008,0.0056
189,429.56779923417616,379856,44.0,0.008,0.0056
190,429.5676413977093,378965,44.5,0.008,0.0056
191,429.5677462970577,378059,45.0,0.008,0.0056
192,429.5676962852426,377154,45.5,0.008,0.0056
193,429.56762593482915,376254,46.0,0.008,0.0056
194,429.56776472796827,375355,46.5,0.008,0.0056
195,429.56769907533146,374454,47.0,0.008,0.0056
196,429.567737575879,373560,47.5,0.008,0.0056
197,429.5677884937093,372670,48.0,0.008,0.0056
198,429.56777558731363,371779,48.5,0.008,0.0056
199,429.56772505107205,370893,49.0,0.008,0.0056
200,429.5677098484726,370012,49.5,0.008,0.0056
201,429.5677248913446,369119,50.0,0.008,0.0056
202,429.99771874849097,443016,0.0,0.003,0.0056
203,429.5679109696266,440657,0.5,0.003,0.0056
204,429.56811218447325,439140,1.0,0.003,0.0056
205,429.5677250803393,437603,1.5,0.003,0.0056
206,429.56781394213255,436099,2.0,0.003,0.0056
207,429.5681077281059,434573,2.5,0.003,0.0056
208,429.5678110293543,433073,3.0,0.003,0.0056
209,429.5680107517701,431555,3.5,0.003,0.0056
210,429.56799896898366,430043,4.0,0.003,0.0056
211,429.56776684686906,428532,4.5,0.003,0.0056
212,429.5677914394231,427019,5.0,0.003,0.0056
213,429.568065985155,425514,5.5,0.003,0.0056
214,429.5679746364994,423997,6.0,0.003,0.0056
215,429.56796838668424,422516,6.5,0.003,0.0056
216,429.5681601397917,420999,7.0,0.003,0.0056
217,429.56805662599106,419513,7.5,0.003,0.0056
218,429.5681390689121,418022,8.0,0.003,0.0056
219,429.5680954973582,416529,8.5,0.003,0.0056
220,429.5680207867117,415039,9.0,0.003,0.0056
221,429.56778974183015,413555,9.5,0.003,0.0056
222,429.567784830109,412077,10.0,0.003,0.0056
223,429.5680905849939,410584,10.5,0.003,0.0056
224,429.5679410328874,409123,11.0,0.003,0.0056
225,429.56774382526686,407638,11.5,0.003,0.0056
226,429.5679535108464,406176,12.0,0.003,0.0056
227,429.56774494014553,404703,12.5,0.003,0.0056
228,429.5679507155329,403247,13.0,0.003,0.0056
229,429.5678740026544,401781,13.5,0.003,0.0056
230,429.5680720675335,400322,14.0,0.003,0.0056
231,429.56803765530077,398876,14.5,0.003,0.0056
232,429.56788054725257,397412,15.0,0.003,0.0056
233,429.568065517614,395974,15.5,0.003,0.0056
234,429.5679349247916,394523,16.0,0.003,0.0056
235,429.5678885515697,393079,16.5,0.003,0.0056
236,429.5678786426132,391616,17.0,0.003,0.0056
237,429.567981397692,390171,17.5,0.003,0.0056
238,429.56776866636096,388721,18.0,0.003,0.0056
239,429.56807326592883,387282,18.5,0.003,0.0056
240,429.56803676578977,385855,19.0,0.003,0.0056
241,429.5680468008812,384412,19.5,0.003,0.0056
242,429.56808854963515,382979,20.0,0.003,0.0056
243,429.5680430252426,381534,20.5,0.003,0.0056
244,429.56799971839314,380119,21.0,0.003,0.0056
245,429.56784191065105,378696,21.5,0.003,0.0056
246,429.5680331085828,377302,22.0,0.003,0.0056
247,429.567888071932,375903,22.5,0.003,0.0056
248,429.56780311589984,374490,23.0,0.003,0.0056
249,429.5679252068067,373083,23.5,0.003,0.0056
250,429.567837468425,371679,24.0,0.003,0.0056
251,429.56784679941325,370295,24.5,0.003,0.0056
252,429.56807150609825,368909,25.0,0.003,0.0056
253,429.5679055876127,367553,25.5,0.003,0.0056
254,429.56793530441337,366164,26.0,0.003,0.0056
255,429.5677236749289,364793,26.5,0.003,0.0056
256,429.5677624933677,363413,27.0,0.003,0.0056
257,429.56791395276764,362057,27.5,0.003,0.0056
258,429.5677442256573,360699,28.0,0.003,0.0056
259,429.568019616356,359362,28.5,0.003,0.0056
260,429.56797875802783,358020,29.0,0.003,0.0056
261,429.5680453355087,356669,29.5,0.003,0.0056
262,429.56808328270097,355327,30.0,0.003,0.0056
263,429.5679160357999,353986,30.5,0.003,0.0056
264,429.56803864842607,352665,31.0,0.003,0.0056
265,429.5678477127998,351341,31.5,0.003,0.0056
266,429.56772731866215,350044,32.0,0.003,0.0056
267,429.56772271365935,348714,32.5,0.003,0.0056
268,429.5680450408385,347408,33.0,0.003,0.0056
269,429.5679511021371,346091,33.5,0.003,0.0056
270,429.5677910155564,344799,34.0,0.003,0.0056
271,429.5677225440451,343501,34.5,0.003,0.0056
272,429.5678624608894,342229,35.0,0.003,0.0056
273,429.5677640054166,340939,35.5,0.003,0.0056
274,429.5680765801639,339659,36.0,0.003,0.0056
275,429.56797441133637,338374,36.5,0.003,0.0056
276,429.56776724692935,337105,37.0,0.003,0.0056
277,429.56803716638865,335839,37.5,0.003,0.0056
278,429.56793073811895,334587,38.0,0.003,0.0056
279,429.56776728766977,333337,38.5,0.003,0.0056
280,429.5679363229347,332081,39.0,0.003,0.0056
281,429.5679441927847,330829,39.5,0.003,0.0056
282,429.56797109959604,329584,40.0,0.003,0.0056
283,429.5679162363961,328348,40.5,0.003,0.0056
284,429.568020083386,327119,41.0,0.003,0.0056
285,429.5678374119421,325902,41.5,0.003,0.0056
286,429.5678320469271,324675,42.0,0.003,0.0056
287,429.56778112000785,323454,42.5,0.003,0.0056
288,429.56795778318923,322235,43.0,0.003,0.0056
289,429.5677820300127,321028,43.5,0.003,0.0056
290,429.5680062464546,319824,44.0,0.003,0.0056
291,429.56772736596037,318634,44.5,0.003,0.0056
292,429.56779699481604,317441,45.0,0.003,0.0056
293,429.56802592144595,316250,45.5,0.003,0.0056
294,429.56803736096293,315058,46.0,0.003,0.0056
295,429.5680367294258,313879,46.5,0.003,0.0056
296,429.567907926957,312701,47.0,0.003,0.0056
297,429.5677698299143,311537,47.5,0.003,0.0056
298,429.5679809315189,310378,48.0,0.003,0.0056
299,429.5677741386787,309213,48.5,0.003,0.0056
300,429.56803596705055,308051,49.0,0.003,0.0056
301,429.56780504923677,306897,49.5,0.003,0.0056
302,429.56773422902694,305748,50.0,0.003,0.0056
303,429.99762623946424,443016,0.0,0.006,0.0056
304,429.56791261008914,441602,0.5,0.006,0.0056
305,429.56797769166866,440997,1.0,0.006,0.0056
306,429.5676458527999,440370,1.5,0.006,0.0056
307,429.56776218142267,439728,2.0,0.006,0.0056
308,429.5676431179375,439079,2.5,0.006,0.0056
309,429.5679844042269,438408,3.0,0.006,0.0056
310,429.5678486232267,437709,3.5,0.006,0.0056
311,429.567801211528,436983,4.0,0.006,0.0056
312,429.5676933152996,436249,4.5,0.006,0.0056
313,429.5678545395783,435497,5.0,0.006,0.0056
314,429.56763857435874,434718,5.5,0.006,0.0056
315,429.56792412983407,433917,6.0,0.006,0.0056
316,429.56781472998443,433103,6.5,0.006,0.0056
317,429.56790600046105,432282,7.0,0.006,0.0056
318,429.56772222547215,431441,7.5,0.006,0.0056
319,429.56776793157877,430575,8.0,0.006,0.0056
320,429.56774540620586,429712,8.5,0.006,0.0056
321,429.56765949152395,428837,9.0,0.006,0.0056
322,429.56793833314157,427941,9.5,0.006,0.0056
323,429.56784577106583,427033,10.0,0.006,0.0056
324,429.56783715307824,426129,10.5,0.006,0.0056
325,429.5679475273368,425207,11.0,0.006,0.0056
326,429.56764898043656,424265,11.5,0.006,0.0056
327,429.5677162823866,423334,12.0,0.006,0.0056
328,429.5677897716723,422390,12.5,0.006,0.0056
329,429.5679303227756,421425,13.0,0.006,0.0056
330,429.5679227559684,420469,13.5,0.006,0.0056
331,429.56792906249285,419506,14.0,0.006,0.0056
332,429.5676633358003,418516,14.5,0.006,0.0056
333,429.56777835235584,417532,15.0,0.006,0.0056
334,429.56787244829223,416541,15.5,0.006,0.0056
335,429.5677076529579,415533,16.0,0.006,0.0056
336,429.5677473628543,414534,16.5,0.006,0.0056
337,429.5678303630528,413533,17.0,0.006,0.0056
338,429.5677201971325,412511,17.5,0.006,0.0056
339,429.56776906568814,411493,18.0,0.006,0.0056
340,429.56763093457135,410470,18.5,0.006,0.0056
341,429.5678858596876,409437,19.0,0.006,0.0056
342,429.5678367983178,408417,19.5,0.006,0.0056
343,429.5678656359785,407395,20.0,0.006,0.0056
344,429.56791051546423,406364,20.5,0.006,0.0056
345,429.56779508643274,405330,21.0,0.006,0.0056
346,429.5676663296278,404288,21.5,0.006,0.0056
347,429.5676570063216,403241,22.0,0.006,0.0056
348,429.5676623350734,402208,22.5,0.006,0.0056
349,429.56779378793044,401169,23.0,0.006,0.0056
350,429.56790975364464,400133,23.5,0.006,0.0056
351,429.56763587123186,399093,24.0,0.006,0.0056
352,429.5678554731009,398040,24.5,0.006,0.0056
353,429.5677132543403,396991,25.0,0.006,0.0056
354,429.5678948010768,395949,25.5,0.006,0.0056
355,429.5677510414044,394898,26.0,0.006,0.0056
356,429.56764003461006,393861,26.5,0.006,0.0056
357,429.5677319740917,392821,27.0,0.006,0.0056
358,429.56769625921874,391763,27.5,0.006,0.0056
359,429.567759260651,390718,28.0,0.006,0.0056
360,429.5676492680606,389668,28.5,0.006,0.0056
361,429.5677351375567,388618,29.0,0.006,0.0056
362,429.5676665175611,387581,29.5,0.006,0.0056
363,429.56764296822524,386540,30.0,0.006,0.0056
364,429.5676380162454,385489,30.5,0.006,0.0056
365,429.5677657455344,384445,31.0,0.006,0.0056
366,429.5678822236495,383393,31.5,0.006,0.0056
367,429.5677033016487,382351,32.0,0.006,0.0056
368,429.5678252854044,381313,32.5,0.006,0.0056
369,429.56770865536834,380271,33.0,0.006,0.0056
370,429.5677762044734,379236,33.5,0.006,0.0056
371,429.56788269671324,378192,34.0,0.006,0.0056
372,429.5676917351934,377146,34.5,0.006,0.0056
373,429.5677127776587,376112,35.0,0.006,0.0056
374,429.56777149246943,375073,35.5,0.006,0.0056
375,429.5676451553725,374041,36.0,0.006,0.0056
376,429.56770739434006,373016,36.5,0.006,0.0056
377,429.56776846595005,371975,37.0,0.006,0.0056
378,429.5678582969094,370944,37.5,0.006,0.0056
379,429.56783153283897,369914,38.0,0.006,0.0056
380,429.56773713790625,368881,38.5,0.006,0.0056
381,429.5676619137319,367861,39.0,0.006,0.0056
382,429.56778417327786,366841,39.5,0.006,0.0056
383,429.5677574063746,365814,40.0,0.006,0.0056
384,429.56778938094897,364794,40.5,0.006,0.0056
385,429.56788277665197,363769,41.0,0.006,0.0056
386,429.5678963852215,362751,41.5,0.006,0.0056
387,429.56774736359654,361739,42.0,0.006,0.0056
388,429.5676866236453,360724,42.5,0.006,0.0056
389,429.56765844514945,359717,43.0,0.006,0.0056
390,429.56785164015884,358706,43.5,0.006,0.0056
391,429.56767989754485,357691,44.0,0.006,0.0056
392,429.5677752261195,356688,44.5,0.006,0.0056
393,429.56765020971534,355683,45.0,0.006,0.0056
394,429.5677617341649,354682,45.5,0.006,0.0056
395,429.5676630123409,353691,46.0,0.006,0.0056
396,429.5677774883452,352684,46.5,0.006,0.0056
397,429.5676921709246,351681,47.0,0.006,0.0056
398,429.5677102365627,350683,47.5,0.006,0.0056
399,429.567663569347,349680,48.0,0.006,0.0056
400,429.5676419648105,348686,48.5,0.006,0.0056
401,429.56774838775476,347695,49.0,0.006,0.0056
402,429.5676880174791,346702,49.5,0.006,0.0056
403,429.5676402602157,345720,50.0,0.006,0.0056
404,429.9975028946444,443016,0.0,0.01,0.0056
405,429.56755378055016,442829,0.5,0.01,0.0056
406,429.5678652720788,443449,1.0,0.01,0.0056
407,429.56793733532817,443996,1.5,0.01,0.0056
408,429.5675718963113,444464,2.0,0.01,0.0056
409,429.5678829679895,444867,2.5,0.01,0.0056
410,429.5677733890118,445214,3.0,0.01,0.0056
411,429.56757392908656,445498,3.5,0.01,0.0056
412,429.56751748060003,445715,4.0,0.01,0.0056
413,429.5676691616141,445878,4.5,0.01,0.0056
414,429.5677873805949,445979,5.0,0.01,0.0056
415,429.5676724578669,446040,5.5,0.01,0.0056
416,429.5677370442892,446053,6.0,0.01,0.0056
417,429.5676298967579,446030,6.5,0.01,0.0056
418,429.56758348351076,445961,7.0,0.01,0.0056
419,429.56778731265047,445860,7.5,0.01,0.0056
420,429.5675492411085,445719,8.0,0.01,0.0056
421,429.56765380550377,445554,8.5,0.01,0.0056
422,429.5676730232348,445360,9.0,0.01,0.0056
423,429.56772304744226,445136,9.5,0.01,0.0056
424,429.5675922171797,444881,10.0,0.01,0.0056
425,429.5677211085936,444605,10.5,0.01,0.0056
426,429.56759900672927,444304,11.0,0.01,0.0056
427,429.5675947933,443977,11.5,0.01,0.0056
428,429.5677331061627,443624,12.0,0.01,0.0056
429,429.5675668947622,443251,12.5,0.01,0.0056
430,429.56761121247587,442861,13.0,0.01,0.0056
431,429.5676757866575,442450,13.5,0.01,0.0056
432,429.5676419403477,442019,14.0,0.01,0.0056
433,429.56753805439945,441572,14.5,0.01,0.0056
434,429.5677348852806,441113,15.0,0.01,0.0056
435,429.56767948827036,440637,15.5,0.01,0.0056
436,429.56769988750494,440145,16.0,0.01,0.0056
437,429.56750938231386,439637,16.5,0.01,0.0056
438,429.5677451696753,439118,17.0,0.01,0.0056
439,429.5676402622506,438583,17.5,0.01,0.0056
440,429.5676408859422,438034,18.0,0.01,0.0056
441,429.56755859593005,437471,18.5,0.01,0.0056
442,429.5675267232751,436899,19.0,0.01,0.0056
443,429.567521177948,436318,19.5,0.01,0.0056
444,429.56762301166947,435728,20.0,0.01,0.0056
445,429.5675227269015,435127,20.5,0.01,0.0056
446,429.56770302356256,434517,21.0,0.01,0.0056
447,429.5676746263581,433895,21.5,0.01,0.0056
448,429.56764136863956,433262,22.0,0.01,0.0056
449,429.56769687483217,432620,22.5,0.01,0.0056
450,429.56773183819604,431972,23.0,0.01,0.0056
451,429.56757823692465,431317,23.5,0.01,0.0056
452,429.56752711328835,430655,24.0,0.01,0.0056
453,429.5676374553909,429985,24.5,0.01,0.0056
454,429.567721626005,429305,25.0,0.01,0.0056
455,429.56760171582675,428615,25.5,0.01,0.0056
456,429.56758843170417,427921,26.0,0.01,0.0056
457,429.567557907297,427223,26.5,0.01,0.0056
458,429.5675682146709,426520,27.0,0.01,0.0056
459,429.5675473329962,425810,27.5,0.01,0.0056
460,429.56758608170696,425093,28.0,0.01,0.0056
461,429.5675117548123,424370,28.5,0.01,0.0056
462,429.56761634344554,423645,29.0,0.01,0.0056
463,429.56751022546064,422914,29.5,0.01,0.0056
464,429.567581721332,422179,30.0,0.01,0.0056
465,429.56752233152423,421437,30.5,0.01,0.0056
466,429.56771067268124,420690,31.0,0.01,0.0056
467,429.56751159781766,419940,31.5,0.01,0.0056
468,429.56767310772966,419191,32.0,0.01,0.0056
469,429.56759160989066,418439,32.5,0.01,0.0056
470,429.5676538111155,417683,33.0,0.01,0.0056
471,429.5677175396021,416917,33.5,0.01,0.0056
472,429.5676354153,416149,34.0,0.01,0.0056
473,429.5676179193358,415381,34.5,0.01,0.0056
474,429.56753262581606,414611,35.0,0.01,0.0056
475,429.5676401769626,413838,35.5,0.01,0.0056
476,429.56753098163153,413060,36.0,0.01,0.0056
477,429.5676749995559,412284,36.5,0.01,0.0056
478,429.5677192796232,411509,37.0,0.01,0.0056
479,429.5677096328545,410728,37.5,0.01,0.0056
480,429.5677066802142,409942,38.0,0.01,0.0056
481,429.56757898456004,409152,38.5,0.01,0.0056
482,429.5676101829831,408364,39.0,0.01,0.0056
483,429.5676945626985,407577,39.5,0.01,0.0056
484,429.5675413261301,406788,40.0,0.01,0.0056
485,429.56756914804487,405997,40.5,0.01,0.0056
486,429.5676052052729,405206,41.0,0.01,0.0056
487,429.5675677677789,404414,41.5,0.01,0.0056
488,429.5676689997533,403620,42.0,0.01,0.0056
489,429.56756052569006,402823,42.5,0.01,0.0056
490,429.5676445027395,402024,43.0,0.01,0.0056
491,429.567620624656,401226,43.5,0.01,0.0056
492,429.5676121126767,400430,44.0,0.01,0.0056
493,429.5676862097512,399635,44.5,0.01,0.0056
494,429.5676102066607,398838,45.0,0.01,0.0056
495,429.5675918351335,398040,45.5,0.01,0.0056
496,429.5676558064512,397240,46.0,0.01,0.0056
497,429.5675125183013,396440,46.5,0.01,0.0056
498,429.5675273505249,395640,47.0,0.01,0.0056
499,429.56753169520056,394838,47.5,0.01,0.0056
500,429.56771244082495,394039,48.0,0.01,0.0056
501,429.5675761419296,393241,48.5,0.01,0.0056
502,429.56757361511995,392445,49.0,0.01,0.0056
503,429.56767708517737,391649,49.5,0.01,0.0056
504,429.56754389525173,390847,50.0,0.01,0.0056
505,429.99753373078937,443016,0.0,0.009,0.0056
506,429.5679676958202,442524,0.5,0.009,0.0056
507,429.56789917551583,442828,1.0,0.009,0.0056
508,429.5675565218667,443094,1.5,0.009,0.0056
509,429.5677100569219,443304,2.0,0.009,0.0056
510,429.567583659754,443455,2.5,0.009,0.0056
511,429.56763766657167,443549,3.0,0.009,0.0056
512,429.56769070290807,443591,3.5,0.009,0.0056
513,429.567791108038,443587,4.0,0.009,0.0056
514,429.56773346433266,443533,4.5,0.009,0.0056
515,429.5678735889627,443440,5.0,0.009,0.0056
516,429.5678878755789,443300,5.5,0.009,0.0056
517,429.5675401661093,443124,6.0,0.009,0.0056
518,429.56756249811326,442912,6.5,0.009,0.0056
519,429.5675502915066,442665,7.0,0.009,0.0056
520,429.5678548951818,442390,7.5,0.009,0.0056
521,429.567613043896,442081,8.0,0.009,0.0056
522,429.56782142123404,441749,8.5,0.009,0.0056
523,429.56774604756873,441388,9.0,0.009,0.0056
524,429.5676049009415,441005,9.5,0.009,0.0056
525,429.5675817230006,440601,10.0,0.009,0.0056
526,429.56782413041896,440175,10.5,0.009,0.0056
527,429.56770952864144,439725,11.0,0.009,0.0056
528,429.56769562466764,439253,11.5,0.009,0.0056
529,429.56778649225,438765,12.0,0.009,0.0056
530,429.56762262772025,438256,12.5,0.009,0.0056
531,429.5677698056382,437732,13.0,0.009,0.0056
532,429.5675479013204,437192,13.5,0.009,0.0056
533,429.567693706698,436639,14.0,0.009,0.0056
534,429.5676985738172,436072,14.5,0.009,0.0056
535,429.56775330345926,435489,15.0,0.009,0.0056
536,429.5677465967587,434890,15.5,0.009,0.0056
537,429.5675540859188,434275,16.0,0.009,0.0056
538,429.5676658676594,433650,16.5,0.009,0.0056
539,429.56775010179774,433018,17.0,0.009,0.0056
540,429.5676310637269,432376,17.5,0.009,0.0056
541,429.5677312528673,431723,18.0,0.009,0.0056
542,429.56763013194336,431057,18.5,0.009,0.0056
543,429.5676465985865,430379,19.0,0.009,0.0056
544,429.5677202254243,429692,19.5,0.009,0.0056
545,429.5677360948178,429001,20.0,0.009,0.0056
546,429.56757091717674,428303,20.5,0.009,0.0056
547,429.5675659113615,427596,21.0,0.009,0.0056
548,429.5677225782384,426878,21.5,0.009,0.0056
549,429.56771681030824,426150,22.0,0.009,0.0056
550,429.56756544957153,425419,22.5,0.009,0.0056
551,429.5676632114443,424686,23.0,0.009,0.0056
552,429.5676489634375,423944,23.5,0.009,0.0056
553,429.5675775302282,423190,24.0,0.009,0.0056
554,429.5677240903204,422428,24.5,0.009,0.0056
555,429.5676020473018,421663,25.0,0.009,0.0056
556,429.56764172468183,420896,25.5,0.009,0.0056
557,429.5676270482778,420122,26.0,0.009,0.0056
558,429.5676646923051,419340,26.5,0.009,0.0056
559,429.5677414922828,418553,27.0,0.009,0.0056
560,429.567771770907,417767,27.5,0.009,0.0056
561,429.56757111547944,416978,28.0,0.009,0.0056
562,429.567765690373,416178,28.5,0.009,0.0056
563,429.56762101234284,415369,29.0,0.009,0.0056
564,429.56760340810405,414560,29.5,0.009,0.0056
565,429.56770320206164,413752,30.0,0.009,0.0056
566,429.5677020684039,412940,30.5,0.009,0.0056
567,429.56764539456054,412122,31.0,0.009,0.0056
568,429.5676859655587,411303,31.5,0.009,0.0056
569,429.5676143625427,410487,32.0,0.009,0.0056
570,429.5676787106114,409672,32.5,0.009,0.0056
571,429.56760363555543,408845,33.0,0.009,0.0056
572,429.5675577340809,408010,33.5,0.009,0.0056
573,429.56766986241973,407178,34.0,0.009,0.0056
574,429.56773944724114,406346,34.5,0.009,0.0056
575,429.56754499501994,405509,35.0,0.009,0.0056
576,429.56765839170504,404670,35.5,0.009,0.0056
577,429.56762482637384,403834,36.0,0.009,0.0056
578,429.5677029632548,403001,36.5,0.009,0.0056
579,429.56760029930956,402166,37.0,0.009,0.0056
580,429.5676721173489,401327,37.5,0.009,0.0056
581,429.5675913896018,400481,38.0,0.009,0.0056
582,429.56761646390123,399637,38.5,0.009,0.0056
583,429.5676977606622,398791,39.0,0.009,0.0056
584,429.56765435725356,397941,39.5,0.009,0.0056
585,429.56754441431355,397094,40.0,0.009,0.0056
586,429.56765517971496,396251,40.5,0.009,0.0056
587,429.5676321056816,395407,41.0,0.009,0.0056
588,429.56775018684505,394562,41.5,0.009,0.0056
589,429.56770484880343,393721,42.0,0.009,0.0056
590,429.5676132204601,392874,42.5,0.009,0.0056
591,429.5676527491655,392024,43.0,0.009,0.0056
592,429.5676718441584,391171,43.5,0.009,0.0056
593,429.5676342212439,390321,44.0,0.009,0.0056
594,429.5676099253249,389474,44.5,0.009,0.0056
595,429.56765144207213,388627,45.0,0.009,0.0056
596,429.5677411719823,387779,45.5,0.009,0.0056
597,429.56764743205963,386935,46.0,0.009,0.0056
598,429.56755137316816,386095,46.5,0.009,0.0056
599,429.5675813367219,385252,47.0,0.009,0.0056
600,429.56758794922854,384401,47.5,0.009,0.0056
601,429.5677070436302,383554,48.0,0.009,0.0056
602,429.56772715202175,382709,48.5,0.009,0.0056
603,429.56767333023197,381863,49.0,0.009,0.0056
604,429.5676603960308,381017,49.5,0.009,0.0056
605,429.56772810163875,380176,50.0,0.009,0.0056
606,429.9977495849047,443016,0.0,0.002,0.0056
607,429.5680154601181,440337,0.5,0.002,0.0056
608,429.56789595189247,438517,1.0,0.002,0.0056
609,429.5679751753016,436690,1.5,0.002,0.0056
610,429.567888698151,434857,2.0,0.002,0.0056
611,429.5681426733397,433061,2.5,0.002,0.0056
612,429.5677597812746,431251,3.0,0.002,0.0056
613,429.5682188504054,429437,3.5,0.002,0.0056
614,429.5677528401835,427659,4.0,0.002,0.0056
615,429.56815797027866,425870,4.5,0.002,0.0056
616,429.5681957147941,424077,5.0,0.002,0.0056
617,429.5679642119391,422322,5.5,0.002,0.0056
618,429.56809794013043,420558,6.0,0.002,0.0056
619,429.5679611129304,418786,6.5,0.002,0.0056
620,429.56799027473073,417052,7.0,0.002,0.0056
621,429.5680609517515,415312,7.5,0.002,0.0056
622,429.5679722043078,413561,8.0,0.002,0.0056
623,429.56814423469194,411848,8.5,0.002,0.0056
624,429.5679945958215,410130,9.0,0.002,0.0056
625,429.5678891281519,408400,9.5,0.002,0.0056
626,429.5678474957884,406707,10.0,0.002,0.0056
627,429.5681946046645,405011,10.5,0.002,0.0056
628,429.5678936132964,403303,11.0,0.002,0.0056
629,429.567825906734,401629,11.5,0.002,0.0056
630,429.56790867662846,399952,12.0,0.002,0.0056
631,429.56775776263567,398269,12.5,0.002,0.0056
632,429.5681974397816,396613,13.0,0.002,0.0056
633,429.5679246469977,394951,13.5,0.002,0.0056
634,429.56811429853985,393297,14.0,0.002,0.0056
635,429.5681047405253,391656,14.5,0.002,0.0056
636,429.5681437816349,390010,15.0,0.002,0.0056
637,429.56777063966217,388383,15.5,0.002,0.0056
638,429.5679792620428,386758,16.0,0.002,0.0056
639,429.56778251746636,385128,16.5,0.002,0.0056
640,429.5680308986857,383529,17.0,0.002,0.0056
641,429.56778163841614,381918,17.5,0.002,0.0056
642,429.5679646915582,380311,18.0,0.002,0.0056
643,429.5679338160182,378732,18.5,0.002,0.0056
644,429.5678726484052,377136,19.0,0.002,0.0056
645,429.56784555677496,375556,19.5,0.002,0.0056
646,429.56779175306843,373992,20.0,0.002,0.0056
647,429.5677674998379,372411,20.5,0.002,0.0056
648,429.5681354388059,370859,21.0,0.002,0.0056
649,429.56794640717044,369307,21.5,0.002,0.0056
650,429.56804688951945,367742,22.0,0.002,0.0056
651,429.5678587681677,366196,22.5,0.002,0.0056
652,429.5680441454233,364640,23.0,0.002,0.0056
653,429.56787557625506,363097,23.5,0.002,0.0056
654,429.56803071423866,361569,24.0,0.002,0.0056
655,429.56801440343907,360036,24.5,0.002,0.0056
656,429.5679803062632,358526,25.0,0.002,0.0056
657,429.5679733987848,357002,25.5,0.002,0.0056
658,429.5679013010408,355482,26.0,0.002,0.0056
659,429.5681501016488,353990,26.5,0.002,0.0056
660,429.56789943816494,352492,27.0,0.002,0.0056
661,429.56811417155217,351021,27.5,0.002,0.0056
662,429.56785379477117,349542,28.0,0.002,0.0056
663,429.5680056177184,348052,28.5,0.002,0.0056
664,429.5677734814837,346590,29.0,0.002,0.0056
665,429.5679304645174,345123,29.5,0.002,0.0056
666,429.56814916522643,343676,30.0,0.002,0.0056
667,429.56813960695285,342242,30.5,0.002,0.0056
668,429.5680686212884,340786,31.0,0.002,0.0056
669,429.5681226352359,339355,31.5,0.002,0.0056
670,429.5681395062992,337917,32.0,0.002,0.0056
671,429.5679637101102,336497,32.5,0.002,0.0056
672,429.5679306657755,335089,33.0,0.002,0.0056
673,429.5680813104501,333680,33.5,0.002,0.0056
674,429.56790535761843,332279,34.0,0.002,0.0056
675,429.567776821459,330869,34.5,0.002,0.0056
676,429.5681218756873,329481,35.0,0.002,0.0056
677,429.5680772662779,328098,35.5,0.002,0.0056
678,429.568083169072,326720,36.0,0.002,0.0056
679,429.56802284901823,325360,36.5,0.002,0.0056
680,429.5678018502577,323978,37.0,0.002,0.0056
681,429.5679809955082,322622,37.5,0.002,0.0056
682,429.5679681459432,321263,38.0,0.002,0.0056
683,429.5678695332776,319917,38.5,0.002,0.0056
684,429.5680081894524,318586,39.0,0.002,0.0056
685,429.56814137983633,317243,39.5,0.002,0.0056
686,429.5677997202212,315916,40.0,0.002,0.0056
687,429.5679504975951,314581,40.5,0.002,0.0056
688,429.56793090411117,313269,41.0,0.002,0.0056
689,429.56811818283455,311958,41.5,0.002,0.0056
690,429.56789273822443,310659,42.0,0.002,0.0056
691,429.5679094182953,309359,42.5,0.002,0.0056
692,429.56806711106134,308053,43.0,0.002,0.0056
693,429.56794274665253,306770,43.5,0.002,0.0056
694,429.5678118746644,305479,44.0,0.002,0.0056
695,429.5678054123522,304214,44.5,0.002,0.0056
696,429.56817199024897,302946,45.0,0.002,0.0056
697,429.5677978591149,301678,45.5,0.002,0.0056
698,429.56802666325063,300415,46.0,0.002,0.0056
699,429.56792220610834,299156,46.5,0.002,0.0056
700,429.567986857271,297914,47.0,0.002,0.0056
701,429.56805247971647,296669,47.5,0.002,0.0056
702,429.56779651919993,295444,48.0,0.002,0.0056
703,429.568104311983,294201,48.5,0.002,0.0056
704,429.5680610156687,292980,49.0,0.002,0.0056
705,429.568064199636,291753,49.5,0.002,0.0056
706,429.5679278750162,290545,50.0,0.002,0.0056
707,429.99765707576825,443016,0.0,0.005,0.0056
708,429.5680884710076,441290,0.5,0.005,0.0056
709,429.56774523102433,440369,1.0,0.005,0.0056
710,429.56798846227747,439458,1.5,0.005,0.0056
711,429.56808051451907,438537,2.0,0.005,0.0056
712,429.56793576292375,437589,2.5,0.005,0.0056
713,429.56780610267225,436643,3.0,0.005,0.0056
714,429.56803160306686,435692,3.5,0.005,0.0056
715,429.5680071639465,434709,4.0,0.005,0.0056
716,429.5678075991978,433718,4.5,0.005,0.0056
717,429.5677929071065,432726,5.0,0.005,0.0056
718,429.56800118230075,431706,5.5,0.005,0.0056
719,429.56769589800496,430683,6.0,0.005,0.0056
720,429.5679525490158,429660,6.5,0.005,0.0056
721,429.56781617151046,428613,7.0,0.005,0.0056
722,429.56779625260697,427569,7.5,0.005,0.0056
723,429.5676873803348,426515,8.0,0.005,0.0056
724,429.5677594265266,425446,8.5,0.005,0.0056
725,429.5677375216362,424383,9.0,0.005,0.0056
726,429.56790405431286,423303,9.5,0.005,0.0056
727,429.5680144524729,422221,10.0,0.005,0.0056
728,429.5677270858534,421136,10.5,0.005,0.0056
729,429.5678168126871,420032,11.0,0.005,0.0056
730,429.5678182231378,418941,11.5,0.005,0.0056
731,429.56789333210264,417838,12.0,0.005,0.0056
732,429.5677440876267,416718,12.5,0.005,0.0056
733,429.5676967858263,415617,13.0,0.005,0.0056
734,429.5676766533038,414492,13.5,0.005,0.0056
735,429.5677760052132,413361,14.0,0.005,0.0056
736,429.5676603510729,412228,14.5,0.005,0.0056
737,429.5676757584665,411079,15.0,0.005,0.0056
738,429.5678038128328,409948,15.5,0.005,0.0056
739,429.5679121255622,408804,16.0,0.005,0.0056
740,429.56789220752415,407664,16.5,0.005,0.0056
741,429.567853649252,406511,17.0,0.005,0.0056
742,429.5679609368503,405346,17.5,0.005,0.0056
743,429.5678527790234,404199,18.0,0.005,0.0056
744,429.5676602959295,403040,18.5,0.005,0.0056
745,429.5678171648575,401897,19.0,0.005,0.0056
746,429.5677744379647,400759,19.5,0.005,0.0056
747,429.5677970453136,399596,20.0,0.005,0.0056
748,429.5677467102529,398442,20.5,0.005,0.0056
749,429.56783838621965,397275,21.0,0.005,0.0056
750,429.56773988135745,396125,21.5,0.005,0.0056
751,429.56788041938637,394974,22.0,0.005,0.0056
752,429.56782958465675,393827,22.5,0.005,0.0056
753,429.5679337076652,392687,23.0,0.005,0.0056
754,429.567706723693,391519,23.5,0.005,0.0056
755,429.5679156871138,390370,24.0,0.005,0.0056
756,429.5677011853426,389212,24.5,0.005,0.0056
757,429.5677193521867,388064,25.0,0.005,0.0056
758,429.5678538296515,386925,25.5,0.005,0.0056
759,429.5679573160282,385784,26.0,0.005,0.0056
760,429.56780686518385,384638,26.5,0.005,0.0056
761,429.56777378663367,383481,27.0,0.005,0.0056
762,429.5677351026069,382338,27.5,0.005,0.0056
763,429.56794600833865,381196,28.0,0.005,0.0056
764,429.5678846854085,380055,28.5,0.005,0.0056
765,429.5678065409646,378930,29.0,0.005,0.0056
766,429.56769426140727,377787,29.5,0.005,0.0056
767,429.5679584641388,376653,30.0,0.005,0.0056
768,429.56783447221403,375512,30.5,0.005,0.0056
769,429.5678228337349,374378,31.0,0.005,0.0056
770,429.5679355154117,373253,31.5,0.005,0.0056
771,429.5677508139567,372124,32.0,0.005,0.0056
772,429.5679237866411,371012,32.5,0.005,0.0056
773,429.5677131806126,369877,33.0,0.005,0.0056
774,429.5677408462979,368754,33.5,0.005,0.0056
775,429.5678801785278,367633,34.0,0.005,0.0056
776,429.56771688744,366511,34.5,0.005,0.0056
777,429.56782648358893,365405,35.0,0.005,0.0056
778,429.5679128130332,364294,35.5,0.005,0.0056
779,429.5677484610359,363186,36.0,0.005,0.0056
780,429.5677230114884,362072,36.5,0.005,0.0056
781,429.5678569359432,360962,37.0,0.005,0.0056
782,429.5679492418932,359862,37.5,0.005,0.0056
783,429.5679149121995,358757,38.0,0.005,0.0056
784,429.5678073330157,357669,38.5,0.005,0.0056
785,429.56793107475244,356574,39.0,0.005,0.0056
786,429.5678686732223,355477,39.5,0.005,0.0056
787,429.5679454368292,354386,40.0,0.005,0.0056
788,429.5677914173358,353291,40.5,0.005,0.0056
789,429.5679161608365,352212,41.0,0.005,0.0056
790,429.56776431648177,351128,41.5,0.005,0.0056
791,429.5679184125742,350058,42.0,0.005,0.0056
792,429.5677731870687,348978,42.5,0.005,0.0056
793,429.5679304317685,347897,43.0,0.005,0.0056
794,429.5678404578031,346828,43.5,0.005,0.0056
795,429.56776832238387,345754,44.0,0.005,0.0056
796,429.56768821367484,344693,44.5,0.005,0.0056
797,429.56775243372414,343636,45.0,0.005,0.0056
798,429.5678444150482,342574,45.5,0.005,0.0056
799,429.56779597441783,341518,46.0,0.005,0.0056
800,429.5678926134299,340457,46.5,0.005,0.0056
801,429.5678876354379,339408,47.0,0.005,0.0056
802,429.56766767666,338360,47.5,0.005,0.0056
803,429.5677660398097,337316,48.0,0.005,0.0056
804,429.56793879395633,336283,48.5,0.005,0.0056
805,429.5679239200797,335236,49.0,0.005,0.0056
806,429.56785216005903,334200,49.5,0.005,0.0056
807,429.56770533290654,333165,50.0,0.005,0.0056
808,429.9977804213115,443016,0.0,0.001,0.0056
809,429.5680156990304,440028,0.5,0.001,0.0056
810,429.56791534102496,437884,1.0,0.001,0.0056
811,429.5679785754445,435760,1.5,0.001,0.0056
812,429.56784260215125,433641,2.0,0.001,0.0056
813,429.56795961154893,431528,2.5,0.001,0.0056
814,429.56807744120795,429418,3.0,0.001,0.0056
815,429.5679865635132,427330,3.5,0.001,0.0056
816,429.5681774421939,425262,4.0,0.001,0.0056
817,429.56821641317384,423195,4.5,0.001,0.0056
818,429.56808407889895,421134,5.0,0.001,0.0056
819,429.5680594876219,419080,5.5,0.001,0.0056
820,429.5680350932145,417053,6.0,0.001,0.0056
821,429.5680304457146,415035,6.5,0.001,0.0056
822,429.56780520975235,413022,7.0,0.001,0.0056
823,429.56812343953726,411012,7.5,0.001,0.0056
824,429.5678204369882,409016,8.0,0.001,0.0056
825,429.5678404358964,407045,8.5,0.001,0.0056
826,429.5682887991089,405077,9.0,0.001,0.0056
827,429.56825832727026,403109,9.5,0.001,0.0056
828,429.5679920844932,401149,10.0,0.001,0.0056
829,429.56795409958073,399221,10.5,0.001,0.0056
830,429.56827076039093,397293,11.0,0.001,0.0056
831,429.56821698427257,395368,11.5,0.001,0.0056
832,429.56829432590195,393449,12.0,0.001,0.0056
833,429.5679216205218,391556,12.5,0.001,0.0056
834,429.5678733150937,389669,13.0,0.001,0.0056
835,429.5682093038801,387786,13.5,0.001,0.0056
836,429.56828029108743,385903,14.0,0.001,0.0056
837,429.5681860365105,384051,14.5,0.001,0.0056
838,429.56816665424554,382204,15.0,0.001,0.0056
839,429.5682157861667,380356,15.5,0.001,0.0056
840,429.56786768804164,378512,16.0,0.001,0.0056
841,429.56800550514566,376701,16.5,0.001,0.0056
842,429.56826909880346,374890,17.0,0.001,0.0056
843,429.5682137145135,373076,17.5,0.001,0.0056
844,429.5681407727861,371278,18.0,0.001,0.0056
845,429.5679639364194,369502,18.5,0.001,0.0056
846,429.5679630401883,367722,19.0,0.001,0.0056
847,429.56780196661,365943,19.5,0.001,0.0056
848,429.5678029170299,364193,20.0,0.001,0.0056
849,429.56821713139504,362447,20.5,0.001,0.0056
850,429.5680518903217,360700,21.0,0.001,0.0056
851,429.56793884526724,358962,21.5,0.001,0.0056
852,429.5680582068188,357249,22.0,0.001,0.0056
853,429.568152367168,355534,22.5,0.001,0.0056
854,429.5680041946579,353819,23.0,0.001,0.0056
855,429.56808619320867,352129,23.5,0.001,0.0056
856,429.56784115934124,350444,24.0,0.001,0.0056
857,429.56790027521356,348759,24.5,0.001,0.0056
858,429.5680431922703,347086,25.0,0.001,0.0056
859,429.56790726546103,345431,25.5,0.001,0.0056
860,429.56798134884997,343775,26.0,0.001,0.0056
861,429.567929028837,342121,26.5,0.001,0.0056
862,429.5680462681542,340494,27.0,0.001,0.0056
863,429.5680990407331,338866,27.5,0.001,0.0056
864,429.5679159377174,337237,28.0,0.001,0.0056
865,429.56804762900964,335632,28.5,0.001,0.0056
866,429.5680493970157,334031,29.0,0.001,0.0056
867,429.5680018100541,332428,29.5,0.001,0.0056
868,429.5678693697532,330844,30.0,0.001,0.0056
869,429.5678073253133,329269,30.5,0.001,0.0056
870,429.5681006825342,327692,31.0,0.001,0.0056
871,429.5678160917834,326130,31.5,0.001,0.0056
872,429.56820660693074,324581,32.0,0.001,0.0056
873,429.5682858244831,323028,32.5,0.001,0.0056
874,429.56794912469104,321489,33.0,0.001,0.0056
875,429.56827799527986,319964,33.5,0.001,0.0056
876,429.56812038320635,318434,34.0,0.001,0.0056
877,429.5682677253293,316920,34.5,0.001,0.0056
878,429.5680349430204,315417,35.0,0.001,0.0056
879,429.5681721744164,313910,35.5,0.001,0.0056
880,429.56828003717914,312421,36.0,0.001,0.0056
881,429.5680135280423,310940,36.5,0.001,0.0056
882,429.5678992222332,309454,37.0,0.001,0.0056
883,429.5681785254611,307990,37.5,0.001,0.0056
884,429.5678578878931,306531,38.0,0.001,0.0056
885,429.5678655553862,305066,38.5,0.001,0.0056
886,429.5680272678491,303627,39.0,0.001,0.0056
887,429.56828015298044,302190,39.5,0.001,0.0056
888,429.5682519520565,300746,40.0,0.001,0.0056
889,429.56793248412185,299331,40.5,0.001,0.0056
890,429.5677847527693,297913,41.0,0.001,0.0056
891,429.5680828507703,296493,41.5,0.001,0.0056
892,429.5681991971898,295101,42.0,0.001,0.0056
893,429.56828544176796,293702,42.5,0.001,0.0056
894,429.5680551405492,292309,43.0,0.001,0.0056
895,429.567989321518,290934,43.5,0.001,0.0056
896,429.568246932014,289553,44.0,0.001,0.0056
897,429.5680452067152,288183,44.5,0.001,0.0056
898,429.56789792812026,286816,45.0,0.001,0.0056
899,429.5679814211762,285444,45.5,0.001,0.0056
900,429.56824510521994,284101,46.0,0.001,0.0056
901,429.56808446719265,282753,46.5,0.001,0.0056
902,429.56788294310536,281413,47.0,0.001,0.0056
903,429.56787824531176,280088,47.5,0.001,0.0056
904,429.5681338682997,278751,48.0,0.001,0.0056
905,429.5680665338878,277436,48.5,0.001,0.0056
906,429.568195484409,276127,49.0,0.001,0.0056
907,429.5679177098701,274816,49.5,0.001,0.0056
908,429.5682769590008,273536,50.0,0.001,0.0056
909,429.99768791211085,443016,0.0,0.004,0.0056
910,429.568026004864,440975,0.5,0.004,0.0056
911,429.56817721577056,439754,1.0,0.004,0.0056
912,429.56773718462966,438543,1.5,0.004,0.0056
913,429.5677038590111,437308,2.0,0.004,0.0056
914,429.5677474519113,436098,2.5,0.004,0.0056
915,429.5680170203849,434860,3.0,0.004,0.0056
916,429.5677901252324,433627,3.5,0.004,0.0056
917,429.5677404864789,432380,4.0,0.004,0.0056
918,429.56792505766333,431137,4.5,0.004,0.0056
919,429.568094218026,429883,5.0,0.004,0.0056
920,429.56787496980763,428620,5.5,0.004,0.0056
921,429.56775947480185,427382,6.0,0.004,0.0056
922,429.5680156188699,426103,6.5,0.004,0.0056
923,429.567866982911,424851,7.0,0.004,0.0056
924,429.56797249962307,423581,7.5,0.004,0.0056
925,429.5680865360068,422323,8.0,0.004,0.0056
926,429.56781910277084,421043,8.5,0.004,0.0056
927,429.56771907297195,419780,9.0,0.004,0.0056
928,429.5680546484929,418507,9.5,0.004,0.0056
929,429.5677127919625,417227,10.0,0.004,0.0056
930,429.5677226785981,415955,10.5,0.004,0.0056
931,429.5677915927654,414675,11.0,0.004,0.0056
932,429.56802187535106,413400,11.5,0.004,0.0056
933,429.5679638137643,412111,12.0,0.004,0.0056
934,429.56805163643077,410845,12.5,0.004,0.0056
935,429.5680461814256,409549,13.0,0.004,0.0056
936,429.5679545855927,408278,13.5,0.004,0.0056
937,429.5677167117111,406990,14.0,0.004,0.0056
938,429.56797425699955,405706,14.5,0.004,0.0056
939,429.5680023666527,404400,15.0,0.004,0.0056
940,429.5679677009757,403109,15.5,0.004,0.0056
941,429.56790975286054,401806,16.0,0.004,0.0056
942,429.56774316987276,400517,16.5,0.004,0.0056
943,429.5678519150142,399227,17.0,0.004,0.0056
944,429.56804501430554,397934,17.5,0.004,0.0056
945,429.5677244388761,396629,18.0,0.004,0.0056
946,429.56788898961213,395330,18.5,0.004,0.0056
947,429.5677831840932,394037,19.0,0.004,0.0056
948,429.5677207061816,392749,19.5,0.004,0.0056
949,429.5678957050022,391477,20.0,0.004,0.0056
950,429.56770796903527,390201,20.5,0.004,0.0056
951,429.56800657118566,388915,21.0,0.004,0.0056
952,429.567956455431,387620,21.5,0.004,0.0056
953,429.56787534022703,386344,22.0,0.004,0.0056
954,429.56787596520036,385061,22.5,0.004,0.0056
955,429.5678341978291,383803,23.0,0.004,0.0056
956,429.5677550004017,382539,23.5,0.004,0.0056
957,429.56802005260107,381278,24.0,0.004,0.0056
958,429.56794458109874,379996,24.5,0.004,0.0056
959,429.5679542150664,378737,25.0,0.004,0.0056
960,429.56773905548613,377467,25.5,0.004,0.0056
961,429.5677306463441,376222,26.0,0.004,0.0056
962,429.5680186316537,374973,26.5,0.004,0.0056
963,429.5679888989497,373735,27.0,0.004,0.0056
964,429.56773555164455,372475,27.5,0.004,0.0056
965,429.5677821355897,371228,28.0,0.004,0.0056
966,429.5678859911518,369982,28.5,0.004,0.0056
967,429.56770708185184,368745,29.0,0.004,0.0056
968,429.5676971306628,367517,29.5,0.004,0.0056
969,429.5677212155944,366296,30.0,0.004,0.0056
970,429.5678140050506,365064,30.5,0.004,0.0056
971,429.5678416007482,363828,31.0,0.004,0.0056
972,429.5677842179098,362607,31.5,0.004,0.0056
973,429.56775401265986,361381,32.0,0.004,0.0056
974,429.5677705385733,360176,32.5,0.004,0.0056
975,429.56789373863546,358966,33.0,0.004,0.0056
976,429.5678229035164,357766,33.5,0.004,0.0056
977,429.5679482106422,356548,34.0,0.004,0.0056
978,429.56779812462514,355348,34.5,0.004,0.0056
979,429.5678417946256,354142,35.0,0.004,0.0056
980,429.5679315945676,352954,35.5,0.004,0.0056
981,429.5677201207716,351765,36.0,0.004,0.0056
982,429.5679815630247,350587,36.5,0.004,0.0056
983,429.56787909334463,349397,37.0,0.004,0.0056
984,429.56794351376385,348210,37.5,0.004,0.0056
985,429.5679099471988,347033,38.0,0.004,0.0056
986,429.5679247399485,345855,38.5,0.004,0.0056
987,429.56790845672606,344694,39.0,0.004,0.0056
988,429.56770462941546,343529,39.5,0.004,0.0056
989,429.5677598628366,342371,40.0,0.004,0.0056
990,429.56783320536977,341201,40.5,0.004,0.0056
991,429.56772601622373,340048,41.0,0.004,0.0056
992,429.5679345151305,338891,41.5,0.004,0.0056
993,429.56770307269653,337748,42.0,0.004,0.0056
994,429.5677216804504,336608,42.5,0.004,0.0056
995,429.567792291648,335471,43.0,0.004,0.0056
996,429.56791497173714,334332,43.5,0.004,0.0056
997,429.56772391020235,333191,44.0,0.004,0.0056
998,429.5679276059168,332065,44.5,0.004,0.0056
999,429.5678481672685,330934,45.0,0.004,0.0056
1000,429.5679348894056,329822,45.5,0.004,0.0056
1001,429.5679974459146,328706,46.0,0.004,0.0056
1002,429.5679485383338,327592,46.5,0.004,0.0056
1003,429.5678244251549,326474,47.0,0.004,0.0056
1004,429.5679619645668,325367,47.5,0.004,0.0056
1005,429.567957152555,324264,48.0,0.004,0.0056
1006,429.56777721826666,323164,48.5,0.004,0.0056
1007,429.56783747941995,322078,49.0,0.004,0.0056
1008,429.567806844897,320982,49.5,0.004,0.0056
1009,429.56788612431563,319896,50.0,0.004,0.0056
