,total_counts,area,time,D (um^2/s),alpha (1/s)
0,429.99741361324294,443016,0.0,0.014,0.0064
1,429.567818677487,443729,0.5,0.014,0.0064
2,429.567511037887,445148,1.0,0.014,0.0064
3,429.5677153308632,446461,1.5,0.014,0.0064
4,429.56773510208166,447611,2.0,0.014,0.0064
5,429.5677646716267,448656,2.5,0.014,0.0064
6,429.56768221580234,449566,3.0,0.014,0.0064
7,429.56772028748173,450374,3.5,0.014,0.0064
8,429.56754566079155,451065,4.0,0.014,0.0064
9,429.5674994070009,451680,4.5,0.014,0.0064
10,429.5674696982847,452206,5.0,0.014,0.0064
11,429.56755947940604,452647,5.5,0.014,0.0064
12,429.5676117129717,453040,6.0,0.014,0.0064
13,429.56769959702007,453376,6.5,0.014,0.0064
14,429.56742203374637,453639,7.0,0.014,0.0064
15,429.5675094288723,453853,7.5,0.014,0.0064
16,429.567436933087,454007,8.0,0.014,0.0064
17,429.5676067676782,454113,8.5,0.014,0.0064
18,429.56759967812644,454183,9.0,0.014,0.0064
19,429.5674985222204,454200,9.5,0.014,0.0064
20,429.5674916160185,454173,10.0,0.014,0.0064
21,429.56755002483277,454112,10.5,0.014,0.0064
22,429.56764015677226,454009,11.0,0.014,0.0064
23,429.5675584414725,453872,11.5,0.014,0.0064
24,429.5674736357695,453705,12.0,0.014,0.0064
25,429.56749688461025,453504,12.5,0.014,0.0064
26,429.56745650406026,453280,13.0,0.014,0.0064
27,429.5676345186079,453033,13.5,0.014,0.0064
28,429.5675836259663,452758,14.0,0.014,0.0064
29,429.5676326274813,452456,14.5,0.014,0.0064
30,429.56759415204,452126,15.0,0.014,0.0064
31,429.56746686614787,451769,15.5,0.014,0.0064
32,429.5675108785837,451398,16.0,0.014,0.0064
33,429.56745806703543,451003,16.5,0.014,0.0064
34,429.567507563674,450585,17.0,0.014,0.0064
35,429.5675843799483,450144,17.5,0.014,0.0064
36,429.56761926193485,449680,18.0,0.014,0.0064
37,429.56748010705786,449198,18.5,0.014,0.0064
38,429.5674505777381,448705,19.0,0.014,0.0064
39,429.5675967821355,448195,19.5,0.014,0.0064
40,429.5674304550497,447666,20.0,0.014,0.0064
41,429.5675188484273,447121,20.5,0.014,0.0064
42,429.5676121335557,446559,21.0,0.014,0.0064
43,429.5676010978295,445986,21.5,0.014,0.0064
44,429.56759756613764,445401,22.0,0.014,0.0064
45,429.56761128745575,444802,22.5,0.014,0.0064
46,429.56759863982575,444189,23.0,0.014,0.0064
47,429.5675037125744,443562,23.5,0.014,0.0064
48,429.5675183158127,442923,24.0,0.014,0.0064
49,429.56751804032183,442278,24.5,0.014,0.0064
50,429.5674286608114,441623,25.0,0.014,0.0064
51,429.56743225965374,440959,25.5,0.014,0.0064
52,429.5675333645305,440286,26.0,0.014,0.0064
53,429.56754208345603,439603,26.5,0.014,0.0064
54,429.5675270161927,438911,27.0,0.014,0.0064
55,429.56742926250496,438211,27.5,0.014,0.0064
56,429.56744704796466,437503,28.0,0.014,0.0064
57,429.5675281131431,436789,28.5,0.014,0.0064
58,429.56741664204634,436068,29.0,0.014,0.0064
59,429.56749204395277,435342,29.5,0.014,0.0064
60,429.56747692706324,434610,30.0,0.014,0.0064
61,429.5674975471589,433872,30.5,0.014,0.0064
62,429.56748830778025,433127,31.0,0.014,0.0064
63,429.5674944542956,432376,31.5,0.014,0.0064
64,429.56746155798044,431621,32.0,0.014,0.0064
65,429.5675325609274,430863,32.5,0.014,0.0064
66,429.5674458235304,430100,33.0,0.014,0.0064
67,429.56747446880786,429333,33.5,0.014,0.0064
68,429.56755051467564,428561,34.0,0.014,0.0064
69,429.5674800597296,427783,34.5,0.014,0.0064
70,429.567564307164,427003,35.0,0.014,0.0064
71,429.56750784043635,426220,35.5,0.014,0.0064
72,429.567534872765,425435,36.0,0.014,0.0064
73,429.5675359936032,424647,36.5,0.014,0.0064
74,429.56744764125887,423855,37.0,0.014,0.0064
75,429.56743355440807,423060,37.5,0.014,0.0064
76,429.5675625760119,422262,38.0,0.014,0.0064
77,429.5676061580842,421462,38.5,0.014,0.0064
78,429.5675763807701,420660,39.0,0.014,0.0064
79,429.567572851534,419856,39.5,0.014,0.0064
80,429.5675593361636,419049,40.0,0.014,0.0064
81,429.56745957148655,418240,40.5,0.014,0.0064
82,429.56750826848236,417432,41.0,0.014,0.0064
83,429.56754908834046,416624,41.5,0.014,0.0064
84,429.5674277670744,415815,42.0,0.014,0.0064
85,429.56747493293415,415006,42.5,0.014,0.0064
86,429.5674789678117,414190,43.0,0.014,0.0064
87,429.5675121890247,413374,43.5,0.014,0.0064
88,429.5674948129419,412558,44.0,0.014,0.0064
89,429.56749019854476,411742,44.5,0.014,0.0064
90,429.5676050342653,410926,45.0,0.014,0.0064
91,429.5675485944226,410108,45.5,0.014,0.0064
92,429.5674811161066,409291,46.0,0.014,0.0064
93,429.5674982286786,408476,46.5,0.014,0.0064
94,429.56743551857403,407662,47.0,0.014,0.0064
95,429.5675481850845,406850,47.5,0.014,0.0064
96,429.56745386460716,406030,48.0,0.014,0.0064
97,429.56749673278676,405211,48.5,0.014,0.0064
98,429.56750893199745,404393,49.0,0.014,0.0064
99,429.5674993106636,403576,49.5,0.014,0.0064
100,429.56754283875466,402760,50.0,0.014,0.0064
101,429.9977219749597,443016,0.0,0.004,0.0064
102,429.56811066262355,440618,0.5,0.004,0.0064
103,429.56816952019875,439061,1.0,0.004,0.0064
104,429.56788241812075,437480,1.5,0.004,0.0064
105,429.56819103246124,435932,2.0,0.004,0.0064
106,429.5679106860811,434354,2.5,0.004,0.0064
107,429.56794656889446,432799,3.0,0.004,0.0064
108,429.5681570354159,431233,3.5,0.004,0.0064
109,429.5679289187133,429656,4.0,0.004,0.0064
110,429.5679145629863,428081,4.5,0.004,0.0064
111,429.5679565614408,426491,5.0,0.004,0.0064
112,429.568049742821,424923,5.5,0.004,0.0064
113,429.56786701426455,423326,6.0,0.004,0.0064
114,429.567953556102,421756,6.5,0.004,0.0064
115,429.56784209123106,420181,7.0,0.004,0.0064
116,429.568064462596,418590,7.5,0.004,0.0064
117,429.56796554775275,417020,8.0,0.004,0.0064
118,429.56802242921634,415439,8.5,0.004,0.0064
119,429.56773519775885,413867,9.0,0.004,0.0064
120,429.56778402387584,412285,9.5,0.004,0.0064
121,429.56776387281735,410724,10.0,0.004,0.0064
122,429.5679206379315,409148,10.5,0.004,0.0064
123,429.5678311855113,407566,11.0,0.004,0.0064
124,429.567875792668,406015,11.5,0.004,0.0064
125,429.56797079389133,404437,12.0,0.004,0.0064
126,429.56802343511526,402878,12.5,0.004,0.0064
127,429.5680525453916,401318,13.0,0.004,0.0064
128,429.5680030853116,399757,13.5,0.004,0.0064
129,429.5678285836099,398202,14.0,0.004,0.0064
130,429.5680661661998,396640,14.5,0.004,0.0064
131,429.5677502328726,395102,15.0,0.004,0.0064
132,429.5678317114794,393544,15.5,0.004,0.0064
133,429.5679087459291,392003,16.0,0.004,0.0064
134,429.5677748818188,390467,16.5,0.004,0.0064
135,429.5679232131803,388918,17.0,0.004,0.0064
136,429.567738171647,387391,17.5,0.004,0.0064
137,429.5680074180135,385857,18.0,0.004,0.0064
138,429.568051368356,384322,18.5,0.004,0.0064
139,429.5678330109038,382776,19.0,0.004,0.0064
140,429.5678080872537,381234,19.5,0.004,0.0064
141,429.56791562574415,379705,20.0,0.004,0.0064
142,429.5678317040699,378169,20.5,0.004,0.0064
143,429.5677894639384,376662,21.0,0.004,0.0064
144,429.5678438411104,375134,21.5,0.004,0.0064
145,429.56806644986113,373608,22.0,0.004,0.0064
146,429.56800206501043,372089,22.5,0.004,0.0064
147,429.56788978770953,370570,23.0,0.004,0.0064
148,429.56798123815565,369080,23.5,0.004,0.0064
149,429.5680108752257,367588,24.0,0.004,0.0064
150,429.56802697105456,366118,24.5,0.004,0.0064
151,429.56796138961334,364617,25.0,0.004,0.0064
152,429.56787461772075,363123,25.5,0.004,0.0064
153,429.5678527949678,361646,26.0,0.004,0.0064
154,429.5677405667109,360167,26.5,0.004,0.0064
155,429.56778705847626,358718,27.0,0.004,0.0064
156,429.5679322562902,357270,27.5,0.004,0.0064
157,429.56800990375524,355816,28.0,0.004,0.0064
158,429.5677957291498,354356,28.5,0.004,0.0064
159,429.56775512008903,352902,29.0,0.004,0.0064
160,429.56793858750405,351468,29.5,0.004,0.0064
161,429.5678696895265,350032,30.0,0.004,0.0064
162,429.5679171725159,348625,30.5,0.004,0.0064
163,429.5678177997577,347205,31.0,0.004,0.0064
164,429.5679624149567,345785,31.5,0.004,0.0064
165,429.5679825519559,344366,32.0,0.004,0.0064
166,429.56791248708464,342956,32.5,0.004,0.0064
167,429.56792686238754,341562,33.0,0.004,0.0064
168,429.56790885151753,340170,33.5,0.004,0.0064
169,429.5679595532483,338805,34.0,0.004,0.0064
170,429.5679102286116,337407,34.5,0.004,0.0064
171,429.5677486211333,336029,35.0,0.004,0.0064
172,429.5678341464588,334649,35.5,0.004,0.0064
173,429.5679023779609,333286,36.0,0.004,0.0064
174,429.56791924076225,331930,36.5,0.004,0.0064
175,429.5677763662504,330585,37.0,0.004,0.0064
176,429.56806016409064,329242,37.5,0.004,0.0064
177,429.56786898564957,327886,38.0,0.004,0.0064
178,429.5677345425351,326549,38.5,0.004,0.0064
179,429.5679064117432,325209,39.0,0.004,0.0064
180,429.56776154283136,323891,39.5,0.004,0.0064
181,429.56805822852084,322573,40.0,0.004,0.0064
182,429.56788507420083,321272,40.5,0.004,0.0064
183,429.56796633814645,319952,41.0,0.004,0.0064
184,429.5678359090844,318645,41.5,0.004,0.0064
185,429.56774526415654,317342,42.0,0.004,0.0064
186,429.56801214841886,316050,42.5,0.004,0.0064
187,429.56799443666574,314769,43.0,0.004,0.0064
188,429.5680555191307,313495,43.5,0.004,0.0064
189,429.5679273296541,312220,44.0,0.004,0.0064
190,429.5678815533308,310939,44.5,0.004,0.0064
191,429.5680621726662,309676,45.0,0.004,0.0064
192,429.5677673732464,308409,45.5,0.004,0.0064
193,429.56793972689303,307164,46.0,0.004,0.0064
194,429.5679004519732,305917,46.5,0.004,0.0064
195,429.5677672616306,304684,47.0,0.004,0.0064
196,429.56785085788766,303436,47.5,0.004,0.0064
197,429.5678523174301,302205,48.0,0.004,0.0064
198,429.56794575079294,300972,48.5,0.004,0.0064
199,429.5678059772272,299756,49.0,0.004,0.0064
200,429.5677384892257,298541,49.5,0.004,0.0064
201,429.5679851330174,297345,50.0,0.004,0.0064
202,429.9978144841716,443016,0.0,0.001,0.0064
203,429.56800370709703,439683,0.5,0.001,0.0064
204,429.5682431075629,437189,1.0,0.001,0.0064
205,429.56826804631584,434709,1.5,0.001,0.0064
206,429.5679231551888,432243,2.0,0.001,0.0064
207,429.5680044984997,429798,2.5,0.001,0.0064
208,429.56827107294816,427369,3.0,0.001,0.0064
209,429.56828553026537,424955,3.5,0.001,0.0064
210,429.56784060447484,422556,4.0,0.001,0.0064
211,429.5683273167656,420170,4.5,0.001,0.0064
212,429.56795814376574,417798,5.0,0.001,0.0064
213,429.56812185415987,415441,5.5,0.001,0.0064
214,429.56782615370076,413094,6.0,0.001,0.0064
215,429.56825378350095,410763,6.5,0.001,0.0064
216,429.56830100962856,408444,7.0,0.001,0.0064
217,429.5682962266773,406136,7.5,0.001,0.0064
218,429.56786453891135,403849,8.0,0.001,0.0064
219,429.56811390468977,401582,8.5,0.001,0.0064
220,429.56802689862286,399325,9.0,0.001,0.0064
221,429.5681019113778,397082,9.5,0.001,0.0064
222,429.5678181580975,394849,10.0,0.001,0.0064
223,429.5682524201924,392628,10.5,0.001,0.0064
224,429.5680907936944,390419,11.0,0.001,0.0064
225,429.56814325571213,388220,11.5,0.001,0.0064
226,429.56802281543867,386035,12.0,0.001,0.0064
227,429.56831862996563,383877,12.5,0.001,0.0064
228,429.56808492543723,381727,13.0,0.001,0.0064
229,429.5680311699293,379588,13.5,0.001,0.0064
230,429.56786352860274,377461,14.0,0.001,0.0064
231,429.56814974457575,375342,14.5,0.001,0.0064
232,429.568013531978,373233,15.0,0.001,0.0064
233,429.56791122343776,371139,15.5,0.001,0.0064
234,429.56801134662254,369067,16.0,0.001,0.0064
235,429.5680050863487,367007,16.5,0.001,0.0064
236,429.56811054136017,364958,17.0,0.001,0.0064
237,429.56804861487024,362914,17.5,0.001,0.0064
238,429.5681437713877,360881,18.0,0.001,0.0064
239,429.56781965463455,358858,18.5,0.001,0.0064
240,429.5682292976295,356858,19.0,0.001,0.0064
241,429.5680721131068,354872,19.5,0.001,0.0064
242,429.5682621551583,352895,20.0,0.001,0.0064
243,429.5682514255877,350923,20.5,0.001,0.0064
244,429.5678252333101,348960,21.0,0.001,0.0064
245,429.5681650959431,347010,21.5,0.001,0.0064
246,429.5679553254161,345083,22.0,0.001,0.0064
247,429.5681883769197,343167,22.5,0.001,0.0064
248,429.56803514672373,341256,23.0,0.001,0.0064
249,429.568059246277,339351,23.5,0.001,0.0064
250,429.5678212025358,337456,24.0,0.001,0.0064
251,429.56815763275256,335586,24.5,0.001,0.0064
252,429.5679973839265,333725,25.0,0.001,0.0064
253,429.5682581172272,331873,25.5,0.001,0.0064
254,429.56791229058257,330023,26.0,0.001,0.0064
255,429.5683410869479,328183,26.5,0.001,0.0064
256,429.5681932118771,326371,27.0,0.001,0.0064
257,429.5678316145189,324563,27.5,0.001,0.0064
258,429.5679227632175,322762,28.0,0.001,0.0064
259,429.5679663985792,320968,28.5,0.001,0.0064
260,429.5681562642477,319185,29.0,0.001,0.0064
261,429.5683143192063,317426,29.5,0.001,0.0064
262,429.56811897172895,315672,30.0,0.001,0.0064
263,429.56804618519027,313919,30.5,0.001,0.0064
264,429.5679138454398,312174,31.0,0.001,0.0064
265,429.567991785366,310457,31.5,0.001,0.0064
266,429.5680058606219,308744,32.0,0.001,0.0064
267,429.56790802339754,307036,32.5,0.001,0.0064
268,429.56825138821057,305333,33.0,0.001,0.0064
269,429.56801718371497,303651,33.5,0.001,0.0064
270,429.5680751757969,301982,34.0,0.001,0.0064
271,429.5681995208927,300315,34.5,0.001,0.0064
272,429.5679405394848,298649,35.0,0.001,0.0064
273,429.5678632768568,297009,35.5,0.001,0.0064
274,429.56821522597403,295379,36.0,0.001,0.0064
275,429.56800911331305,293749,36.5,0.001,0.0064
276,429.5681667442408,292125,37.0,0.001,0.0064
277,429.5680069346643,290524,37.5,0.001,0.0064
278,429.56792195318053,288930,38.0,0.001,0.0064
279,429.5682728844057,287340,38.5,0.001,0.0064
280,429.5678798077133,285752,39.0,0.001,0.0064
281,429.5679465477056,284192,39.5,0.001,0.0064
282,429.56811368055867,282636,40.0,0.001,0.0064
283,429.5678287584542,281076,40.5,0.001,0.0064
284,429.56821957796245,279535,41.0,0.001,0.0064
285,429.56793607594295,278011,41.5,0.001,0.0064
286,429.56794435520817,276484,42.0,0.001,0.0064
287,429.5678797421092,274961,42.5,0.001,0.0064
288,429.5679984720408,273466,43.0,0.001,0.0064
289,429.56821504600384,271971,43.5,0.001,0.0064
290,429.56797458763333,270476,44.0,0.001,0.0064
291,429.5680529840165,269000,44.5,0.001,0.0064
292,429.56790868157697,267535,45.0,0.001,0.0064
293,429.56829163437,266071,45.5,0.001,0.0064
294,429.56830420713476,264613,46.0,0.001,0.0064
295,429.56791374519645,263177,46.5,0.001,0.0064
296,429.56828459113893,261742,47.0,0.001,0.0064
297,429.56815328663316,260303,47.5,0.001,0.0064
298,429.56795073409467,258885,48.0,0.001,0.0064
299,429.5683359394494,257469,48.5,0.001,0.0064
300,429.5678198474518,256051,49.0,0.001,0.0064
301,429.5679487932139,254659,49.5,0.001,0.0064
302,429.5681470631507,253276,50.0,0.001,0.0064
303,429.9973827772943,443016,0.0,0.015,0.0064
304,429.56773571587877,444038,0.5,0.015,0.0064
305,429.56778512837946,445758,1.0,0.015,0.0064
306,429.5674872125839,447312,1.5,0.015,0.0064
307,429.5675996588444,448734,2.0,0.015,0.0064
308,429.56746652240474,449996,2.5,0.015,0.0064
309,429.5675824655673,451132,3.0,0.015,0.0064
310,429.5676360577543,452139,3.5,0.015,0.0064
311,429.56754356777094,453032,4.0,0.015,0.0064
312,429.5675355121794,453820,4.5,0.015,0.0064
313,429.56756518433207,454551,5.0,0.015,0.0064
314,429.56749808201886,455179,5.5,0.015,0.0064
315,429.5674091349569,455744,6.0,0.015,0.0064
316,429.567537027728,456240,6.5,0.015,0.0064
317,429.56760606654774,456643,7.0,0.015,0.0064
318,429.5676511574575,457005,7.5,0.015,0.0064
319,429.56761626510564,457310,8.0,0.015,0.0064
320,429.56743769871,457548,8.5,0.015,0.0064
321,429.56752148747,457742,9.0,0.015,0.0064
322,429.56757433174585,457882,9.5,0.015,0.0064
323,429.56742837649614,457985,10.0,0.015,0.0064
324,429.56755983984647,458049,10.5,0.015,0.0064
325,429.5676106371763,458065,11.0,0.015,0.0064
326,429.56749328100113,458055,11.5,0.015,0.0064
327,429.5674324105363,458009,12.0,0.015,0.0064
328,429.5675201096445,457928,12.5,0.015,0.0064
329,429.5673966307089,457811,13.0,0.015,0.0064
330,429.56741694464364,457659,13.5,0.015,0.0064
331,429.5674675296253,457487,14.0,0.015,0.0064
332,429.5675456250266,457287,14.5,0.015,0.0064
333,429.5675984536929,457055,15.0,0.015,0.0064
334,429.56744148546505,456790,15.5,0.015,0.0064
335,429.5675254324247,456494,16.0,0.015,0.0064
336,429.5674197096272,456178,16.5,0.015,0.0064
337,429.56756329648283,455845,17.0,0.015,0.0064
338,429.5674439129528,455486,17.5,0.015,0.0064
339,429.5674620901164,455103,18.0,0.015,0.0064
340,429.56738587722344,454695,18.5,0.015,0.0064
341,429.56754601147446,454269,19.0,0.015,0.0064
342,429.56751970091165,453830,19.5,0.015,0.0064
343,429.5675548656953,453372,20.0,0.015,0.0064
344,429.5673994584087,452894,20.5,0.015,0.0064
345,429.56744097154734,452398,21.0,0.015,0.0064
346,429.5675660380262,451885,21.5,0.015,0.0064
347,429.56746169338464,451362,22.0,0.015,0.0064
348,429.5674875991965,450825,22.5,0.015,0.0064
349,429.56740593273776,450273,23.0,0.015,0.0064
350,429.56753546640147,449708,23.5,0.015,0.0064
351,429.56742972230995,449128,24.0,0.015,0.0064
352,429.56742077718576,448541,24.5,0.015,0.0064
353,429.56757661326895,447944,25.0,0.015,0.0064
354,429.56756105785826,447335,25.5,0.015,0.0064
355,429.5675456185936,446715,26.0,0.015,0.0064
356,429.56753031660776,446084,26.5,0.015,0.0064
357,429.5675552577195,445445,27.0,0.015,0.0064
358,429.567470154445,444797,27.5,0.015,0.0064
359,429.56744087735865,444140,28.0,0.015,0.0064
360,429.5674189514723,443475,28.5,0.015,0.0064
361,429.56748543325256,442803,29.0,0.015,0.0064
362,429.5675256939627,442125,29.5,0.015,0.0064
363,429.5675049834125,441442,30.0,0.015,0.0064
364,429.5675415352753,440753,30.5,0.015,0.0064
365,429.5674754371114,440057,31.0,0.015,0.0064
366,429.56753301976755,439355,31.5,0.015,0.0064
367,429.56753954285495,438646,32.0,0.015,0.0064
368,429.56752344948245,437931,32.5,0.015,0.0064
369,429.5674246689265,437211,33.0,0.015,0.0064
370,429.56738993783836,436487,33.5,0.015,0.0064
371,429.5674217617554,435759,34.0,0.015,0.0064
372,429.56744341596635,435027,34.5,0.015,0.0064
373,429.5675095569044,434291,35.0,0.015,0.0064
374,429.5675597631347,433550,35.5,0.015,0.0064
375,429.5675515098353,432804,36.0,0.015,0.0064
376,429.5675528551451,432055,36.5,0.015,0.0064
377,429.56746027221436,431303,37.0,0.015,0.0064
378,429.5674890394285,430549,37.5,0.015,0.0064
379,429.5674271453157,429792,38.0,0.015,0.0064
380,429.56750579649326,429033,38.5,0.015,0.0064
381,429.5674288867612,428270,39.0,0.015,0.0064
382,429.56756763029847,427505,39.5,0.015,0.0064
383,429.5674036495128,426736,40.0,0.015,0.0064
384,429.56750680274604,425967,40.5,0.015,0.0064
385,429.567518761215,425196,41.0,0.015,0.0064
386,429.56747435551824,424423,41.5,0.015,0.0064
387,429.5674303041216,423648,42.0,0.015,0.0064
388,429.5675559963816,422872,42.5,0.015,0.0064
389,429.5675339096874,422095,43.0,0.015,0.0064
390,429.56749432106074,421318,43.5,0.015,0.0064
391,429.5674240770373,420541,44.0,0.015,0.0064
392,429.56751682047366,419763,44.5,0.015,0.0064
393,429.56754311857964,418981,45.0,0.015,0.0064
394,429.5674641803086,418197,45.5,0.015,0.0064
395,429.5675407857246,417414,46.0,0.015,0.0064
396,429.56754170796876,416631,46.5,0.015,0.0064
397,429.5674837177801,415848,47.0,0.015,0.0064
398,429.5673918049403,415065,47.5,0.015,0.0064
399,429.5675067729607,414283,48.0,0.015,0.0064
400,429.5674191037929,413500,48.5,0.015,0.0064
401,429.56740149798804,412719,49.0,0.015,0.0064
402,429.56751698000943,411938,49.5,0.015,0.0064
403,429.5675393314518,411154,50.0,0.015,0.0064
404,429.9975061213355,443016,0.0,0.011,0.0064
405,429.56755130229226,442786,0.5,0.011,0.0064
406,429.5678668275247,443351,1.0,0.011,0.0064
407,429.5675784620831,443829,1.5,0.011,0.0064
408,429.56765434917395,444216,2.0,0.011,0.0064
409,429.5677201136569,444516,2.5,0.011,0.0064
410,429.5676390272533,444756,3.0,0.011,0.0064
411,429.56768154832645,444921,3.5,0.011,0.0064
412,429.5677452896293,445018,4.0,0.011,0.0064
413,429.56782513100575,445041,4.5,0.011,0.0064
414,429.567644822961,445010,5.0,0.011,0.0064
415,429.56776495385014,444918,5.5,0.011,0.0064
416,429.5677658684672,444781,6.0,0.011,0.0064
417,429.56770495210503,444593,6.5,0.011,0.0064
418,429.56766895484594,444366,7.0,0.011,0.0064
419,429.56773410331505,444098,7.5,0.011,0.0064
420,429.56763251511154,443800,8.0,0.011,0.0064
421,429.5677531263163,443468,8.5,0.011,0.0064
422,429.5676084867801,443100,9.0,0.011,0.0064
423,429.56761167781207,442702,9.5,0.011,0.0064
424,429.5677685263517,442278,10.0,0.011,0.0064
425,429.56752804722584,441822,10.5,0.011,0.0064
426,429.5677213956313,441337,11.0,0.011,0.0064
427,429.5675883793731,440828,11.5,0.011,0.0064
428,429.5675449970819,440297,12.0,0.011,0.0064
429,429.56774652567464,439742,12.5,0.011,0.0064
430,429.5675642790305,439164,13.0,0.011,0.0064
431,429.5676598151522,438573,13.5,0.011,0.0064
432,429.5675238641516,437964,14.0,0.011,0.0064
433,429.5676394605478,437337,14.5,0.011,0.0064
434,429.567556432395,436690,15.0,0.011,0.0064
435,429.567727468162,436028,15.5,0.011,0.0064
436,429.5675371140937,435347,16.0,0.011,0.0064
437,429.5676681587369,434653,16.5,0.011,0.0064
438,429.5677402729291,433949,17.0,0.011,0.0064
439,429.5675383671523,433233,17.5,0.011,0.0064
440,429.56754669181754,432504,18.0,0.011,0.0064
441,429.56762069848355,431761,18.5,0.011,0.0064
442,429.56771668109803,431004,19.0,0.011,0.0064
443,429.5676436412302,430237,19.5,0.011,0.0064
444,429.5675715676109,429463,20.0,0.011,0.0064
445,429.56765578258734,428680,20.5,0.011,0.0064
446,429.5675358982927,427884,21.0,0.011,0.0064
447,429.56769546184796,427077,21.5,0.011,0.0064
448,429.56760752139326,426262,22.0,0.011,0.0064
449,429.56759013931594,425444,22.5,0.011,0.0064
450,429.56753536743236,424616,23.0,0.011,0.0064
451,429.5675190160186,423777,23.5,0.011,0.0064
452,429.56752386556116,422928,24.0,0.011,0.0064
453,429.5675146694601,422076,24.5,0.011,0.0064
454,429.5676166278875,421222,25.0,0.011,0.0064
455,429.5677296357913,420362,25.5,0.011,0.0064
456,429.5675540717987,419493,26.0,0.011,0.0064
457,429.5675757852638,418620,26.5,0.011,0.0064
458,429.56764008312695,417741,27.0,0.011,0.0064
459,429.56772402630526,416858,27.5,0.011,0.0064
460,429.5676818920448,415967,28.0,0.011,0.0064
461,429.5676709979883,415071,28.5,0.011,0.0064
462,429.56755522475305,414176,29.0,0.011,0.0064
463,429.5675985564949,413281,29.5,0.011,0.0064
464,429.5677144747364,412382,30.0,0.011,0.0064
465,429.5676424111986,411473,30.5,0.011,0.0064
466,429.56760793904726,410562,31.0,0.011,0.0064
467,429.5675400036294,409650,31.5,0.011,0.0064
468,429.5676261783573,408734,32.0,0.011,0.0064
469,429.5676397468945,407814,32.5,0.011,0.0064
470,429.56764170666344,406897,33.0,0.011,0.0064
471,429.56758641727663,405981,33.5,0.011,0.0064
472,429.56770365020714,405063,34.0,0.011,0.0064
473,429.5675774378979,404133,34.5,0.011,0.0064
474,429.56760122541687,403206,35.0,0.011,0.0064
475,429.56762458581966,402279,35.5,0.011,0.0064
476,429.5675926467584,401348,36.0,0.011,0.0064
477,429.5675812921901,400417,36.5,0.011,0.0064
478,429.5676081639517,399490,37.0,0.011,0.0064
479,429.5675367065774,398564,37.5,0.011,0.0064
480,429.5676803763828,397633,38.0,0.011,0.0064
481,429.56759719419176,396697,38.5,0.011,0.0064
482,429.56762482782204,395764,39.0,0.011,0.0064
483,429.56752603947547,394830,39.5,0.011,0.0064
484,429.567517736571,393894,40.0,0.011,0.0064
485,429.56759990654484,392962,40.5,0.011,0.0064
486,429.56758262359386,392033,41.0,0.011,0.0064
487,429.567676452952,391105,41.5,0.011,0.0064
488,429.56765127921307,390169,42.0,0.011,0.0064
489,429.56765574041304,389235,42.5,0.011,0.0064
490,429.56771862879,388303,43.0,0.011,0.0064
491,429.5676692393165,387369,43.5,0.011,0.0064
492,429.5677048303956,386437,44.0,0.011,0.0064
493,429.5676561119384,385509,44.5,0.011,0.0064
494,429.5675234294235,384583,45.0,0.011,0.0064
495,429.5675845008246,383656,45.5,0.011,0.0064
496,429.56767691862746,382726,46.0,0.011,0.0064
497,429.5675773711743,381798,46.5,0.011,0.0064
498,429.56761178581974,380871,47.0,0.011,0.0064
499,429.5676608314073,379944,47.5,0.011,0.0064
500,429.5676027837107,379021,48.0,0.011,0.0064
501,429.56763561293985,378102,48.5,0.011,0.0064
502,429.5676995774391,377184,49.0,0.011,0.0064
503,429.5675978263099,376262,49.5,0.011,0.0064
504,429.56755843495375,375340,50.0,0.011,0.0064
505,429.9976911386097,443016,0.0,0.005,0.0064
506,429.5680353508242,440935,0.5,0.005,0.0064
507,429.568086140829,439672,1.0,0.005,0.0064
508,429.56792932974105,438413,1.5,0.005,0.0064
509,429.56773115698445,437128,2.0,0.005,0.0064
510,429.568060256903,435859,2.5,0.005,0.0064
511,429.5681117360127,434558,3.0,0.005,0.0064
512,429.56798236659364,433276,3.5,0.005,0.0064
513,429.567906337395,431962,4.0,0.005,0.0064
514,429.56802862450513,430658,4.5,0.005,0.0064
515,429.56796596680175,429321,5.0,0.005,0.0064
516,429.56773822045477,427983,5.5,0.005,0.0064
517,429.56801312273984,426641,6.0,0.005,0.0064
518,429.56797750316633,425279,6.5,0.005,0.0064
519,429.56787924950424,423917,7.0,0.005,0.0064
520,429.56800973702303,422557,7.5,0.005,0.0064
521,429.5678840745004,421187,8.0,0.005,0.0064
522,429.56775850223613,419804,8.5,0.005,0.0064
523,429.5677538663429,418434,9.0,0.005,0.0064
524,429.5677041233148,417048,9.5,0.005,0.0064
525,429.56800298284554,415664,10.0,0.005,0.0064
526,429.5679028370279,414272,10.5,0.005,0.0064
527,429.56779834227365,412890,11.0,0.005,0.0064
528,429.5677983128621,411487,11.5,0.005,0.0064
529,429.5679501124134,410098,12.0,0.005,0.0064
530,429.5677654430908,408701,12.5,0.005,0.0064
531,429.5678820723106,407304,13.0,0.005,0.0064
532,429.5679813534636,405900,13.5,0.005,0.0064
533,429.56776914308415,404510,14.0,0.005,0.0064
534,429.5678492745109,403102,14.5,0.005,0.0064
535,429.56771035266155,401703,15.0,0.005,0.0064
536,429.56791398398684,400304,15.5,0.005,0.0064
537,429.5680190522794,398897,16.0,0.005,0.0064
538,429.5679251898852,397478,16.5,0.005,0.0064
539,429.56780193131584,396060,17.0,0.005,0.0064
540,429.56796334952986,394644,17.5,0.005,0.0064
541,429.56773916789024,393229,18.0,0.005,0.0064
542,429.56775027718214,391825,18.5,0.005,0.0064
543,429.5678603611265,390413,19.0,0.005,0.0064
544,429.56784622519194,388995,19.5,0.005,0.0064
545,429.5678252920779,387571,20.0,0.005,0.0064
546,429.56783522839913,386166,20.5,0.005,0.0064
547,429.5679049989206,384756,21.0,0.005,0.0064
548,429.56779638314384,383372,21.5,0.005,0.0064
549,429.5677334843172,381986,22.0,0.005,0.0064
550,429.5678356807695,380587,22.5,0.005,0.0064
551,429.5678150972085,379176,23.0,0.005,0.0064
552,429.5678764161116,377788,23.5,0.005,0.0064
553,429.56801002293986,376393,24.0,0.005,0.0064
554,429.56794340952933,375023,24.5,0.005,0.0064
555,429.5678610312279,373651,25.0,0.005,0.0064
556,429.56776361892554,372284,25.5,0.005,0.0064
557,429.5678529571793,370896,26.0,0.005,0.0064
558,429.5676997071511,369525,26.5,0.005,0.0064
559,429.56777765648036,368152,27.0,0.005,0.0064
560,429.56798890710513,366798,27.5,0.005,0.0064
561,429.5678906014512,365446,28.0,0.005,0.0064
562,429.5678915200751,364108,28.5,0.005,0.0064
563,429.56779518950003,362746,29.0,0.005,0.0064
564,429.5677978681866,361395,29.5,0.005,0.0064
565,429.5677702065781,360047,30.0,0.005,0.0064
566,429.56798683465826,358711,30.5,0.005,0.0064
567,429.56787704592534,357382,31.0,0.005,0.0064
568,429.5678612137588,356066,31.5,0.005,0.0064
569,429.56774140216,354737,32.0,0.005,0.0064
570,429.5679774858522,353409,32.5,0.005,0.0064
571,429.5678172797503,352087,33.0,0.005,0.0064
572,429.56798719882056,350772,33.5,0.005,0.0064
573,429.5677635428293,349467,34.0,0.005,0.0064
574,429.56793847849525,348171,34.5,0.005,0.0064
575,429.5678612111029,346878,35.0,0.005,0.0064
576,429.5678152796205,345574,35.5,0.005,0.0064
577,429.5677704911129,344279,36.0,0.005,0.0064
578,429.5678863932978,342988,36.5,0.005,0.0064
579,429.56773930723494,341708,37.0,0.005,0.0064
580,429.56796593168593,340435,37.5,0.005,0.0064
581,429.5677015913504,339174,38.0,0.005,0.0064
582,429.56786764425414,337898,38.5,0.005,0.0064
583,429.5677340709949,336629,39.0,0.005,0.0064
584,429.5679033326696,335365,39.5,0.005,0.0064
585,429.56786765372374,334110,40.0,0.005,0.0064
586,429.5678613876024,332862,40.5,0.005,0.0064
587,429.5677070179078,331624,41.0,0.005,0.0064
588,429.567724644855,330384,41.5,0.005,0.0064
589,429.5679553766457,329142,42.0,0.005,0.0064
590,429.56786088396706,327906,42.5,0.005,0.0064
591,429.5679994075584,326676,43.0,0.005,0.0064
592,429.56773395517064,325455,43.5,0.005,0.0064
593,429.56797610017605,324241,44.0,0.005,0.0064
594,429.5678145863135,323036,44.5,0.005,0.0064
595,429.5678709115302,321819,45.0,0.005,0.0064
596,429.5677415092511,320613,45.5,0.005,0.0064
597,429.5677060187168,319407,46.0,0.005,0.0064
598,429.56779727981484,318216,46.5,0.005,0.0064
599,429.56785595213546,317025,47.0,0.005,0.0064
600,429.56779039244674,315851,47.5,0.005,0.0064
601,429.5679663191331,314664,48.0,0.005,0.0064
602,429.5677143428315,313487,48.5,0.005,0.0064
603,429.56786121558525,312308,49.0,0.005,0.0064
604,429.56773820660095,311144,49.5,0.005,0.0064
605,429.5677398987134,309979,50.0,0.005,0.0064
606,429.99756779360047,443016,0.0,0.009,0.0064
607,429.56776051822715,442177,0.5,0.009,0.0064
608,429.5676623147811,442129,1.0,0.009,0.0064
609,429.56785411529654,442036,1.5,0.009,0.0064
610,429.56768115279755,441892,2.0,0.009,0.0064
611,429.5676187949915,441696,2.5,0.009,0.0064
612,429.56767228322053,441448,3.0,0.009,0.0064
613,429.567658588631,441150,3.5,0.009,0.0064
614,429.5676449387619,440807,4.0,0.009,0.0064
615,429.5676568215663,440417,4.5,0.009,0.0064
616,429.5676622395042,439987,5.0,0.009,0.0064
617,429.56783032285796,439515,5.5,0.009,0.0064
618,429.5677378082732,439004,6.0,0.009,0.0064
619,429.5676047405116,438458,6.5,0.009,0.0064
620,429.5676670049919,437877,7.0,0.009,0.0064
621,429.56769911377916,437274,7.5,0.009,0.0064
622,429.567893823724,436648,8.0,0.009,0.0064
623,429.5677492414348,435994,8.5,0.009,0.0064
624,429.56759523244347,435313,9.0,0.009,0.0064
625,429.56780080669813,434607,9.5,0.009,0.0064
626,429.5676874016547,433877,10.0,0.009,0.0064
627,429.56768069965705,433136,10.5,0.009,0.0064
628,429.567773249438,432378,11.0,0.009,0.0064
629,429.56785638944604,431598,11.5,0.009,0.0064
630,429.56760831846293,430795,12.0,0.009,0.0064
631,429.56775003213363,429977,12.5,0.009,0.0064
632,429.5678025330665,429153,13.0,0.009,0.0064
633,429.56776037841155,428313,13.5,0.009,0.0064
634,429.5677386420174,427456,14.0,0.009,0.0064
635,429.5677628579128,426583,14.5,0.009,0.0064
636,429.5676622041927,425706,15.0,0.009,0.0064
637,429.5678352615271,424818,15.5,0.009,0.0064
638,429.5677466633095,423914,16.0,0.009,0.0064
639,429.5678107121024,423003,16.5,0.009,0.0064
640,429.56768617029354,422087,17.0,0.009,0.0064
641,429.5677962255288,421159,17.5,0.009,0.0064
642,429.56760413085584,420216,18.0,0.009,0.0064
643,429.56773557456074,419274,18.5,0.009,0.0064
644,429.56758923642104,418331,19.0,0.009,0.0064
645,429.56764778493334,417370,19.5,0.009,0.0064
646,429.56774526449965,416400,20.0,0.009,0.0064
647,429.5677874098403,415434,20.5,0.009,0.0064
648,429.5677999482099,414462,21.0,0.009,0.0064
649,429.56779493397534,413479,21.5,0.009,0.0064
650,429.5676970531776,412492,22.0,0.009,0.0064
651,429.56763022772435,411504,22.5,0.009,0.0064
652,429.56778628888674,410507,23.0,0.009,0.0064
653,429.56774936456264,409508,23.5,0.009,0.0064
654,429.5677509066762,408512,24.0,0.009,0.0064
655,429.5676488602875,407503,24.5,0.009,0.0064
656,429.5677621792897,406489,25.0,0.009,0.0064
657,429.5677689567317,405481,25.5,0.009,0.0064
658,429.5676766405199,404469,26.0,0.009,0.0064
659,429.5676564822294,403445,26.5,0.009,0.0064
660,429.56771383066456,402420,27.0,0.009,0.0064
661,429.56757525397245,401390,27.5,0.009,0.0064
662,429.56779771951994,400352,28.0,0.009,0.0064
663,429.5677086964814,399317,28.5,0.009,0.0064
664,429.5677563767709,398282,29.0,0.009,0.0064
665,429.5677074313213,397239,29.5,0.009,0.0064
666,429.56774277235354,396202,30.0,0.009,0.0064
667,429.56758217594347,395167,30.5,0.009,0.0064
668,429.5676320293658,394128,31.0,0.009,0.0064
669,429.56775222200673,393080,31.5,0.009,0.0064
670,429.5677626898723,392032,32.0,0.009,0.0064
671,429.5676943998986,390977,32.5,0.009,0.0064
672,429.5675891531555,389927,33.0,0.009,0.0064
673,429.5677478833679,388882,33.5,0.009,0.0064
674,429.5676787425526,387832,34.0,0.009,0.0064
675,429.56780149022114,386790,34.5,0.009,0.0064
676,429.56761517231575,385753,35.0,0.009,0.0064
677,429.56772049552706,384716,35.5,0.009,0.0064
678,429.56768230601324,383681,36.0,0.009,0.0064
679,429.56770207172923,382633,36.5,0.009,0.0064
680,429.5676977150962,381580,37.0,0.009,0.0064
681,429.56779759589796,380533,37.5,0.009,0.0064
682,429.56779748193185,379490,38.0,0.009,0.0064
683,429.5677338893457,378444,38.5,0.009,0.0064
684,429.5677262991098,377406,39.0,0.009,0.0064
685,429.5677050787418,376374,39.5,0.009,0.0064
686,429.56777165740766,375342,40.0,0.009,0.0064
687,429.5676747388523,374319,40.5,0.009,0.0064
688,429.5676646802655,373289,41.0,0.009,0.0064
689,429.5676203176689,372247,41.5,0.009,0.0064
690,429.5675790149711,371211,42.0,0.009,0.0064
691,429.56776302846487,370180,42.5,0.009,0.0064
692,429.5676476814217,369146,43.0,0.009,0.0064
693,429.56757870478384,368120,43.5,0.009,0.0064
694,429.5676858133924,367100,44.0,0.009,0.0064
695,429.56770774751436,366080,44.5,0.009,0.0064
696,429.56763784931405,365069,45.0,0.009,0.0064
697,429.5677892886335,364066,45.5,0.009,0.0064
698,429.56759609530565,363041,46.0,0.009,0.0064
699,429.56769822156946,362023,46.5,0.009,0.0064
700,429.5676570282096,361008,47.0,0.009,0.0064
701,429.5675952407092,359992,47.5,0.009,0.0064
702,429.56767874429613,358984,48.0,0.009,0.0064
703,429.567573056213,357980,48.5,0.009,0.0064
704,429.56774426643204,356978,49.0,0.009,0.0064
705,429.56775292271425,355984,49.5,0.009,0.0064
706,429.5676694165123,354996,50.0,0.009,0.0064
707,429.9977836477658,443016,0.0,0.002,0.0064
708,429.56791700761556,439990,0.5,0.002,0.0064
709,429.5681719603154,437807,1.0,0.002,0.0064
710,429.56803494447547,435644,1.5,0.002,0.0064
711,429.5681306914095,433487,2.0,0.002,0.0064
712,429.56784152092763,431336,2.5,0.002,0.0064
713,429.5680860530203,429183,3.0,0.002,0.0064
714,429.5679551632046,427044,3.5,0.002,0.0064
715,429.5681861716716,424937,4.0,0.002,0.0064
716,429.56806827129145,422825,4.5,0.002,0.0064
717,429.5680285080122,420724,5.0,0.002,0.0064
718,429.5678155538823,418634,5.5,0.002,0.0064
719,429.5678818582282,416550,6.0,0.002,0.0064
720,429.56807629649194,414494,6.5,0.002,0.0064
721,429.5677910956071,412445,7.0,0.002,0.0064
722,429.56812002631534,410393,7.5,0.002,0.0064
723,429.5680774506644,408350,8.0,0.002,0.0064
724,429.56805119357296,406334,8.5,0.002,0.0064
725,429.56805246804976,404323,9.0,0.002,0.0064
726,429.5680811301584,402321,9.5,0.002,0.0064
727,429.56807769004445,400322,10.0,0.002,0.0064
728,429.56787387261176,398330,10.5,0.002,0.0064
729,429.5680159001484,396369,11.0,0.002,0.0064
730,429.56807905281886,394408,11.5,0.002,0.0064
731,429.56821565818666,392447,12.0,0.002,0.0064
732,429.5681329680283,390497,12.5,0.002,0.0064
733,429.5680950701252,388571,13.0,0.002,0.0064
734,429.5679393825129,386648,13.5,0.002,0.0064
735,429.5678526965959,384733,14.0,0.002,0.0064
736,429.5679492766603,382816,14.5,0.002,0.0064
737,429.56797477024264,380927,15.0,0.002,0.0064
738,429.5680850885674,379050,15.5,0.002,0.0064
739,429.56803489393405,377166,16.0,0.002,0.0064
740,429.5678646448965,375288,16.5,0.002,0.0064
741,429.5680503363063,373443,17.0,0.002,0.0064
742,429.5682269632486,371595,17.5,0.002,0.0064
743,429.56819925065014,369751,18.0,0.002,0.0064
744,429.5678225095685,367915,18.5,0.002,0.0064
745,429.56807174957646,366101,19.0,0.002,0.0064
746,429.5680090613593,364292,19.5,0.002,0.0064
747,429.56822335376455,362486,20.0,0.002,0.0064
748,429.56819682724176,360686,20.5,0.002,0.0064
749,429.5679502527064,358911,21.0,0.002,0.0064
750,429.5679773365519,357137,21.5,0.002,0.0064
751,429.5680898421991,355360,22.0,0.002,0.0064
752,429.5678224053796,353608,22.5,0.002,0.0064
753,429.56797683615736,351866,23.0,0.002,0.0064
754,429.5680658458314,350121,23.5,0.002,0.0064
755,429.5679744764628,348385,24.0,0.002,0.0064
756,429.56789402735444,346666,24.5,0.002,0.0064
757,429.5678021861827,344939,25.0,0.002,0.0064
758,429.5679833999519,343212,25.5,0.002,0.0064
759,429.5681930566201,341506,26.0,0.002,0.0064
760,429.5678765151877,339815,26.5,0.002,0.0064
761,429.5681114677086,338130,27.0,0.002,0.0064
762,429.56797960426,336435,27.5,0.002,0.0064
763,429.5678818596634,334766,28.0,0.002,0.0064
764,429.5679220139616,333102,28.5,0.002,0.0064
765,429.5678580864841,331444,29.0,0.002,0.0064
766,429.56788576047956,329817,29.5,0.002,0.0064
767,429.5681634053541,328184,30.0,0.002,0.0064
768,429.5680545348301,326544,30.5,0.002,0.0064
769,429.5680028070073,324923,31.0,0.002,0.0064
770,429.56786940031157,323322,31.5,0.002,0.0064
771,429.5681446792575,321726,32.0,0.002,0.0064
772,429.5679704302382,320131,32.5,0.002,0.0064
773,429.56784917885255,318549,33.0,0.002,0.0064
774,429.56789983362046,316968,33.5,0.002,0.0064
775,429.5678207360094,315395,34.0,0.002,0.0064
776,429.56815142494986,313853,34.5,0.002,0.0064
777,429.56790035838884,312306,35.0,0.002,0.0064
778,429.5681898547571,310751,35.5,0.002,0.0064
779,429.5681029978424,309222,36.0,0.002,0.0064
780,429.568072076493,307696,36.5,0.002,0.0064
781,429.5679577246576,306176,37.0,0.002,0.0064
782,429.56790783896747,304683,37.5,0.002,0.0064
783,429.5678882529052,303175,38.0,0.002,0.0064
784,429.56808349455184,301671,38.5,0.002,0.0064
785,429.5681231178778,300194,39.0,0.002,0.0064
786,429.5678815976906,298719,39.5,0.002,0.0064
787,429.56783271717063,297253,40.0,0.002,0.0064
788,429.5680576136857,295795,40.5,0.002,0.0064
789,429.56821673232827,294335,41.0,0.002,0.0064
790,429.56790670835005,292883,41.5,0.002,0.0064
791,429.56786002737107,291456,42.0,0.002,0.0064
792,429.56823125688527,290030,42.5,0.002,0.0064
793,429.56822248437504,288605,43.0,0.002,0.0064
794,429.5679799631187,287191,43.5,0.002,0.0064
795,429.5682234381588,285776,44.0,0.002,0.0064
796,429.5679330178938,284382,44.5,0.002,0.0064
797,429.567880232579,282999,45.0,0.002,0.0064
798,429.56809296252203,281608,45.5,0.002,0.0064
799,429.56788268434644,280234,46.0,0.002,0.0064
800,429.56788016154235,278861,46.5,0.002,0.0064
801,429.5681897126414,277496,47.0,0.002,0.0064
802,429.5679901359533,276154,47.5,0.002,0.0064
803,429.56802385102657,274804,48.0,0.002,0.0064
804,429.56792343937184,273462,48.5,0.002,0.0064
805,429.56802199787114,272130,49.0,0.002,0.0064
806,429.56818769784576,270798,49.5,0.002,0.0064
807,429.56792291769176,269491,50.0,0.002,0.0064
808,429.99753695744766,443016,0.0,0.01,0.0064
809,429.5679161699966,442482,0.5,0.01,0.0064
810,429.56790490944917,442732,1.0,0.01,0.0064
811,429.56762064331053,442933,1.5,0.01,0.0064
812,429.5678979735968,443065,2.0,0.01,0.0064
813,429.56774270935256,443125,2.5,0.01,0.0064
814,429.56775291607795,443118,3.0,0.01,0.0064
815,429.5677466796416,443054,3.5,0.01,0.0064
816,429.56764466291594,442928,4.0,0.01,0.0064
817,429.56767908051995,442753,4.5,0.01,0.0064
818,429.5676293955755,442521,5.0,0.01,0.0064
819,429.5675911062848,442246,5.5,0.01,0.0064
820,429.56772979864724,441925,6.0,0.01,0.0064
821,429.5676038476776,441564,6.5,0.01,0.0064
822,429.56758706450165,441165,7.0,0.01,0.0064
823,429.5677353629559,440731,7.5,0.01,0.0064
824,429.5677752335973,440264,8.0,0.01,0.0064
825,429.5677866550456,439766,8.5,0.01,0.0064
826,429.56769514427333,439242,9.0,0.01,0.0064
827,429.5677323747854,438695,9.5,0.01,0.0064
828,429.5675484996421,438124,10.0,0.01,0.0064
829,429.5677161493465,437530,10.5,0.01,0.0064
830,429.56757995521883,436913,11.0,0.01,0.0064
831,429.5675405063504,436272,11.5,0.01,0.0064
832,429.56767457181553,435608,12.0,0.01,0.0064
833,429.56778801624097,434922,12.5,0.01,0.0064
834,429.56780312871547,434225,13.0,0.01,0.0064
835,429.5677480467662,433514,13.5,0.01,0.0064
836,429.56767947775575,432785,14.0,0.01,0.0064
837,429.5676964233887,432038,14.5,0.01,0.0064
838,429.56763360253325,431273,15.0,0.01,0.0064
839,429.56779481638796,430498,15.5,0.01,0.0064
840,429.56772007010903,429715,16.0,0.01,0.0064
841,429.5675603578623,428919,16.5,0.01,0.0064
842,429.56775725893465,428109,17.0,0.01,0.0064
843,429.5677542806679,427283,17.5,0.01,0.0064
844,429.5676412817843,426452,18.0,0.01,0.0064
845,429.56766642852693,425616,18.5,0.01,0.0064
846,429.5676181275487,424768,19.0,0.01,0.0064
847,429.5676663467005,423905,19.5,0.01,0.0064
848,429.5676721835345,423036,20.0,0.01,0.0064
849,429.5675507248888,422165,20.5,0.01,0.0064
850,429.5677074360662,421287,21.0,0.01,0.0064
851,429.56755582379884,420391,21.5,0.01,0.0064
852,429.5677022315309,419489,22.0,0.01,0.0064
853,429.5677125109054,418585,22.5,0.01,0.0064
854,429.5677708778792,417673,23.0,0.01,0.0064
855,429.56760860581284,416749,23.5,0.01,0.0064
856,429.56761222704984,415823,24.0,0.01,0.0064
857,429.5677010871134,414898,24.5,0.01,0.0064
858,429.5677611189069,413967,25.0,0.01,0.0064
859,429.56769748324496,413024,25.5,0.01,0.0064
860,429.56768885130276,412076,26.0,0.01,0.0064
861,429.5676837936352,411127,26.5,0.01,0.0064
862,429.5677622523351,410171,27.0,0.01,0.0064
863,429.56761313291383,409209,27.5,0.01,0.0064
864,429.5676189827842,408252,28.0,0.01,0.0064
865,429.56758302391034,407294,28.5,0.01,0.0064
866,429.56758008406445,406331,29.0,0.01,0.0064
867,429.5676935626592,405372,29.5,0.01,0.0064
868,429.56754445334604,404402,30.0,0.01,0.0064
869,429.5676450609046,403426,30.5,0.01,0.0064
870,429.5676809079988,402445,31.0,0.01,0.0064
871,429.56756445623813,401468,31.5,0.01,0.0064
872,429.56761827399043,400492,32.0,0.01,0.0064
873,429.5675486724129,399511,32.5,0.01,0.0064
874,429.5676661878869,398535,33.0,0.01,0.0064
875,429.5676641980466,397564,33.5,0.01,0.0064
876,429.5677318687674,396587,34.0,0.01,0.0064
877,429.5676565904924,395597,34.5,0.01,0.0064
878,429.5676630567567,394612,35.0,0.01,0.0064
879,429.56754397458593,393626,35.5,0.01,0.0064
880,429.56754958647116,392637,36.0,0.01,0.0064
881,429.5676902471257,391654,36.5,0.01,0.0064
882,429.5676340034882,390674,37.0,0.01,0.0064
883,429.56770267737005,389693,37.5,0.01,0.0064
884,429.56769963648446,388716,38.0,0.01,0.0064
885,429.5675480887671,387732,38.5,0.01,0.0064
886,429.56767993907334,386745,39.0,0.01,0.0064
887,429.56771096317794,385756,39.5,0.01,0.0064
888,429.56760154091603,384772,40.0,0.01,0.0064
889,429.56774926849266,383791,40.5,0.01,0.0064
890,429.56756660147136,382807,41.0,0.01,0.0064
891,429.5677565898985,381831,41.5,0.01,0.0064
892,429.5676831217982,380859,42.0,0.01,0.0064
893,429.5676162582476,379883,42.5,0.01,0.0064
894,429.5677084114356,378901,43.0,0.01,0.0064
895,429.56775052233434,377923,43.5,0.01,0.0064
896,429.56760583562993,376944,44.0,0.01,0.0064
897,429.5675815178086,375966,44.5,0.01,0.0064
898,429.56774488338107,374995,45.0,0.01,0.0064
899,429.5676767890395,374026,45.5,0.01,0.0064
900,429.56754668015145,373057,46.0,0.01,0.0064
901,429.567614134932,372096,46.5,0.01,0.0064
902,429.5677195594799,371130,47.0,0.01,0.0064
903,429.5676444756385,370159,47.5,0.01,0.0064
904,429.5677162481267,369192,48.0,0.01,0.0064
905,429.5676196724308,368229,48.5,0.01,0.0064
906,429.56755497381516,367267,49.0,0.01,0.0064
907,429.5676679771321,366308,49.5,0.01,0.0064
908,429.5676638183103,365355,50.0,0.01,0.0064
909,429.99766030229824,443016,0.0,0.006,0.0064
910,429.56771858845013,441249,0.5,0.006,0.0064
911,429.56771442510507,440283,1.0,0.006,0.0064
912,429.56812537045596,439324,1.5,0.006,0.0064
913,429.56801905339927,438344,2.0,0.006,0.0064
914,429.5680030586746,437329,2.5,0.006,0.0064
915,429.567712098654,436319,3.0,0.006,0.0064
916,429.568002121393,435288,3.5,0.006,0.0064
917,429.567903830119,434222,4.0,0.006,0.0064
918,429.567870485979,433164,4.5,0.006,0.0064
919,429.56799748776973,432070,5.0,0.006,0.0064
920,429.56801792410874,430950,5.5,0.006,0.0064
921,429.56802634639496,429841,6.0,0.006,0.0064
922,429.56798676509754,428691,6.5,0.006,0.0064
923,429.5677624499676,427539,7.0,0.006,0.0064
924,429.56778921591814,426387,7.5,0.006,0.0064
925,429.56799777265286,425202,8.0,0.006,0.0064
926,429.56783505306026,424027,8.5,0.006,0.0064
927,429.5677956473354,422833,9.0,0.006,0.0064
928,429.5679607148221,421636,9.5,0.006,0.0064
929,429.5677538876927,420427,10.0,0.006,0.0064
930,429.5679137328264,419205,10.5,0.006,0.0064
931,429.5677676382548,417995,11.0,0.006,0.0064
932,429.56769050566396,416754,11.5,0.006,0.0064
933,429.5678676333607,415528,12.0,0.006,0.0064
934,429.56797511456494,414291,12.5,0.006,0.0064
935,429.56767522319086,413041,13.0,0.006,0.0064
936,429.5679506151477,411797,13.5,0.006,0.0064
937,429.56794697191185,410541,14.0,0.006,0.0064
938,429.56781064789357,409290,14.5,0.006,0.0064
939,429.56767151310623,408020,15.0,0.006,0.0064
940,429.56777270732965,406769,15.5,0.006,0.0064
941,429.56794434526824,405493,16.0,0.006,0.0064
942,429.5677206498219,404214,16.5,0.006,0.0064
943,429.5679594449027,402931,17.0,0.006,0.0064
944,429.5677753413377,401642,17.5,0.006,0.0064
945,429.56787426887246,400362,18.0,0.006,0.0064
946,429.5677089599284,399073,18.5,0.006,0.0064
947,429.5678890763114,397795,19.0,0.006,0.0064
948,429.56776401863823,396488,19.5,0.006,0.0064
949,429.56780741724407,395199,20.0,0.006,0.0064
950,429.56786767476996,393898,20.5,0.006,0.0064
951,429.5678431035683,392616,21.0,0.006,0.0064
952,429.5679403294616,391331,21.5,0.006,0.0064
953,429.56777942397326,390062,22.0,0.006,0.0064
954,429.5679042013072,388765,22.5,0.006,0.0064
955,429.56780319335655,387469,23.0,0.006,0.0064
956,429.56789591343835,386181,23.5,0.006,0.0064
957,429.5679347417452,384892,24.0,0.006,0.0064
958,429.56782405321616,383619,24.5,0.006,0.0064
959,429.5677260997006,382344,25.0,0.006,0.0064
960,429.56774405697297,381074,25.5,0.006,0.0064
961,429.5677150809971,379782,26.0,0.006,0.0064
962,429.5678241701196,378508,26.5,0.006,0.0064
963,429.5677690142898,377226,27.0,0.006,0.0064
964,429.56790124917165,375963,27.5,0.006,0.0064
965,429.56794483093756,374699,28.0,0.006,0.0064
966,429.5677870921745,373445,28.5,0.006,0.0064
967,429.5679120930954,372174,29.0,0.006,0.0064
968,429.5677130956511,370905,29.5,0.006,0.0064
969,429.56767285566303,369645,30.0,0.006,0.0064
970,429.56783165923235,368386,30.5,0.006,0.0064
971,429.56774919737694,367142,31.0,0.006,0.0064
972,429.5676932908976,365897,31.5,0.006,0.0064
973,429.56769549576427,364653,32.0,0.006,0.0064
974,429.567801536169,363397,32.5,0.006,0.0064
975,429.56786529507,362157,33.0,0.006,0.0064
976,429.5677847461288,360912,33.5,0.006,0.0064
977,429.5677709104394,359683,34.0,0.006,0.0064
978,429.56771825376507,358456,34.5,0.006,0.0064
979,429.5678281889712,357233,35.0,0.006,0.0064
980,429.5676751484733,356002,35.5,0.006,0.0064
981,429.5677909190332,354773,36.0,0.006,0.0064
982,429.5678007890472,353555,36.5,0.006,0.0064
983,429.5679142389245,352336,37.0,0.006,0.0064
984,429.5678122841818,351133,37.5,0.006,0.0064
985,429.5678667545684,349929,38.0,0.006,0.0064
986,429.5678409306225,348723,38.5,0.006,0.0064
987,429.5677369556488,347512,39.0,0.006,0.0064
988,429.5677697256127,346314,39.5,0.006,0.0064
989,429.5676707578356,345117,40.0,0.006,0.0064
990,429.56773612903197,343929,40.5,0.006,0.0064
991,429.56793810953207,342751,41.0,0.006,0.0064
992,429.5678275581361,341565,41.5,0.006,0.0064
993,429.5677243207591,340384,42.0,0.006,0.0064
994,429.5677705667337,339200,42.5,0.006,0.0064
995,429.5679098048349,338031,43.0,0.006,0.0064
996,429.5678091287017,336859,43.5,0.006,0.0064
997,429.56781786131296,335702,44.0,0.006,0.0064
998,429.56777742363766,334545,44.5,0.006,0.0064
999,429.56786949354904,333384,45.0,0.006,0.0064
1000,429.56771468476626,332228,45.5,0.006,0.0064
1001,429.5678309484886,331074,46.0,0.006,0.0064
1002,429.56780169586665,329932,46.5,0.006,0.0064
1003,429.5677787822804,328789,47.0,0.006,0.0064
1004,429.5678702989998,327662,47.5,0.006,0.0064
1005,429.5677434483421,326523,48.0,0.006,0.0064
1006,429.567853461396,325392,48.5,0.006,0.0064
1007,429.5677396691282,324263,49.0,0.006,0.0064
1008,429.56773207299517,323139,49.5,0.006,0.0064
1009,429.56790977201604,322026,50.0,0.006,0.0064
1010,429.9974752852637,443016,0.0,0.012,0.0064
1011,429.56751416653987,443102,0.5,0.012,0.0064
1012,429.5677682448162,443959,1.0,0.012,0.0064
1013,429.567645297072,444701,1.5,0.012,0.0064
1014,429.5675658714261,445360,2.0,0.012,0.0064
1015,429.56763382822413,445918,2.5,0.012,0.0064
1016,429.5678375328847,446381,3.0,0.012,0.0064
1017,429.56773289201675,446758,3.5,0.012,0.0064
1018,429.56774583295896,447064,4.0,0.012,0.0064
1019,429.56751014502595,447294,4.5,0.012,0.0064
1020,429.5677289705592,447448,5.0,0.012,0.0064
1021,429.56752970896065,447542,5.5,0.012,0.0064
1022,429.5677682428945,447576,6.0,0.012,0.0064
1023,429.5677558961712,447560,6.5,0.012,0.0064
1024,429.56760459745976,447503,7.0,0.012,0.0064
1025,429.56751981037075,447408,7.5,0.012,0.0064
1026,429.56775617735906,447269,8.0,0.012,0.0064
1027,429.5677475107728,447087,8.5,0.012,0.0064
1028,429.5677441430559,446873,9.0,0.012,0.0064
1029,429.5677528748079,446619,9.5,0.012,0.0064
1030,429.5675994461162,446324,10.0,0.012,0.0064
1031,429.5676657040613,446006,10.5,0.012,0.0064
1032,429.567597140407,445657,11.0,0.012,0.0064
1033,429.5675767908527,445276,11.5,0.012,0.0064
1034,429.567543846386,444868,12.0,0.012,0.0064
1035,429.5676667925004,444439,12.5,0.012,0.0064
1036,429.56762827161486,443984,13.0,0.012,0.0064
1037,429.567684490717,443505,13.5,0.012,0.0064
1038,429.56759794855816,443009,14.0,0.012,0.0064
1039,429.56764994353944,442493,14.5,0.012,0.0064
1040,429.5675453253069,441956,15.0,0.012,0.0064
1041,429.56758815184764,441403,15.5,0.012,0.0064
1042,429.5675957953197,440834,16.0,0.012,0.0064
1043,429.5675223650971,440247,16.5,0.012,0.0064
1044,429.5675894594004,439643,17.0,0.012,0.0064
1045,429.5677074171687,439022,17.5,0.012,0.0064
1046,429.5675880293106,438384,18.0,0.012,0.0064
1047,429.56769483102784,437734,18.5,0.012,0.0064
1048,429.56758661202605,437073,19.0,0.012,0.0064
1049,429.567493614275,436400,19.5,0.012,0.0064
1050,429.56753377151244,435714,20.0,0.012,0.0064
1051,429.5675826403237,435014,20.5,0.012,0.0064
1052,429.56753946249205,434300,21.0,0.012,0.0064
1053,429.5676690665022,433575,21.5,0.012,0.0064
1054,429.5675095075409,432841,22.0,0.012,0.0064
1055,429.5676270004194,432101,22.5,0.012,0.0064
1056,429.56760425303145,431351,23.0,0.012,0.0064
1057,429.5675117433836,430590,23.5,0.012,0.0064
1058,429.56759167557783,429819,24.0,0.012,0.0064
1059,429.56769801553014,429040,24.5,0.012,0.0064
1060,429.5676475227296,428256,25.0,0.012,0.0064
1061,429.5676081470805,427467,25.5,0.012,0.0064
1062,429.5676110008808,426669,26.0,0.012,0.0064
1063,429.56761331571704,425862,26.5,0.012,0.0064
1064,429.56754494299776,425047,27.0,0.012,0.0064
1065,429.5676786497404,424230,27.5,0.012,0.0064
1066,429.56758308286885,423409,28.0,0.012,0.0064
1067,429.5676281692552,422584,28.5,0.012,0.0064
1068,429.5674988300015,421751,29.0,0.012,0.0064
1069,429.56752013442343,420910,29.5,0.012,0.0064
1070,429.56765039957935,420068,30.0,0.012,0.0064
1071,429.56760370008504,419223,30.5,0.012,0.0064
1072,429.5675908484787,418374,31.0,0.012,0.0064
1073,429.5675262204911,417519,31.5,0.012,0.0064
1074,429.56749643327964,416662,32.0,0.012,0.0064
1075,429.56767937740796,415805,32.5,0.012,0.0064
1076,429.5675877252291,414942,33.0,0.012,0.0064
1077,429.5675682363482,414075,33.5,0.012,0.0064
1078,429.5676851387193,413204,34.0,0.012,0.0064
1079,429.5675132297624,412332,34.5,0.012,0.0064
1080,429.5676573801886,411462,35.0,0.012,0.0064
1081,429.5676361074899,410590,35.5,0.012,0.0064
1082,429.56763159653724,409712,36.0,0.012,0.0064
1083,429.5675055150337,408830,36.5,0.012,0.0064
1084,429.5675956232588,407950,37.0,0.012,0.0064
1085,429.56757775419476,407069,37.5,0.012,0.0064
1086,429.567482305061,406185,38.0,0.012,0.0064
1087,429.5676810122199,405301,38.5,0.012,0.0064
1088,429.5675401006764,404418,39.0,0.012,0.0064
1089,429.5676523221483,403534,39.5,0.012,0.0064
1090,429.5676624242238,402646,40.0,0.012,0.0064
1091,429.5675645370447,401755,40.5,0.012,0.0064
1092,429.56767736934984,400867,41.0,0.012,0.0064
1093,429.5676419076964,399980,41.5,0.012,0.0064
1094,429.567591529289,399093,42.0,0.012,0.0064
1095,429.5676119485504,398205,42.5,0.012,0.0064
1096,429.5675151699272,397313,43.0,0.012,0.0064
1097,429.5676367492203,396422,43.5,0.012,0.0064
1098,429.56762838774796,395530,44.0,0.012,0.0064
1099,429.56767211935244,394636,44.5,0.012,0.0064
1100,429.5676407239884,393743,45.0,0.012,0.0064
1101,429.567544474536,392852,45.5,0.012,0.0064
1102,429.5676334030126,391963,46.0,0.012,0.0064
1103,429.56767225493684,391073,46.5,0.012,0.0064
1104,429.56765227777043,390185,47.0,0.012,0.0064
1105,429.5675189696445,389300,47.5,0.012,0.0064
1106,429.5675630529671,388411,48.0,0.012,0.0064
1107,429.56750390434155,387519,48.5,0.012,0.0064
1108,429.5675826368802,386629,49.0,0.012,0.0064
1109,429.5674853328894,385741,49.5,0.012,0.0064
1110,429.56761076170096,384856,50.0,0.012,0.0064
1111,429.9975986297934,443016,0.0,0.008,0.0064
1112,429.567737825274,441870,0.5,0.008,0.0064
1113,429.56765047558656,441524,1.0,0.008,0.0064
1114,429.5678890714671,441143,1.5,0.008,0.0064
1115,429.5679485401936,440723,2.0,0.008,0.0064
1116,429.5677349153979,440262,2.5,0.008,0.0064
1117,429.5678433194473,439759,3.0,0.008,0.0064
1118,429.5679590291049,439217,3.5,0.008,0.0064
1119,429.5679426273767,438648,4.0,0.008,0.0064
1120,429.5676409727944,438042,4.5,0.008,0.0064
1121,429.5678213498323,437400,5.0,0.008,0.0064
1122,429.56783493761475,436722,5.5,0.008,0.0064
1123,429.56763793590807,436009,6.0,0.008,0.0064
1124,429.5678176160057,435277,6.5,0.008,0.0064
1125,429.56788672753476,434526,7.0,0.008,0.0064
1126,429.5679158962818,433746,7.5,0.008,0.0064
1127,429.5676451586306,432938,8.0,0.008,0.0064
1128,429.56768953405333,432107,8.5,0.008,0.0064
1129,429.5677812881326,431271,9.0,0.008,0.0064
1130,429.5678554742006,430413,9.5,0.008,0.0064
1131,429.5677602782439,429529,10.0,0.008,0.0064
1132,429.56766372482815,428631,10.5,0.008,0.0064
1133,429.56782672229315,427730,11.0,0.008,0.0064
1134,429.5676700759594,426807,11.5,0.008,0.0064
1135,429.5676643261665,425865,12.0,0.008,0.0064
1136,429.5678234603454,424918,12.5,0.008,0.0064
1137,429.5677906415149,423958,13.0,0.008,0.0064
1138,429.56760236896577,422977,13.5,0.008,0.0064
1139,429.5676373163966,421989,14.0,0.008,0.0064
1140,429.56764607678366,421002,14.5,0.008,0.0064
1141,429.56787105569487,419997,15.0,0.008,0.0064
1142,429.5676636246644,418974,15.5,0.008,0.0064
1143,429.56780118382164,417957,16.0,0.008,0.0064
1144,429.5676106973609,416926,16.5,0.008,0.0064
1145,429.5678453930508,415888,17.0,0.008,0.0064
1146,429.56760850155644,414859,17.5,0.008,0.0064
1147,429.5677944360205,413809,18.0,0.008,0.0064
1148,429.56770476488543,412746,18.5,0.008,0.0064
1149,429.56777517004844,411692,19.0,0.008,0.0064
1150,429.56772063203454,410629,19.5,0.008,0.0064
1151,429.5678514408929,409562,20.0,0.008,0.0064
1152,429.5676741989716,408500,20.5,0.008,0.0064
1153,429.5677495743758,407420,21.0,0.008,0.0064
1154,429.56779494657343,406335,21.5,0.008,0.0064
1155,429.56766281024824,405258,22.0,0.008,0.0064
1156,429.56781943175145,404174,22.5,0.008,0.0064
1157,429.567818264993,403092,23.0,0.008,0.0064
1158,429.56764867716,402005,23.5,0.008,0.0064
1159,429.5676739556954,400906,24.0,0.008,0.0064
1160,429.5677700954009,399812,24.5,0.008,0.0064
1161,429.56765692336313,398721,25.0,0.008,0.0064
1162,429.5678298870504,397624,25.5,0.008,0.0064
1163,429.5676422996721,396532,26.0,0.008,0.0064
1164,429.56773803359454,395432,26.5,0.008,0.0064
1165,429.5678396253472,394325,27.0,0.008,0.0064
1166,429.567765575976,393228,27.5,0.008,0.0064
1167,429.5677011511804,392128,28.0,0.008,0.0064
1168,429.5677876154359,391029,28.5,0.008,0.0064
1169,429.56782461624306,389930,29.0,0.008,0.0064
1170,429.5676282595663,388821,29.5,0.008,0.0064
1171,429.5676421465571,387717,30.0,0.008,0.0064
1172,429.5676439134842,386619,30.5,0.008,0.0064
1173,429.5677059872589,385516,31.0,0.008,0.0064
1174,429.56771520216046,384420,31.5,0.008,0.0064
1175,429.56761247012327,383317,32.0,0.008,0.0064
1176,429.5676012394732,382210,32.5,0.008,0.0064
1177,429.56773954702993,381114,33.0,0.008,0.0064
1178,429.5676488931438,380015,33.5,0.008,0.0064
1179,429.5677813269007,378920,34.0,0.008,0.0064
1180,429.567732047099,377820,34.5,0.008,0.0064
1181,429.567770515627,376710,35.0,0.008,0.0064
1182,429.56781158764386,375605,35.5,0.008,0.0064
1183,429.56764943126245,374501,36.0,0.008,0.0064
1184,429.56770976199687,373393,36.5,0.008,0.0064
1185,429.5676839464974,372294,37.0,0.008,0.0064
1186,429.56764305599637,371194,37.5,0.008,0.0064
1187,429.5676442475846,370096,38.0,0.008,0.0064
1188,429.56762098592964,369008,38.5,0.008,0.0064
1189,429.56776229110113,367919,39.0,0.008,0.0064
1190,429.56772701033043,366821,39.5,0.008,0.0064
1191,429.5677278385005,365724,40.0,0.008,0.0064
1192,429.5678271223865,364624,40.5,0.008,0.0064
1193,429.5677160973649,363533,41.0,0.008,0.0064
1194,429.56765171040695,362443,41.5,0.008,0.0064
1195,429.56781744342277,361357,42.0,0.008,0.0064
1196,429.56762983529467,360280,42.5,0.008,0.0064
1197,429.56766836403045,359204,43.0,0.008,0.0064
1198,429.56769966398616,358138,43.5,0.008,0.0064
1199,429.5676794292586,357081,44.0,0.008,0.0064
1200,429.56761355884464,356002,44.5,0.008,0.0064
1201,429.5676382282541,354928,45.0,0.008,0.0064
1202,429.5677756193151,353856,45.5,0.008,0.0064
1203,429.56779314254806,352785,46.0,0.008,0.0064
1204,429.5676934683171,351723,46.5,0.008,0.0064
1205,429.5677452319485,350662,47.0,0.008,0.0064
1206,429.5676591810708,349608,47.5,0.008,0.0064
1207,429.5676301580747,348563,48.0,0.008,0.0064
1208,429.56768846434335,347520,48.5,0.008,0.0064
1209,429.567815734225,346489,49.0,0.008,0.0064
1210,429.5678093444981,345443,49.5,0.008,0.0064
1211,429.5678162255282,344393,50.0,0.008,0.0064
1212,429.9977528113472,443016,0.0,0.003,0.0064
1213,429.5680289065774,440298,0.5,0.003,0.0064
1214,429.56801655658944,438438,1.0,0.003,0.0064
1215,429.5679734029788,436570,1.5,0.003,0.0064
1216,429.56823510985544,434695,2.0,0.003,0.0064
1217,429.568004500993,432853,2.5,0.003,0.0064
1218,429.56779185100606,431007,3.0,0.003,0.0064
1219,429.5680159588718,429150,3.5,0.003,0.0064
1220,429.5678870092244,427307,4.0,0.003,0.0064
1221,429.5678583150845,425472,4.5,0.003,0.0064
1222,429.56785895174716,423629,5.0,0.003,0.0064
1223,429.5678864686941,421793,5.5,0.003,0.0064
1224,429.5681976812395,419978,6.0,0.003,0.0064
1225,429.5681115149901,418162,6.5,0.003,0.0064
1226,429.56797982626745,416339,7.0,0.003,0.0064
1227,429.5680412868951,414541,7.5,0.003,0.0064
1228,429.5679368056019,412747,8.0,0.003,0.0064
1229,429.56816838530364,410940,8.5,0.003,0.0064
1230,429.5679646475421,409159,9.0,0.003,0.0064
1231,429.56800584299344,407381,9.5,0.003,0.0064
1232,429.567792498813,405594,10.0,0.003,0.0064
1233,429.5681021270068,403832,10.5,0.003,0.0064
1234,429.5681583856752,402070,11.0,0.003,0.0064
1235,429.5679829898239,400304,11.5,0.003,0.0064
1236,429.5680456175403,398559,12.0,0.003,0.0064
1237,429.56795074625927,396813,12.5,0.003,0.0064
1238,429.5678296811288,395068,13.0,0.003,0.0064
1239,429.5679997520505,393341,13.5,0.003,0.0064
1240,429.56808398825,391612,14.0,0.003,0.0064
1241,429.56799868513434,389888,14.5,0.003,0.0064
1242,429.56776718564373,388178,15.0,0.003,0.0064
1243,429.5678561520732,386466,15.5,0.003,0.0064
1244,429.56814302175906,384764,16.0,0.003,0.0064
1245,429.56780114860936,383072,16.5,0.003,0.0064
1246,429.56783635968753,381377,17.0,0.003,0.0064
1247,429.5678898770017,379693,17.5,0.003,0.0064
1248,429.567834630622,378023,18.0,0.003,0.0064
1249,429.5681562170456,376346,18.5,0.003,0.0064
1250,429.5681413052561,374682,19.0,0.003,0.0064
1251,429.5680098846128,373032,19.5,0.003,0.0064
1252,429.5677631110881,371371,20.0,0.003,0.0064
1253,429.56800741092127,369729,20.5,0.003,0.0064
1254,429.5680804454945,368099,21.0,0.003,0.0064
1255,429.56799923134173,366456,21.5,0.003,0.0064
1256,429.5681214336498,364836,22.0,0.003,0.0064
1257,429.567889785639,363222,22.5,0.003,0.0064
1258,429.56780580584604,361585,23.0,0.003,0.0064
1259,429.5680358509562,359969,23.5,0.003,0.0064
1260,429.5678353695921,358352,24.0,0.003,0.0064
1261,429.5679681231038,356735,24.5,0.003,0.0064
1262,429.56795244166375,355146,25.0,0.003,0.0064
1263,429.5679558517305,353560,25.5,0.003,0.0064
1264,429.5680395436035,351961,26.0,0.003,0.0064
1265,429.5678358373136,350381,26.5,0.003,0.0064
1266,429.56787074957975,348800,27.0,0.003,0.0064
1267,429.56786724577233,347234,27.5,0.003,0.0064
1268,429.5679359509312,345692,28.0,0.003,0.0064
1269,429.56813802565415,344152,28.5,0.003,0.0064
1270,429.56784437676134,342603,29.0,0.003,0.0064
1271,429.5678128847292,341062,29.5,0.003,0.0064
1272,429.5679616663016,339522,30.0,0.003,0.0064
1273,429.5678230724667,338010,30.5,0.003,0.0064
1274,429.56799705627253,336503,31.0,0.003,0.0064
1275,429.5680372434708,335001,31.5,0.003,0.0064
1276,429.5678794257932,333499,32.0,0.003,0.0064
1277,429.56786815622684,331993,32.5,0.003,0.0064
1278,429.5679274383513,330508,33.0,0.003,0.0064
1279,429.5680066630086,329034,33.5,0.003,0.0064
1280,429.56795093878173,327564,34.0,0.003,0.0064
1281,429.5679616059365,326110,34.5,0.003,0.0064
1282,429.5679181880378,324640,35.0,0.003,0.0064
1283,429.56788907399454,323183,35.5,0.003,0.0064
1284,429.568031142946,321742,36.0,0.003,0.0064
1285,429.5677697820561,320300,36.5,0.003,0.0064
1286,429.5678527839253,318887,37.0,0.003,0.0064
1287,429.5678336905052,317458,37.5,0.003,0.0064
1288,429.5680603627298,316033,38.0,0.003,0.0064
1289,429.5677903621799,314623,38.5,0.003,0.0064
1290,429.56787961660655,313212,39.0,0.003,0.0064
1291,429.5680255439238,311827,39.5,0.003,0.0064
1292,429.5680164340039,310445,40.0,0.003,0.0064
1293,429.56784048439386,309053,40.5,0.003,0.0064
1294,429.56792162869414,307675,41.0,0.003,0.0064
1295,429.56802442911504,306295,41.5,0.003,0.0064
1296,429.56794476014625,304939,42.0,0.003,0.0064
1297,429.56813684284634,303584,42.5,0.003,0.0064
1298,429.5677702148296,302241,43.0,0.003,0.0064
1299,429.56789843986064,300893,43.5,0.003,0.0064
1300,429.56783654624206,299545,44.0,0.003,0.0064
1301,429.56781861824544,298219,44.5,0.003,0.0064
1302,429.56813077354565,296891,45.0,0.003,0.0064
1303,429.56786938466456,295584,45.5,0.003,0.0064
1304,429.56781639187795,294273,46.0,0.003,0.0064
1305,429.568014666433,292962,46.5,0.003,0.0064
1306,429.56800324458754,291663,47.0,0.003,0.0064
1307,429.5678088659618,290363,47.5,0.003,0.0064
1308,429.5680554993677,289087,48.0,0.003,0.0064
1309,429.56777295341726,287808,48.5,0.003,0.0064
1310,429.56790032580744,286539,49.0,0.003,0.0064
1311,429.5680559395957,285265,49.5,0.003,0.0064
1312,429.5678740266911,284001,50.0,0.003,0.0064
1313,429.99762946602607,443016,0.0,0.007,0.0064
1314,429.5678223401669,441561,0.5,0.007,0.0064
1315,429.5679102552954,440909,1.0,0.007,0.0064
1316,429.56770709410495,440227,1.5,0.007,0.0064
1317,429.5678732704087,439527,2.0,0.007,0.0064
1318,429.5678503334414,438807,2.5,0.007,0.0064
1319,429.5678757279223,438055,3.0,0.007,0.0064
1320,429.5677006813375,437267,3.5,0.007,0.0064
1321,429.5676504937524,436450,4.0,0.007,0.0064
1322,429.5678999600451,435625,4.5,0.007,0.0064
1323,429.56764288350695,434761,5.0,0.007,0.0064
1324,429.5678154859391,433865,5.5,0.007,0.0064
1325,429.5677577494371,432956,6.0,0.007,0.0064
1326,429.56777888848046,432029,6.5,0.007,0.0064
1327,429.5676523384034,431074,7.0,0.007,0.0064
1328,429.5678132172652,430104,7.5,0.007,0.0064
1329,429.56777422991223,429126,8.0,0.007,0.0064
1330,429.5678969697928,428124,8.5,0.007,0.0064
1331,429.56768304011433,427104,9.0,0.007,0.0064
1332,429.5677674677368,426085,9.5,0.007,0.0064
1333,429.5678600349698,425043,10.0,0.007,0.0064
1334,429.56793887614776,423986,10.5,0.007,0.0064
1335,429.5679377862848,422933,11.0,0.007,0.0064
1336,429.56766628449896,421856,11.5,0.007,0.0064
1337,429.5676652840458,420770,12.0,0.007,0.0064
1338,429.56773578524553,419689,12.5,0.007,0.0064
1339,429.5677821873137,418584,13.0,0.007,0.0064
1340,429.5676326769091,417477,13.5,0.007,0.0064
1341,429.5677893145751,416370,14.0,0.007,0.0064
1342,429.5678789468826,415233,14.5,0.007,0.0064
1343,429.56773973437134,414101,15.0,0.007,0.0064
1344,429.56763398926756,412958,15.5,0.007,0.0064
1345,429.5677608637682,411804,16.0,0.007,0.0064
1346,429.5676627958274,410661,16.5,0.007,0.0064
1347,429.56772255463653,409506,17.0,0.007,0.0064
1348,429.56778956069076,408338,17.5,0.007,0.0064
1349,429.5678595170125,407169,18.0,0.007,0.0064
1350,429.56783119515677,405988,18.5,0.007,0.0064
1351,429.56780632353093,404822,19.0,0.007,0.0064
1352,429.5677956432571,403648,19.5,0.007,0.0064
1353,429.56769785590694,402482,20.0,0.007,0.0064
1354,429.5678236168454,401308,20.5,0.007,0.0064
1355,429.5677310751015,400113,21.0,0.007,0.0064
1356,429.5676867613595,398932,21.5,0.007,0.0064
1357,429.56773202968685,397743,22.0,0.007,0.0064
1358,429.56785689388346,396562,22.5,0.007,0.0064
1359,429.5676461858142,395388,23.0,0.007,0.0064
1360,429.5677347083139,394204,23.5,0.007,0.0064
1361,429.5678536004637,393018,24.0,0.007,0.0064
1362,429.5678904383832,391822,24.5,0.007,0.0064
1363,429.56770152092395,390634,25.0,0.007,0.0064
1364,429.5678211299415,389451,25.5,0.007,0.0064
1365,429.56779930790344,388266,26.0,0.007,0.0064
1366,429.567719208207,387098,26.5,0.007,0.0064
1367,429.5677902007077,385902,27.0,0.007,0.0064
1368,429.56781477446754,384716,27.5,0.007,0.0064
1369,429.56764973174256,383529,28.0,0.007,0.0064
1370,429.5676822048952,382343,28.5,0.007,0.0064
1371,429.56763912847845,381170,29.0,0.007,0.0064
1372,429.56788224011126,379994,29.5,0.007,0.0064
1373,429.56765484525175,378819,30.0,0.007,0.0064
1374,429.5676791977846,377635,30.5,0.007,0.0064
1375,429.5677027359513,376454,31.0,0.007,0.0064
1376,429.5677695946642,375282,31.5,0.007,0.0064
1377,429.5677696660631,374106,32.0,0.007,0.0064
1378,429.5677686164874,372946,32.5,0.007,0.0064
1379,429.56763887912365,371778,33.0,0.007,0.0064
1380,429.5677410015629,370607,33.5,0.007,0.0064
1381,429.56778778906494,369440,34.0,0.007,0.0064
1382,429.56767029799147,368270,34.5,0.007,0.0064
1383,429.56763447744754,367114,35.0,0.007,0.0064
1384,429.56765123099956,365955,35.5,0.007,0.0064
1385,429.56767231565465,364809,36.0,0.007,0.0064
1386,429.56777796769927,363651,36.5,0.007,0.0064
1387,429.5677378156101,362492,37.0,0.007,0.0064
1388,429.56774876825017,361344,37.5,0.007,0.0064
1389,429.56772418129896,360192,38.0,0.007,0.0064
1390,429.5678815646794,359054,38.5,0.007,0.0064
1391,429.5676966664172,357917,39.0,0.007,0.0064
1392,429.56770972964307,356776,39.5,0.007,0.0064
1393,429.5677528999896,355639,40.0,0.007,0.0064
1394,429.5677092084328,354498,40.5,0.007,0.0064
1395,429.56784215454485,353370,41.0,0.007,0.0064
1396,429.567752455058,352241,41.5,0.007,0.0064
1397,429.56773136770886,351120,42.0,0.007,0.0064
1398,429.5678525515154,350004,42.5,0.007,0.0064
1399,429.5678517734048,348877,43.0,0.007,0.0064
1400,429.56781298934465,347761,43.5,0.007,0.0064
1401,429.567652197859,346643,44.0,0.007,0.0064
1402,429.56776664520754,345534,44.5,0.007,0.0064
1403,429.56775859217396,344432,45.0,0.007,0.0064
1404,429.5676518321814,343330,45.5,0.007,0.0064
1405,429.56767965522187,342229,46.0,0.007,0.0064
1406,429.56776872719,341126,46.5,0.007,0.0064
1407,429.56771142410145,340030,47.0,0.007,0.0064
1408,429.56787683266606,338941,47.5,0.007,0.0064
1409,429.5676590028011,337851,48.0,0.007,0.0064
1410,429.56783451405647,336775,48.5,0.007,0.0064
1411,429.5677291435719,335687,49.0,0.007,0.0064
1412,429.56780474689714,334601,49.5,0.007,0.0064
1413,429.567651180957,333518,50.0,0.007,0.0064
1414,429.997444449233,443016,0.0,0.013,0.0064
1415,429.5677322982065,443417,0.5,0.013,0.0064
1416,429.56787525736377,444557,1.0,0.013,0.0064
1417,429.56774680623585,445587,1.5,0.013,0.0064
1418,429.56782766615925,446495,2.0,0.013,0.0064
1419,429.567671090353,447286,2.5,0.013,0.0064
1420,429.56779906032415,447989,3.0,0.013,0.0064
1421,429.5675028389905,448580,3.5,0.013,0.0064
1422,429.56756419113657,449078,4.0,0.013,0.0064
1423,429.5676016192327,449502,4.5,0.013,0.0064
1424,429.5674725127428,449848,5.0,0.013,0.0064
1425,429.56748624696223,450116,5.5,0.013,0.0064
1426,429.56771487287955,450322,6.0,0.013,0.0064
1427,429.56752260510075,450490,6.5,0.013,0.0064
1428,429.56752330879874,450605,7.0,0.013,0.0064
1429,429.567719577124,450662,7.5,0.013,0.0064
1430,429.56759151938235,450676,8.0,0.013,0.0064
1431,429.56767222746936,450643,8.5,0.013,0.0064
1432,429.56772189010087,450559,9.0,0.013,0.0064
1433,429.5676774249512,450441,9.5,0.013,0.0064
1434,429.56752930725787,450288,10.0,0.013,0.0064
1435,429.5676933048346,450096,10.5,0.013,0.0064
1436,429.567505652599,449872,11.0,0.013,0.0064
1437,429.5676861468223,449621,11.5,0.013,0.0064
1438,429.5676920186755,449336,12.0,0.013,0.0064
1439,429.56746827233246,449022,12.5,0.013,0.0064
1440,429.5674810162024,448685,13.0,0.013,0.0064
1441,429.56746640671287,448320,13.5,0.013,0.0064
1442,429.56751015079885,447932,14.0,0.013,0.0064
1443,429.56760997683574,447527,14.5,0.013,0.0064
1444,429.56758909999905,447100,15.0,0.013,0.0064
1445,429.56765931704047,446652,15.5,0.013,0.0064
1446,429.56753646023157,446182,16.0,0.013,0.0064
1447,429.56761029707184,445692,16.5,0.013,0.0064
1448,429.5674886136652,445182,17.0,0.013,0.0064
1449,429.56758616301767,444660,17.5,0.013,0.0064
1450,429.5675178684005,444119,18.0,0.013,0.0064
1451,429.56747042456107,443560,18.5,0.013,0.0064
1452,429.5676078536172,442984,19.0,0.013,0.0064
1453,429.56765386871115,442390,19.5,0.013,0.0064
1454,429.5675139812269,441778,20.0,0.013,0.0064
1455,429.567648141626,441159,20.5,0.013,0.0064
1456,429.5676018090657,440527,21.0,0.013,0.0064
1457,429.56756463902417,439883,21.5,0.013,0.0064
1458,429.5674984749881,439227,22.0,0.013,0.0064
1459,429.5676506860827,438560,22.5,0.013,0.0064
1460,429.5676472992274,437880,23.0,0.013,0.0064
1461,429.5675681764499,437190,23.5,0.013,0.0064
1462,429.5676393317799,436490,24.0,0.013,0.0064
1463,429.5674553359196,435779,24.5,0.013,0.0064
1464,429.56760619621434,435062,25.0,0.013,0.0064
1465,429.567637629476,434337,25.5,0.013,0.0064
1466,429.56758771742847,433604,26.0,0.013,0.0064
1467,429.5675459325467,432863,26.5,0.013,0.0064
1468,429.5676327036134,432114,27.0,0.013,0.0064
1469,429.5676282492004,431356,27.5,0.013,0.0064
1470,429.56746428605743,430592,28.0,0.013,0.0064
1471,429.56760721942686,429825,28.5,0.013,0.0064
1472,429.5675381760367,429052,29.0,0.013,0.0064
1473,429.5674787158604,428273,29.5,0.013,0.0064
1474,429.56753702435844,427487,30.0,0.013,0.0064
1475,429.56745356031763,426694,30.5,0.013,0.0064
1476,429.5675367385076,425899,31.0,0.013,0.0064
1477,429.56758404620643,425101,31.5,0.013,0.0064
1478,429.56752514200895,424299,32.0,0.013,0.0064
1479,429.56762846066067,423493,32.5,0.013,0.0064
1480,429.5675676013511,422679,33.0,0.013,0.0064
1481,429.56761284056375,421863,33.5,0.013,0.0064
1482,429.5675550240494,421045,34.0,0.013,0.0064
1483,429.56750298398043,420225,34.5,0.013,0.0064
1484,429.56748491650984,419402,35.0,0.013,0.0064
1485,429.5674980372386,418575,35.5,0.013,0.0064
1486,429.56747463925984,417743,36.0,0.013,0.0064
1487,429.56755503459345,416910,36.5,0.013,0.0064
1488,429.56756831312146,416075,37.0,0.013,0.0064
1489,429.56754349584355,415237,37.5,0.013,0.0064
1490,429.56752285781675,414395,38.0,0.013,0.0064
1491,429.5674989505543,413552,38.5,0.013,0.0064
1492,429.5676285795906,412710,39.0,0.013,0.0064
1493,429.5676009302858,411867,39.5,0.013,0.0064
1494,429.5674530052036,411022,40.0,0.013,0.0064
1495,429.5675305560542,410176,40.5,0.013,0.0064
1496,429.56748988729964,409325,41.0,0.013,0.0064
1497,429.56751915505,408474,41.5,0.013,0.0064
1498,429.56760365654117,407623,42.0,0.013,0.0064
1499,429.567601497231,406770,42.5,0.013,0.0064
1500,429.5675011664524,405915,43.0,0.013,0.0064
1501,429.5674694109075,405062,43.5,0.013,0.0064
1502,429.56753198613757,404211,44.0,0.013,0.0064
1503,429.56762246862723,403361,44.5,0.013,0.0064
1504,429.5675719943709,402510,45.0,0.013,0.0064
1505,429.5674502704661,401660,45.5,0.013,0.0064
1506,429.56756161997885,400806,46.0,0.013,0.0064
1507,429.5674796256818,399951,46.5,0.013,0.0064
1508,429.5676196925037,399097,47.0,0.013,0.0064
1509,429.5675525294952,398241,47.5,0.013,0.0064
1510,429.5674929079981,397387,48.0,0.013,0.0064
1511,429.56758711730976,396536,48.5,0.013,0.0064
1512,429.5675433436473,395686,49.0,0.013,0.0064
1513,429.56756590976886,394837,49.5,0.013,0.0064
1514,429.56745386358006,393989,50.0,0.013,0.0064
