,total_counts,area,time,D (um^2/s),alpha (1/s)
0,429.9975028946444,443016,0.0,0.005,0.0028
1,429.5675537805501,442829,1.0,0.005,0.0028
2,429.5678652720788,443449,2.0,0.005,0.0028
3,429.56793733532805,443996,3.0,0.005,0.0028
4,429.5675718963113,444464,4.0,0.005,0.0028
5,429.5678829679894,444867,5.0,0.005,0.0028
6,429.56777338901185,445214,6.0,0.005,0.0028
7,429.5675739290865,445498,7.0,0.005,0.0028
8,429.5675174806,445715,8.0,0.005,0.0028
9,429.56766916161394,445878,9.0,0.005,0.0028
10,429.5677873805949,445979,10.0,0.005,0.0028
11,429.56767245786705,446040,11.0,0.005,0.0028
12,429.5677370442893,446053,12.0,0.005,0.0028
13,429.5676298967579,446030,13.0,0.005,0.0028
14,429.5675834835107,445961,14.0,0.005,0.0028
15,429.56778731265035,445860,15.0,0.005,0.0028
16,429.56754924110834,445719,16.0,0.005,0.0028
17,429.5676538055038,445554,17.0,0.005,0.0028
18,429.567673023235,445360,18.0,0.005,0.0028
19,429.5677230474423,445136,19.0,0.005,0.0028
20,429.5675922171794,444881,20.0,0.005,0.0028
21,429.5677211085939,444605,21.0,0.005,0.0028
22,429.5675990067294,444304,22.0,0.005,0.0028
23,429.5675947932997,443977,23.0,0.005,0.0028
24,429.5677331061628,443624,24.0,0.005,0.0028
25,429.56756689476214,443251,25.0,0.005,0.0028
26,429.56761121247604,442861,26.0,0.005,0.0028
27,429.56767578665773,442450,27.0,0.005,0.0028
28,429.56764194034747,442019,28.0,0.005,0.0028
29,429.56753805439945,441572,29.0,0.005,0.0028
30,429.5677348852806,441113,30.0,0.005,0.0028
31,429.5676794882703,440637,31.0,0.005,0.0028
32,429.56769988750443,440145,32.0,0.005,0.0028
33,429.5675093823139,439637,33.0,0.005,0.0028
34,429.56774516967516,439118,34.0,0.005,0.0028
35,429.56764026225073,438583,35.0,0.005,0.0028
36,429.56764088594224,438034,36.0,0.005,0.0028
37,429.56755859593,437471,37.0,0.005,0.0028
38,429.5675267232752,436899,38.0,0.005,0.0028
39,429.56752117794764,436318,39.0,0.005,0.0028
40,429.5676230116692,435728,40.0,0.005,0.0028
41,429.5675227269013,435127,41.0,0.005,0.0028
42,429.5677030235625,434517,42.0,0.005,0.0028
43,429.567674626358,433895,43.0,0.005,0.0028
44,429.5676413686398,433262,44.0,0.005,0.0028
45,429.5676968748321,432620,45.0,0.005,0.0028
46,429.567731838196,431972,46.0,0.005,0.0028
47,429.5675782369248,431317,47.0,0.005,0.0028
48,429.56752711328824,430655,48.0,0.005,0.0028
49,429.56763745539104,429985,49.0,0.005,0.0028
50,429.5677216260049,429305,50.0,0.005,0.0028
51,429.5676017158272,428615,51.0,0.005,0.0028
52,429.56758843170417,427921,52.0,0.005,0.0028
53,429.567557907297,427223,53.0,0.005,0.0028
54,429.5675682146709,426520,54.0,0.005,0.0028
55,429.56754733299624,425810,55.0,0.005,0.0028
56,429.5675860817071,425093,56.0,0.005,0.0028
57,429.56751175481224,424370,57.0,0.005,0.0028
58,429.56761634344537,423645,58.0,0.005,0.0028
59,429.5675102254605,422914,59.0,0.005,0.0028
60,429.5675817213318,422179,60.0,0.005,0.0028
61,429.5675223315243,421437,61.0,0.005,0.0028
62,429.56771067268124,420690,62.0,0.005,0.0028
63,429.56751159781794,419940,63.0,0.005,0.0028
64,429.56767310772983,419191,64.0,0.005,0.0028
65,429.56759160989105,418439,65.0,0.005,0.0028
66,429.5676538111155,417683,66.0,0.005,0.0028
67,429.567717539602,416917,67.0,0.005,0.0028
68,429.5676354153,416149,68.0,0.005,0.0028
69,429.5676179193357,415381,69.0,0.005,0.0028
70,429.5675326258162,414611,70.0,0.005,0.0028
71,429.5676401769629,413838,71.0,0.005,0.0028
72,429.5675309816314,413060,72.0,0.005,0.0028
73,429.567674999556,412284,73.0,0.005,0.0028
74,429.5677192796234,411509,74.0,0.005,0.0028
75,429.56770963285436,410728,75.0,0.005,0.0028
76,429.56770668021426,409942,76.0,0.005,0.0028
77,429.56757898456027,409152,77.0,0.005,0.0028
78,429.5676101829834,408364,78.0,0.005,0.0028
79,429.5676945626984,407577,79.0,0.005,0.0028
80,429.5675413261301,406788,80.0,0.005,0.0028
81,429.56756914804487,405997,81.0,0.005,0.0028
82,429.5676052052735,405206,82.0,0.005,0.0028
83,429.5675677677788,404414,83.0,0.005,0.0028
84,429.56766899975355,403620,84.0,0.005,0.0028
85,429.56756052569017,402823,85.0,0.005,0.0028
86,429.5676445027395,402024,86.0,0.005,0.0028
87,429.5676206246559,401226,87.0,0.005,0.0028
88,429.567612112677,400430,88.0,0.005,0.0028
89,429.5676862097512,399635,89.0,0.005,0.0028
90,429.567610206661,398838,90.0,0.005,0.0028
91,429.56759183513327,398040,91.0,0.005,0.0028
92,429.56765580645134,397240,92.0,0.005,0.0028
93,429.5675125183015,396440,93.0,0.005,0.0028
94,429.567527350525,395640,94.0,0.005,0.0028
95,429.5675316952007,394838,95.0,0.005,0.0028
96,429.5677124408248,394039,96.0,0.005,0.0028
97,429.5675761419297,393241,97.0,0.005,0.0028
98,429.5675736151197,392445,98.0,0.005,0.0028
99,429.5676770851777,391649,99.0,0.005,0.0028
100,429.56754389525156,390847,100.0,0.005,0.0028
101,429.9977495849047,443016,0.0,0.001,0.0028
102,429.5680154601182,440337,1.0,0.001,0.0028
103,429.5678959518912,438517,2.0,0.001,0.0028
104,429.5679751753021,436690,3.0,0.001,0.0028
105,429.5678886981515,434857,4.0,0.001,0.0028
106,429.5681426733402,433061,5.0,0.001,0.0028
107,429.56775978127473,431251,6.0,0.001,0.0028
108,429.5682188504055,429437,7.0,0.001,0.0028
109,429.56775284018397,427659,8.0,0.001,0.0028
110,429.568157970279,425870,9.0,0.001,0.0028
111,429.56819571479446,424077,10.0,0.001,0.0028
112,429.56796421193906,422322,11.0,0.001,0.0028
113,429.56809794013014,420558,12.0,0.001,0.0028
114,429.56796111293073,418786,13.0,0.001,0.0028
115,429.56799027473085,417052,14.0,0.001,0.0028
116,429.5680609517514,415312,15.0,0.001,0.0028
117,429.5679722043078,413561,16.0,0.001,0.0028
118,429.568144234692,411848,17.0,0.001,0.0028
119,429.56799459582123,410130,18.0,0.001,0.0028
120,429.56788912815193,408400,19.0,0.001,0.0028
121,429.5678474957885,406707,20.0,0.001,0.0028
122,429.568194604664,405011,21.0,0.001,0.0028
123,429.5678936132964,403303,22.0,0.001,0.0028
124,429.56782590673413,401629,23.0,0.001,0.0028
125,429.56790867662824,399952,24.0,0.001,0.0028
126,429.5677577626353,398269,25.0,0.001,0.0028
127,429.568197439781,396613,26.0,0.001,0.0028
128,429.5679246469977,394951,27.0,0.001,0.0028
129,429.5681142985394,393297,28.0,0.001,0.0028
130,429.5681047405253,391656,29.0,0.001,0.0028
131,429.5681437816352,390010,30.0,0.001,0.0028
132,429.56777063966183,388383,31.0,0.001,0.0028
133,429.5679792620429,386758,32.0,0.001,0.0028
134,429.56778251746607,385128,33.0,0.001,0.0028
135,429.56803089868555,383529,34.0,0.001,0.0028
136,429.5677816384159,381918,35.0,0.001,0.0028
137,429.5679646915583,380311,36.0,0.001,0.0028
138,429.56793381601807,378732,37.0,0.001,0.0028
139,429.5678726484051,377136,38.0,0.001,0.0028
140,429.5678455567746,375556,39.0,0.001,0.0028
141,429.5677917530681,373992,40.0,0.001,0.0028
142,429.56776749983726,372411,41.0,0.001,0.0028
143,429.5681354388058,370859,42.0,0.001,0.0028
144,429.56794640717015,369307,43.0,0.001,0.0028
145,429.568046889519,367742,44.0,0.001,0.0028
146,429.56785876816724,366196,45.0,0.001,0.0028
147,429.5680441454229,364640,46.0,0.001,0.0028
148,429.56787557625483,363097,47.0,0.001,0.0028
149,429.56803071423843,361569,48.0,0.001,0.0028
150,429.56801440343907,360036,49.0,0.001,0.0028
151,429.5679803062628,358526,50.0,0.001,0.0028
152,429.5679733987846,357002,51.0,0.001,0.0028
153,429.5679013010407,355482,52.0,0.001,0.0028
154,429.56815010164837,353990,53.0,0.001,0.0028
155,429.56789943816403,352492,54.0,0.001,0.0028
156,429.5681141715518,351021,55.0,0.001,0.0028
157,429.5678537947712,349542,56.0,0.001,0.0028
158,429.56800561771786,348052,57.0,0.001,0.0028
159,429.5677734814833,346590,58.0,0.001,0.0028
160,429.5679304645171,345123,59.0,0.001,0.0028
161,429.5681491652264,343676,60.0,0.001,0.0028
162,429.56813960695223,342242,61.0,0.001,0.0028
163,429.56806862128826,340786,62.0,0.001,0.0028
164,429.56812263523557,339355,63.0,0.001,0.0028
165,429.56813950629873,337917,64.0,0.001,0.0028
166,429.5679637101099,336497,65.0,0.001,0.0028
167,429.5679306657751,335089,66.0,0.001,0.0028
168,429.56808131044966,333680,67.0,0.001,0.0028
169,429.5679053576179,332279,68.0,0.001,0.0028
170,429.56777682145866,330869,69.0,0.001,0.0028
171,429.5681218756869,329481,70.0,0.001,0.0028
172,429.56807726627767,328098,71.0,0.001,0.0028
173,429.5680831690719,326720,72.0,0.001,0.0028
174,429.5680228490177,325360,73.0,0.001,0.0028
175,429.56780185025684,323978,74.0,0.001,0.0028
176,429.56798099550804,322622,75.0,0.001,0.0028
177,429.56796814594315,321263,76.0,0.001,0.0028
178,429.56786953327696,319917,77.0,0.001,0.0028
179,429.5680081894518,318586,78.0,0.001,0.0028
180,429.56814137983577,317243,79.0,0.001,0.0028
181,429.5677997202209,315916,80.0,0.001,0.0028
182,429.5679504975946,314581,81.0,0.001,0.0028
183,429.5679309041107,313269,82.0,0.001,0.0028
184,429.568118182834,311958,83.0,0.001,0.0028
185,429.56789273822386,310659,84.0,0.001,0.0028
186,429.56790941829496,309359,85.0,0.001,0.0028
187,429.568067111061,308053,86.0,0.001,0.0028
188,429.56794274665214,306770,87.0,0.001,0.0028
189,429.56781187466396,305479,88.0,0.001,0.0028
190,429.5678054123518,304214,89.0,0.001,0.0028
191,429.5681719902485,302946,90.0,0.001,0.0028
192,429.5677978591144,301678,91.0,0.001,0.0028
193,429.5680266632497,300415,92.0,0.001,0.0028
194,429.5679222061074,299156,93.0,0.001,0.0028
195,429.5679868572709,297914,94.0,0.001,0.0028
196,429.56805247971596,296669,95.0,0.001,0.0028
197,429.5677965191995,295444,96.0,0.001,0.0028
198,429.56810431198255,294201,97.0,0.001,0.0028
199,429.56806101566826,292980,98.0,0.001,0.0028
200,429.5680641996359,291753,99.0,0.001,0.0028
201,429.56792787501587,290545,100.0,0.001,0.0028
202,429.99756456697446,443016,0.0,0.004,0.0028
203,429.56798222016425,442219,1.0,0.004,0.0028
204,429.5679947188951,442221,2.0,0.004,0.0028
205,429.5675707876084,442187,3.0,0.004,0.0028
206,429.5679581772553,442116,4.0,0.004,0.0028
207,429.56788863573996,442003,5.0,0.004,0.0028
208,429.5677716391011,441848,6.0,0.004,0.0028
209,429.5675721764278,441652,7.0,0.004,0.0028
210,429.5679400710758,441419,8.0,0.004,0.0028
211,429.5675972130881,441149,9.0,0.004,0.0028
212,429.5677333039424,440843,10.0,0.004,0.0028
213,429.56765782706174,440505,11.0,0.004,0.0028
214,429.5676402807133,440134,12.0,0.004,0.0028
215,429.56789426805534,439731,13.0,0.004,0.0028
216,429.5677202565252,439301,14.0,0.004,0.0028
217,429.5678899303001,438843,15.0,0.004,0.0028
218,429.5678852238228,438358,16.0,0.004,0.0028
219,429.56774517207475,437849,17.0,0.004,0.0028
220,429.5678464604747,437318,18.0,0.004,0.0028
221,429.56787706702835,436773,19.0,0.004,0.0028
222,429.56757434749693,436210,20.0,0.004,0.0028
223,429.5677061503884,435628,21.0,0.004,0.0028
224,429.56767214331376,435027,22.0,0.004,0.0028
225,429.56770925494925,434407,23.0,0.004,0.0028
226,429.5676396105289,433768,24.0,0.004,0.0028
227,429.5676632578738,433119,25.0,0.004,0.0028
228,429.5676300197122,432461,26.0,0.004,0.0028
229,429.5676843396321,431788,27.0,0.004,0.0028
230,429.56763030425327,431098,28.0,0.004,0.0028
231,429.56779611979584,430393,29.0,0.004,0.0028
232,429.56784753899706,429677,30.0,0.004,0.0028
233,429.56779032313364,428958,31.0,0.004,0.0028
234,429.56769165712603,428229,32.0,0.004,0.0028
235,429.5676503573925,427484,33.0,0.004,0.0028
236,429.5677299872774,426726,34.0,0.004,0.0028
237,429.5676179475725,425962,35.0,0.004,0.0028
238,429.5677637534757,425198,36.0,0.004,0.0028
239,429.5677486154745,424425,37.0,0.004,0.0028
240,429.5677085022986,423637,38.0,0.004,0.0028
241,429.56778656288304,422839,39.0,0.004,0.0028
242,429.56780018815505,422042,40.0,0.004,0.0028
243,429.56762349663404,421240,41.0,0.004,0.0028
244,429.5677321965232,420430,42.0,0.004,0.0028
245,429.56766244939246,419609,43.0,0.004,0.0028
246,429.56766115454093,418786,44.0,0.004,0.0028
247,429.5676136648954,417961,45.0,0.004,0.0028
248,429.5676817142078,417128,46.0,0.004,0.0028
249,429.56775108128267,416287,47.0,0.004,0.0028
250,429.56776396863756,415449,48.0,0.004,0.0028
251,429.56764027364886,414605,49.0,0.004,0.0028
252,429.5678108702418,413754,50.0,0.004,0.0028
253,429.5676524857057,412894,51.0,0.004,0.0028
254,429.5675862995483,412038,52.0,0.004,0.0028
255,429.5677968349453,411184,53.0,0.004,0.0028
256,429.5675762521912,410319,54.0,0.004,0.0028
257,429.56780796352916,409447,55.0,0.004,0.0028
258,429.5677171589394,408578,56.0,0.004,0.0028
259,429.5678038471567,407709,57.0,0.004,0.0028
260,429.56770819185317,406833,58.0,0.004,0.0028
261,429.56758461956184,405954,59.0,0.004,0.0028
262,429.5677660078825,405073,60.0,0.004,0.0028
263,429.5677140736763,404187,61.0,0.004,0.0028
264,429.5677349719916,403293,62.0,0.004,0.0028
265,429.56758439000816,402399,63.0,0.004,0.0028
266,429.56771213445643,401509,64.0,0.004,0.0028
267,429.5677258928704,400614,65.0,0.004,0.0028
268,429.56768570645966,399714,66.0,0.004,0.0028
269,429.5677329418808,398820,67.0,0.004,0.0028
270,429.5677939444541,397928,68.0,0.004,0.0028
271,429.5678034434006,397030,69.0,0.004,0.0028
272,429.5676484409071,396121,70.0,0.004,0.0028
273,429.5675964336337,395217,71.0,0.004,0.0028
274,429.5676258157829,394311,72.0,0.004,0.0028
275,429.56775983565456,393401,73.0,0.004,0.0028
276,429.5677852591841,392496,74.0,0.004,0.0028
277,429.5677497452916,391594,75.0,0.004,0.0028
278,429.567685238861,390689,76.0,0.004,0.0028
279,429.5676176716493,389786,77.0,0.004,0.0028
280,429.567616248043,388891,78.0,0.004,0.0028
281,429.5677596089992,387996,79.0,0.004,0.0028
282,429.5676069721127,387082,80.0,0.004,0.0028
283,429.5677822753096,386174,81.0,0.004,0.0028
284,429.5677780206261,385268,82.0,0.004,0.0028
285,429.56757962875724,384358,83.0,0.004,0.0028
286,429.56769675628044,383451,84.0,0.004,0.0028
287,429.56772450862996,382550,85.0,0.004,0.0028
288,429.5677349552907,381650,86.0,0.004,0.0028
289,429.56772225579675,380749,87.0,0.004,0.0028
290,429.5677992341764,379856,88.0,0.004,0.0028
291,429.5676413977087,378965,89.0,0.004,0.0028
292,429.56774629705717,378059,90.0,0.004,0.0028
293,429.5676962852422,377154,91.0,0.004,0.0028
294,429.5676259348287,376254,92.0,0.004,0.0028
295,429.56776472796804,375355,93.0,0.004,0.0028
296,429.56769907533095,374454,94.0,0.004,0.0028
297,429.5677375758791,373560,95.0,0.004,0.0028
298,429.5677884937093,372670,96.0,0.004,0.0028
299,429.5677755873135,371779,97.0,0.004,0.0028
300,429.56772505107267,370893,98.0,0.004,0.0028
301,429.56770984847236,370012,99.0,0.004,0.0028
302,429.567724891344,369119,100.0,0.004,0.0028
303,429.9974103864521,443016,0.0,0.0065,0.0028
304,429.56785850730745,443774,1.0,0.0065,0.0028
305,429.5678089681236,445255,2.0,0.0065,0.0028
306,429.567726074814,446648,3.0,0.0065,0.0028
307,429.5677892710481,447902,4.0,0.0065,0.0028
308,429.5674425127478,449052,5.0,0.0065,0.0028
309,429.56745203282287,450096,6.0,0.0065,0.0028
310,429.56774829248366,451039,7.0,0.0065,0.0028
311,429.56749429242,451884,8.0,0.0065,0.0028
312,429.56745063823894,452652,9.0,0.0065,0.0028
313,429.56768583167104,453331,10.0,0.0065,0.0028
314,429.56756109775654,453953,11.0,0.0065,0.0028
315,429.56744832055665,454508,12.0,0.0065,0.0028
316,429.5676156298441,455008,13.0,0.0065,0.0028
317,429.5676276699172,455458,14.0,0.0065,0.0028
318,429.56768048501755,455857,15.0,0.0065,0.0028
319,429.56755352774746,456208,16.0,0.0065,0.0028
320,429.5675119102904,456501,17.0,0.0065,0.0028
321,429.56758110377444,456749,18.0,0.0065,0.0028
322,429.5674251822602,456972,19.0,0.0065,0.0028
323,429.567676758196,457148,20.0,0.0065,0.0028
324,429.56759165145036,457277,21.0,0.0065,0.0028
325,429.5675906240362,457378,22.0,0.0065,0.0028
326,429.56742550781365,457442,23.0,0.0065,0.0028
327,429.56750665445225,457474,24.0,0.0065,0.0028
328,429.56765328954555,457485,25.0,0.0065,0.0028
329,429.56749574367024,457462,26.0,0.0065,0.0028
330,429.5674529258215,457408,27.0,0.0065,0.0028
331,429.56741583813806,457337,28.0,0.0065,0.0028
332,429.5674447776783,457241,29.0,0.0065,0.0028
333,429.567538888489,457120,30.0,0.0065,0.0028
334,429.567471014471,456973,31.0,0.0065,0.0028
335,429.56744640085253,456801,32.0,0.0065,0.0028
336,429.56742371143275,456605,33.0,0.0065,0.0028
337,429.56759119318156,456398,34.0,0.0065,0.0028
338,429.56743212311846,456168,35.0,0.0065,0.0028
339,429.56743467162596,455917,36.0,0.0065,0.0028
340,429.56761794608593,455645,37.0,0.0065,0.0028
341,429.56754985691595,455350,38.0,0.0065,0.0028
342,429.5675366582754,455034,39.0,0.0065,0.0028
343,429.56749500395875,454712,40.0,0.0065,0.0028
344,429.56751990535173,454373,41.0,0.0065,0.0028
345,429.567597049402,454017,42.0,0.0065,0.0028
346,429.56746476929806,453643,43.0,0.0065,0.0028
347,429.56753598674754,453253,44.0,0.0065,0.0028
348,429.5675372333857,452846,45.0,0.0065,0.0028
349,429.5676217848423,452434,46.0,0.0065,0.0028
350,429.5675291915698,452008,47.0,0.0065,0.0028
351,429.56747043533704,451569,48.0,0.0065,0.0028
352,429.56741479747035,451117,49.0,0.0065,0.0028
353,429.56751906432714,450653,50.0,0.0065,0.0028
354,429.56753291878954,450176,51.0,0.0065,0.0028
355,429.5674319626947,449693,52.0,0.0065,0.0028
356,429.56753874438584,449201,53.0,0.0065,0.0028
357,429.5674958860173,448698,54.0,0.0065,0.0028
358,429.56749242166546,448185,55.0,0.0065,0.0028
359,429.5674983500832,447662,56.0,0.0065,0.0028
360,429.56748360532407,447129,57.0,0.0065,0.0028
361,429.56759672471503,446591,58.0,0.0065,0.0028
362,429.5674984839527,446044,59.0,0.0065,0.0028
363,429.56752534932554,445490,60.0,0.0065,0.0028
364,429.56757911965747,444929,61.0,0.0065,0.0028
365,429.56744279480955,444360,62.0,0.0065,0.0028
366,429.5674524974027,443785,63.0,0.0065,0.0028
367,429.56758397592193,443207,64.0,0.0065,0.0028
368,429.56756109159494,442623,65.0,0.0065,0.0028
369,429.5675039330782,442033,66.0,0.0065,0.0028
370,429.567425950204,441437,67.0,0.0065,0.0028
371,429.5675590272459,440836,68.0,0.0065,0.0028
372,429.56748827970637,440228,69.0,0.0065,0.0028
373,429.56751039299877,439615,70.0,0.0065,0.0028
374,429.5675902253864,438998,71.0,0.0065,0.0028
375,429.5675130222205,438376,72.0,0.0065,0.0028
376,429.5674441041556,437750,73.0,0.0065,0.0028
377,429.5675195465498,437122,74.0,0.0065,0.0028
378,429.56755268771377,436490,75.0,0.0065,0.0028
379,429.5674266818474,435853,76.0,0.0065,0.0028
380,429.56756358561324,435213,77.0,0.0065,0.0028
381,429.56757009621316,434568,78.0,0.0065,0.0028
382,429.56743501093047,433919,79.0,0.0065,0.0028
383,429.5675888558193,433269,80.0,0.0065,0.0028
384,429.56742184173646,432615,81.0,0.0065,0.0028
385,429.56752860065893,431960,82.0,0.0065,0.0028
386,429.56751486863925,431302,83.0,0.0065,0.0028
387,429.5674747506776,430641,84.0,0.0065,0.0028
388,429.5674588454027,429977,85.0,0.0065,0.0028
389,429.56746657858173,429310,86.0,0.0065,0.0028
390,429.5675955213627,428642,87.0,0.0065,0.0028
391,429.5675846105966,427972,88.0,0.0065,0.0028
392,429.56743657340195,427300,89.0,0.0065,0.0028
393,429.56753649826294,426628,90.0,0.0065,0.0028
394,429.5675332888543,425954,91.0,0.0065,0.0028
395,429.5674885015281,425278,92.0,0.0065,0.0028
396,429.56741724949103,424600,93.0,0.0065,0.0028
397,429.5674149602834,423920,94.0,0.0065,0.0028
398,429.5676008470087,423240,95.0,0.0065,0.0028
399,429.5675202845057,422558,96.0,0.0065,0.0028
400,429.56757962884296,421876,97.0,0.0065,0.0028
401,429.56742028313215,421192,98.0,0.0065,0.0028
402,429.5674718026282,420508,99.0,0.0065,0.0028
403,429.5675709562919,419823,100.0,0.0065,0.0028
404,429.99737955046953,443016,0.0,0.007,0.0028
405,429.56758432620046,444083,1.0,0.007,0.0028
406,429.567415943354,445867,2.0,0.007,0.0028
407,429.5677701452871,447507,3.0,0.007,0.0028
408,429.56739989002483,449028,4.0,0.007,0.0028
409,429.5673967554537,450417,5.0,0.007,0.0028
410,429.5677005205841,451679,6.0,0.007,0.0028
411,429.5674073851696,452836,7.0,0.007,0.0028
412,429.5677171473291,453871,8.0,0.007,0.0028
413,429.56749396332515,454838,9.0,0.007,0.0028
414,429.56766629670824,455710,10.0,0.007,0.0028
415,429.56741619548626,456528,11.0,0.007,0.0028
416,429.5674923654074,457261,12.0,0.007,0.0028
417,429.56759000498295,457933,13.0,0.007,0.0028
418,429.5674831420191,458551,14.0,0.007,0.0028
419,429.56743298557865,459085,15.0,0.007,0.0028
420,429.5675922698041,459581,16.0,0.007,0.0028
421,429.56759151112914,460029,17.0,0.007,0.0028
422,429.5674728191861,460416,18.0,0.007,0.0028
423,429.56750990117604,460762,19.0,0.007,0.0028
424,429.5675251741899,461064,20.0,0.007,0.0028
425,429.56752159526036,461331,21.0,0.007,0.0028
426,429.56744026711704,461558,22.0,0.007,0.0028
427,429.5676119095097,461740,23.0,0.007,0.0028
428,429.56738287541515,461895,24.0,0.007,0.0028
429,429.56756312894106,462028,25.0,0.007,0.0028
430,429.56742456475536,462130,26.0,0.007,0.0028
431,429.56743090764854,462197,27.0,0.007,0.0028
432,429.56742629440924,462228,28.0,0.007,0.0028
433,429.5674329858211,462228,29.0,0.007,0.0028
434,429.5674621221294,462210,30.0,0.007,0.0028
435,429.5674652896535,462164,31.0,0.007,0.0028
436,429.5674364770624,462090,32.0,0.007,0.0028
437,429.5675729119297,461988,33.0,0.007,0.0028
438,429.5675663321446,461855,34.0,0.007,0.0028
439,429.5675233454401,461707,35.0,0.007,0.0028
440,429.56742959175773,461540,36.0,0.007,0.0028
441,429.5675465433686,461350,37.0,0.007,0.0028
442,429.5674194893316,461135,38.0,0.007,0.0028
443,429.56744505847956,460897,39.0,0.007,0.0028
444,429.5674544721313,460638,40.0,0.007,0.0028
445,429.56758572323815,460371,41.0,0.007,0.0028
446,429.56739354783986,460084,42.0,0.007,0.0028
447,429.5675078270807,459780,43.0,0.007,0.0028
448,429.5674816274087,459457,44.0,0.007,0.0028
449,429.56751547694455,459116,45.0,0.007,0.0028
450,429.56754739872304,458764,46.0,0.007,0.0028
451,429.5674174485084,458400,47.0,0.007,0.0028
452,429.56739125744554,458022,48.0,0.007,0.0028
453,429.5674571408874,457630,49.0,0.007,0.0028
454,429.567383894672,457223,50.0,0.007,0.0028
455,429.5673970961983,456803,51.0,0.007,0.0028
456,429.56745370418724,456377,52.0,0.007,0.0028
457,429.5674011609843,455939,53.0,0.007,0.0028
458,429.5674165723346,455490,54.0,0.007,0.0028
459,429.567473495751,455030,55.0,0.007,0.0028
460,429.5675643464607,454559,56.0,0.007,0.0028
461,429.5673835552095,454080,57.0,0.007,0.0028
462,429.56752767216,453597,58.0,0.007,0.0028
463,429.56755833781745,453105,59.0,0.007,0.0028
464,429.56745683602503,452604,60.0,0.007,0.0028
465,429.56742114503595,452095,61.0,0.007,0.0028
466,429.56742698711406,451578,62.0,0.007,0.0028
467,429.5674399233922,451053,63.0,0.007,0.0028
468,429.5675515059925,450521,64.0,0.007,0.0028
469,429.5675254369326,449981,65.0,0.007,0.0028
470,429.56752202767547,449434,66.0,0.007,0.0028
471,429.5674981903777,448883,67.0,0.007,0.0028
472,429.5674250474555,448328,68.0,0.007,0.0028
473,429.5675271737572,447768,69.0,0.007,0.0028
474,429.5673948879946,447201,70.0,0.007,0.0028
475,429.56740464299185,446629,71.0,0.007,0.0028
476,429.5675433462237,446052,72.0,0.007,0.0028
477,429.56740401032005,445468,73.0,0.007,0.0028
478,429.5673895180105,444879,74.0,0.007,0.0028
479,429.56748047788113,444285,75.0,0.007,0.0028
480,429.5673860233345,443685,76.0,0.007,0.0028
481,429.56746502519565,443084,77.0,0.007,0.0028
482,429.56750769101194,442481,78.0,0.007,0.0028
483,429.56746322691134,441874,79.0,0.007,0.0028
484,429.5675006276764,441264,80.0,0.007,0.0028
485,429.56742550272753,440650,81.0,0.007,0.0028
486,429.56741907259874,440033,82.0,0.007,0.0028
487,429.56746541622203,439413,83.0,0.007,0.0028
488,429.5674082833046,438789,84.0,0.007,0.0028
489,429.56744422671295,438162,85.0,0.007,0.0028
490,429.56741389738073,437532,86.0,0.007,0.0028
491,429.5674578108949,436901,87.0,0.007,0.0028
492,429.56739133616134,436268,88.0,0.007,0.0028
493,429.5675085412095,435634,89.0,0.007,0.0028
494,429.5674164253012,434997,90.0,0.007,0.0028
495,429.56749776582507,434359,91.0,0.007,0.0028
496,429.5675611110467,433719,92.0,0.007,0.0028
497,429.56745372182485,433076,93.0,0.007,0.0028
498,429.56754546128144,432432,94.0,0.007,0.0028
499,429.56744033510023,431786,95.0,0.007,0.0028
500,429.5674762002089,431140,96.0,0.007,0.0028
501,429.5675510092513,430493,97.0,0.007,0.0028
502,429.56751452899005,429844,98.0,0.007,0.0028
503,429.56747527303526,429194,99.0,0.007,0.0028
504,429.5674449873421,428543,100.0,0.007,0.0028
505,429.9975954031997,443016,0.0,0.0035,0.0028
506,429.56759839120383,441911,1.0,0.0035,0.0028
507,429.56806080279887,441614,2.0,0.0035,0.0028
508,429.56767108490186,441290,3.0,0.0035,0.0028
509,429.5676903279922,440938,4.0,0.0035,0.0028
510,429.5679543833021,440555,5.0,0.0035,0.0028
511,429.56771881799426,440140,6.0,0.0035,0.0028
512,429.5677234017598,439693,7.0,0.0035,0.0028
513,429.56795380159673,439217,8.0,0.0035,0.0028
514,429.5679439729993,438721,9.0,0.0035,0.0028
515,429.5676998114839,438197,10.0,0.0035,0.0028
516,429.56775438225964,437645,11.0,0.0035,0.0028
517,429.5676813422774,437065,12.0,0.0035,0.0028
518,429.56794015681,436459,13.0,0.0035,0.0028
519,429.56792321621504,435827,14.0,0.0035,0.0028
520,429.5679078527138,435185,15.0,0.0035,0.0028
521,429.5678804582393,434526,16.0,0.0035,0.0028
522,429.5678995285959,433845,17.0,0.0035,0.0028
523,429.56778926049503,433143,18.0,0.0035,0.0028
524,429.56764049314074,432419,19.0,0.0035,0.0028
525,429.5677736880714,431691,20.0,0.0035,0.0028
526,429.567672907007,430952,21.0,0.0035,0.0028
527,429.5677535634891,430194,22.0,0.0035,0.0028
528,429.5677634066052,429417,23.0,0.0035,0.0028
529,429.567657156273,428631,24.0,0.0035,0.0028
530,429.56786121966246,427844,25.0,0.0035,0.0028
531,429.56779511131896,427040,26.0,0.0035,0.0028
532,429.5678835889293,426221,27.0,0.0035,0.0028
533,429.56789674780146,425392,28.0,0.0035,0.0028
534,429.567667069243,424560,29.0,0.0035,0.0028
535,429.567853548008,423715,30.0,0.0035,0.0028
536,429.5678618638883,422854,31.0,0.0035,0.0028
537,429.56763048055757,421989,32.0,0.0035,0.0028
538,429.56760015278803,421126,33.0,0.0035,0.0028
539,429.5677347041955,420251,34.0,0.0035,0.0028
540,429.56787398426724,419357,35.0,0.0035,0.0028
541,429.5676238992045,418466,36.0,0.0035,0.0028
542,429.56771897933595,417572,37.0,0.0035,0.0028
543,429.5678337693219,416667,38.0,0.0035,0.0028
544,429.567776161853,415759,39.0,0.0035,0.0028
545,429.5676021656507,414859,40.0,0.0035,0.0028
546,429.56768745636947,413941,41.0,0.0035,0.0028
547,429.5677731779411,413011,42.0,0.0035,0.0028
548,429.56760889331116,412087,43.0,0.0035,0.0028
549,429.5677632356701,411162,44.0,0.0035,0.0028
550,429.56782731134376,410228,45.0,0.0035,0.0028
551,429.56764784716705,409297,46.0,0.0035,0.0028
552,429.5677453716151,408366,47.0,0.0035,0.0028
553,429.5677428244994,407420,48.0,0.0035,0.0028
554,429.5678418486706,406470,49.0,0.0035,0.0028
555,429.5677751017145,405528,50.0,0.0035,0.0028
556,429.56785040932857,404582,51.0,0.0035,0.0028
557,429.5676692383862,403630,52.0,0.0035,0.0028
558,429.56768607894503,402686,53.0,0.0035,0.0028
559,429.56781670401216,401732,54.0,0.0035,0.0028
560,429.56785558269127,400769,55.0,0.0035,0.0028
561,429.56776368519064,399812,56.0,0.0035,0.0028
562,429.56770712540253,398858,57.0,0.0035,0.0028
563,429.56772314323706,397898,58.0,0.0035,0.0028
564,429.56764857543106,396943,59.0,0.0035,0.0028
565,429.56784781253776,395984,60.0,0.0035,0.0028
566,429.5678529540575,395017,61.0,0.0035,0.0028
567,429.56780720068167,394050,62.0,0.0035,0.0028
568,429.5677683096846,393091,63.0,0.0035,0.0028
569,429.56769523851085,392128,64.0,0.0035,0.0028
570,429.56765153383276,391165,65.0,0.0035,0.0028
571,429.56769554220574,390205,66.0,0.0035,0.0028
572,429.56767463390565,389238,67.0,0.0035,0.0028
573,429.56760000100195,388267,68.0,0.0035,0.0028
574,429.5677334390211,387306,69.0,0.0035,0.0028
575,429.56776335842727,386344,70.0,0.0035,0.0028
576,429.56776869527454,385379,71.0,0.0035,0.0028
577,429.5677089612673,384420,72.0,0.0035,0.0028
578,429.5677853482904,383456,73.0,0.0035,0.0028
579,429.5676817903975,382486,74.0,0.0035,0.0028
580,429.5678358428299,381525,75.0,0.0035,0.0028
581,429.5678428861919,380566,76.0,0.0035,0.0028
582,429.5678298947127,379603,77.0,0.0035,0.0028
583,429.5677965630108,378647,78.0,0.0035,0.0028
584,429.56767476153533,377683,79.0,0.0035,0.0028
585,429.56771079496326,376713,80.0,0.0035,0.0028
586,429.567797781351,375748,81.0,0.0035,0.0028
587,429.56777425333513,374786,82.0,0.0035,0.0028
588,429.56774834454376,373819,83.0,0.0035,0.0028
589,429.5676643461536,372857,84.0,0.0035,0.0028
590,429.567714656661,371901,85.0,0.0035,0.0028
591,429.56779273350816,370942,86.0,0.0035,0.0028
592,429.56769494808793,369988,87.0,0.0035,0.0028
593,429.56761112669653,369040,88.0,0.0035,0.0028
594,429.56768245518373,368077,89.0,0.0035,0.0028
595,429.5677440761022,367117,90.0,0.0035,0.0028
596,429.56779066764705,366163,91.0,0.0035,0.0028
597,429.5677177335168,365206,92.0,0.0035,0.0028
598,429.5677704863464,364253,93.0,0.0035,0.0028
599,429.5676349491714,363307,94.0,0.0035,0.0028
600,429.5676543072422,362361,95.0,0.0035,0.0028
601,429.5676743737974,361419,96.0,0.0035,0.0028
602,429.56760879962314,360486,97.0,0.0035,0.0028
603,429.5676230101822,359553,98.0,0.0035,0.0028
604,429.5676434188532,358606,99.0,0.0035,0.0028
605,429.5676626395827,357666,100.0,0.0035,0.0028
606,429.99765707576825,443016,0.0,0.0025,0.0028
607,429.5680884710076,441290,1.0,0.0025,0.0028
608,429.56774523102433,440369,2.0,0.0025,0.0028
609,429.56798846227747,439458,3.0,0.0025,0.0028
610,429.5680805145191,438537,4.0,0.0025,0.0028
611,429.56793576292364,437589,5.0,0.0025,0.0028
612,429.56780610267225,436643,6.0,0.0025,0.0028
613,429.5680316030669,435692,7.0,0.0025,0.0028
614,429.5680071639465,434709,8.0,0.0025,0.0028
615,429.5678075991978,433718,9.0,0.0025,0.0028
616,429.56779290710654,432726,10.0,0.0025,0.0028
617,429.5680011823007,431706,11.0,0.0025,0.0028
618,429.5676958980049,430683,12.0,0.0025,0.0028
619,429.5679525490158,429660,13.0,0.0025,0.0028
620,429.5678161715105,428613,14.0,0.0025,0.0028
621,429.56779625260697,427569,15.0,0.0025,0.0028
622,429.56768738033475,426515,16.0,0.0025,0.0028
623,429.5677594265267,425446,17.0,0.0025,0.0028
624,429.5677375216361,424383,18.0,0.0025,0.0028
625,429.56790405431286,423303,19.0,0.0025,0.0028
626,429.5680144524729,422221,20.0,0.0025,0.0028
627,429.5677270858534,421136,21.0,0.0025,0.0028
628,429.5678168126871,420032,22.0,0.0025,0.0028
629,429.56781822313775,418941,23.0,0.0025,0.0028
630,429.5678933321026,417838,24.0,0.0025,0.0028
631,429.5677440876267,416718,25.0,0.0025,0.0028
632,429.56769678582623,415617,26.0,0.0025,0.0028
633,429.5676766533037,414492,27.0,0.0025,0.0028
634,429.5677760052132,413361,28.0,0.0025,0.0028
635,429.5676603510729,412228,29.0,0.0025,0.0028
636,429.5676757584665,411079,30.0,0.0025,0.0028
637,429.56780381283284,409948,31.0,0.0025,0.0028
638,429.5679121255622,408804,32.0,0.0025,0.0028
639,429.5678922075241,407664,33.0,0.0025,0.0028
640,429.567853649252,406511,34.0,0.0025,0.0028
641,429.56796093685034,405346,35.0,0.0025,0.0028
642,429.56785277902344,404199,36.0,0.0025,0.0028
643,429.5676602959294,403040,37.0,0.0025,0.0028
644,429.5678171648575,401897,38.0,0.0025,0.0028
645,429.5677744379647,400759,39.0,0.0025,0.0028
646,429.5677970453136,399596,40.0,0.0025,0.0028
647,429.56774671025283,398442,41.0,0.0025,0.0028
648,429.5678383862196,397275,42.0,0.0025,0.0028
649,429.56773988135745,396125,43.0,0.0025,0.0028
650,429.56788041938637,394974,44.0,0.0025,0.0028
651,429.56782958465675,393827,45.0,0.0025,0.0028
652,429.5679337076651,392687,46.0,0.0025,0.0028
653,429.56770672369305,391519,47.0,0.0025,0.0028
654,429.5679156871138,390370,48.0,0.0025,0.0028
655,429.56770118534274,389212,49.0,0.0025,0.0028
656,429.5677193521866,388064,50.0,0.0025,0.0028
657,429.5678538296515,386925,51.0,0.0025,0.0028
658,429.56795731602824,385784,52.0,0.0025,0.0028
659,429.5678068651838,384638,53.0,0.0025,0.0028
660,429.5677737866336,383481,54.0,0.0025,0.0028
661,429.5677351026069,382338,55.0,0.0025,0.0028
662,429.56794600833865,381196,56.0,0.0025,0.0028
663,429.5678846854085,380055,57.0,0.0025,0.0028
664,429.56780654096474,378930,58.0,0.0025,0.0028
665,429.5676942614072,377787,59.0,0.0025,0.0028
666,429.5679584641389,376653,60.0,0.0025,0.0028
667,429.567834472214,375512,61.0,0.0025,0.0028
668,429.5678228337349,374378,62.0,0.0025,0.0028
669,429.56793551541176,373253,63.0,0.0025,0.0028
670,429.5677508139568,372124,64.0,0.0025,0.0028
671,429.5679237866411,371012,65.0,0.0025,0.0028
672,429.56771318061266,369877,66.0,0.0025,0.0028
673,429.5677408462979,368754,67.0,0.0025,0.0028
674,429.5678801785278,367633,68.0,0.0025,0.0028
675,429.56771688744,366511,69.0,0.0025,0.0028
676,429.56782648358893,365405,70.0,0.0025,0.0028
677,429.5679128130332,364294,71.0,0.0025,0.0028
678,429.56774846103593,363186,72.0,0.0025,0.0028
679,429.56772301148845,362072,73.0,0.0025,0.0028
680,429.56785693594327,360962,74.0,0.0025,0.0028
681,429.5679492418931,359862,75.0,0.0025,0.0028
682,429.56791491219957,358757,76.0,0.0025,0.0028
683,429.5678073330157,357669,77.0,0.0025,0.0028
684,429.5679310747525,356574,78.0,0.0025,0.0028
685,429.5678686732223,355477,79.0,0.0025,0.0028
686,429.5679454368292,354386,80.0,0.0025,0.0028
687,429.56779141733585,353291,81.0,0.0025,0.0028
688,429.5679161608365,352212,82.0,0.0025,0.0028
689,429.5677643164817,351128,83.0,0.0025,0.0028
690,429.5679184125742,350058,84.0,0.0025,0.0028
691,429.5677731870688,348978,85.0,0.0025,0.0028
692,429.56793043176845,347897,86.0,0.0025,0.0028
693,429.5678404578031,346828,87.0,0.0025,0.0028
694,429.56776832238387,345754,88.0,0.0025,0.0028
695,429.56768821367484,344693,89.0,0.0025,0.0028
696,429.56775243372414,343636,90.0,0.0025,0.0028
697,429.56784441504817,342574,91.0,0.0025,0.0028
698,429.56779597441795,341518,92.0,0.0025,0.0028
699,429.5678926134299,340457,93.0,0.0025,0.0028
700,429.5678876354379,339408,94.0,0.0025,0.0028
701,429.56766767666,338360,95.0,0.0025,0.0028
702,429.56776603980967,337316,96.0,0.0025,0.0028
703,429.56793879395633,336283,97.0,0.0025,0.0028
704,429.5679239200797,335236,98.0,0.0025,0.0028
705,429.56785216005903,334200,99.0,0.0025,0.0028
706,429.5677053329064,333165,100.0,0.0025,0.0028
707,429.99762623946424,443016,0.0,0.003,0.0028
708,429.56791261008897,441602,1.0,0.003,0.0028
709,429.56797769166855,440997,2.0,0.003,0.0028
710,429.5676458527999,440370,3.0,0.003,0.0028
711,429.5677621814227,439728,4.0,0.003,0.0028
712,429.5676431179375,439079,5.0,0.003,0.0028
713,429.56798440422676,438408,6.0,0.003,0.0028
714,429.56784862322684,437709,7.0,0.003,0.0028
715,429.56780121152804,436983,8.0,0.003,0.0028
716,429.56769331529966,436249,9.0,0.003,0.0028
717,429.5678545395783,435497,10.0,0.003,0.0028
718,429.5676385743587,434718,11.0,0.003,0.0028
719,429.56792412983407,433917,12.0,0.003,0.0028
720,429.5678147299844,433103,13.0,0.003,0.0028
721,429.56790600046094,432282,14.0,0.003,0.0028
722,429.56772222547204,431441,15.0,0.003,0.0028
723,429.56776793157877,430575,16.0,0.003,0.0028
724,429.5677454062057,429712,17.0,0.003,0.0028
725,429.56765949152395,428837,18.0,0.003,0.0028
726,429.5679383331415,427941,19.0,0.003,0.0028
727,429.56784577106595,427033,20.0,0.003,0.0028
728,429.5678371530782,426129,21.0,0.003,0.0028
729,429.5679475273367,425207,22.0,0.003,0.0028
730,429.5676489804365,424265,23.0,0.003,0.0028
731,429.5677162823866,423334,24.0,0.003,0.0028
732,429.56778977167227,422390,25.0,0.003,0.0028
733,429.5679303227756,421425,26.0,0.003,0.0028
734,429.5679227559684,420469,27.0,0.003,0.0028
735,429.5679290624929,419506,28.0,0.003,0.0028
736,429.5676633358003,418516,29.0,0.003,0.0028
737,429.56777835235573,417532,30.0,0.003,0.0028
738,429.5678724482922,416541,31.0,0.003,0.0028
739,429.5677076529579,415533,32.0,0.003,0.0028
740,429.5677473628541,414534,33.0,0.003,0.0028
741,429.5678303630528,413533,34.0,0.003,0.0028
742,429.56772019713253,412511,35.0,0.003,0.0028
743,429.56776906568814,411493,36.0,0.003,0.0028
744,429.56763093457135,410470,37.0,0.003,0.0028
745,429.56788585968764,409437,38.0,0.003,0.0028
746,429.5678367983178,408417,39.0,0.003,0.0028
747,429.56786563597854,407395,40.0,0.003,0.0028
748,429.5679105154642,406364,41.0,0.003,0.0028
749,429.5677950864326,405330,42.0,0.003,0.0028
750,429.5676663296278,404288,43.0,0.003,0.0028
751,429.56765700632167,403241,44.0,0.003,0.0028
752,429.56766233507346,402208,45.0,0.003,0.0028
753,429.5677937879305,401169,46.0,0.003,0.0028
754,429.56790975364464,400133,47.0,0.003,0.0028
755,429.5676358712318,399093,48.0,0.003,0.0028
756,429.56785547310085,398040,49.0,0.003,0.0028
757,429.5677132543403,396991,50.0,0.003,0.0028
758,429.56789480107676,395949,51.0,0.003,0.0028
759,429.5677510414044,394898,52.0,0.003,0.0028
760,429.5676400346102,393861,53.0,0.003,0.0028
761,429.56773197409177,392821,54.0,0.003,0.0028
762,429.56769625921874,391763,55.0,0.003,0.0028
763,429.567759260651,390718,56.0,0.003,0.0028
764,429.5676492680606,389668,57.0,0.003,0.0028
765,429.5677351375567,388618,58.0,0.003,0.0028
766,429.5676665175611,387581,59.0,0.003,0.0028
767,429.56764296822524,386540,60.0,0.003,0.0028
768,429.5676380162454,385489,61.0,0.003,0.0028
769,429.56776574553436,384445,62.0,0.003,0.0028
770,429.5678822236495,383393,63.0,0.003,0.0028
771,429.56770330164875,382351,64.0,0.003,0.0028
772,429.56782528540447,381313,65.0,0.003,0.0028
773,429.56770865536834,380271,66.0,0.003,0.0028
774,429.5677762044734,379236,67.0,0.003,0.0028
775,429.5678826967132,378192,68.0,0.003,0.0028
776,429.56769173519336,377146,69.0,0.003,0.0028
777,429.5677127776588,376112,70.0,0.003,0.0028
778,429.5677714924694,375073,71.0,0.003,0.0028
779,429.5676451553724,374041,72.0,0.003,0.0028
780,429.56770739434006,373016,73.0,0.003,0.0028
781,429.5677684659501,371975,74.0,0.003,0.0028
782,429.56785829690944,370944,75.0,0.003,0.0028
783,429.56783153283897,369914,76.0,0.003,0.0028
784,429.5677371379063,368881,77.0,0.003,0.0028
785,429.56766191373197,367861,78.0,0.003,0.0028
786,429.5677841732778,366841,79.0,0.003,0.0028
787,429.5677574063746,365814,80.0,0.003,0.0028
788,429.56778938094897,364794,81.0,0.003,0.0028
789,429.56788277665186,363769,82.0,0.003,0.0028
790,429.5678963852215,362751,83.0,0.003,0.0028
791,429.56774736359654,361739,84.0,0.003,0.0028
792,429.5676866236453,360724,85.0,0.003,0.0028
793,429.56765844514945,359717,86.0,0.003,0.0028
794,429.56785164015884,358706,87.0,0.003,0.0028
795,429.56767989754485,357691,88.0,0.003,0.0028
796,429.5677752261195,356688,89.0,0.003,0.0028
797,429.56765020971534,355683,90.0,0.003,0.0028
798,429.5677617341649,354682,91.0,0.003,0.0028
799,429.5676630123409,353691,92.0,0.003,0.0028
800,429.56777748834514,352684,93.0,0.003,0.0028
801,429.56769217092466,351681,94.0,0.003,0.0028
802,429.5677102365627,350683,95.0,0.003,0.0028
803,429.567663569347,349680,96.0,0.003,0.0028
804,429.5676419648105,348686,97.0,0.003,0.0028
805,429.56774838775476,347695,98.0,0.003,0.0028
806,429.5676880174791,346702,99.0,0.003,0.0028
807,429.5676402602158,345720,100.0,0.003,0.0028
808,429.99753373078937,443016,0.0,0.0045,0.0028
809,429.56796769582013,442524,1.0,0.0045,0.0028
810,429.56789917551583,442828,2.0,0.0045,0.0028
811,429.5675565218667,443094,3.0,0.0045,0.0028
812,429.56771005692195,443304,4.0,0.0045,0.0028
813,429.5675836597538,443455,5.0,0.0045,0.0028
814,429.56763766657167,443549,6.0,0.0045,0.0028
815,429.56769070290807,443591,7.0,0.0045,0.0028
816,429.5677911080381,443587,8.0,0.0045,0.0028
817,429.5677334643328,443533,9.0,0.0045,0.0028
818,429.5678735889626,443440,10.0,0.0045,0.0028
819,429.56788787557866,443300,11.0,0.0045,0.0028
820,429.5675401661093,443124,12.0,0.0045,0.0028
821,429.567562498113,442912,13.0,0.0045,0.0028
822,429.5675502915066,442665,14.0,0.0045,0.0028
823,429.56785489518177,442390,15.0,0.0045,0.0028
824,429.56761304389585,442081,16.0,0.0045,0.0028
825,429.5678214212339,441749,17.0,0.0045,0.0028
826,429.5677460475688,441388,18.0,0.0045,0.0028
827,429.56760490094166,441005,19.0,0.0045,0.0028
828,429.56758172300016,440601,20.0,0.0045,0.0028
829,429.56782413041907,440175,21.0,0.0045,0.0028
830,429.5677095286412,439725,22.0,0.0045,0.0028
831,429.5676956246679,439253,23.0,0.0045,0.0028
832,429.5677864922502,438765,24.0,0.0045,0.0028
833,429.56762262772014,438256,25.0,0.0045,0.0028
834,429.5677698056383,437732,26.0,0.0045,0.0028
835,429.5675479013202,437192,27.0,0.0045,0.0028
836,429.56769370669815,436639,28.0,0.0045,0.0028
837,429.5676985738172,436072,29.0,0.0045,0.0028
838,429.5677533034592,435489,30.0,0.0045,0.0028
839,429.5677465967587,434890,31.0,0.0045,0.0028
840,429.56755408591863,434275,32.0,0.0045,0.0028
841,429.56766586765946,433650,33.0,0.0045,0.0028
842,429.5677501017977,433018,34.0,0.0045,0.0028
843,429.56763106372705,432376,35.0,0.0045,0.0028
844,429.5677312528674,431723,36.0,0.0045,0.0028
845,429.5676301319434,431057,37.0,0.0045,0.0028
846,429.5676465985868,430379,38.0,0.0045,0.0028
847,429.5677202254244,429692,39.0,0.0045,0.0028
848,429.56773609481775,429001,40.0,0.0045,0.0028
849,429.5675709171768,428303,41.0,0.0045,0.0028
850,429.5675659113616,427596,42.0,0.0045,0.0028
851,429.5677225782384,426878,43.0,0.0045,0.0028
852,429.567716810308,426150,44.0,0.0045,0.0028
853,429.5675654495716,425419,45.0,0.0045,0.0028
854,429.5676632114443,424686,46.0,0.0045,0.0028
855,429.5676489634374,423944,47.0,0.0045,0.0028
856,429.56757753022816,423190,48.0,0.0045,0.0028
857,429.5677240903204,422428,49.0,0.0045,0.0028
858,429.56760204730176,421663,50.0,0.0045,0.0028
859,429.5676417246816,420896,51.0,0.0045,0.0028
860,429.5676270482782,420122,52.0,0.0045,0.0028
861,429.567664692305,419340,53.0,0.0045,0.0028
862,429.567741492283,418553,54.0,0.0045,0.0028
863,429.56777177090726,417767,55.0,0.0045,0.0028
864,429.567571115479,416978,56.0,0.0045,0.0028
865,429.5677656903726,416178,57.0,0.0045,0.0028
866,429.5676210123428,415369,58.0,0.0045,0.0028
867,429.56760340810405,414560,59.0,0.0045,0.0028
868,429.5677032020618,413752,60.0,0.0045,0.0028
869,429.56770206840395,412940,61.0,0.0045,0.0028
870,429.5676453945605,412122,62.0,0.0045,0.0028
871,429.5676859655587,411303,63.0,0.0045,0.0028
872,429.5676143625428,410487,64.0,0.0045,0.0028
873,429.56767871061203,409672,65.0,0.0045,0.0028
874,429.56760363555543,408845,66.0,0.0045,0.0028
875,429.56755773408116,408010,67.0,0.0045,0.0028
876,429.5676698624197,407178,68.0,0.0045,0.0028
877,429.56773944724114,406346,69.0,0.0045,0.0028
878,429.56754499502,405509,70.0,0.0045,0.0028
879,429.56765839170487,404670,71.0,0.0045,0.0028
880,429.56762482637413,403834,72.0,0.0045,0.0028
881,429.5677029632553,403001,73.0,0.0045,0.0028
882,429.5676002993107,402166,74.0,0.0045,0.0028
883,429.5676721173489,401327,75.0,0.0045,0.0028
884,429.5675913896018,400481,76.0,0.0045,0.0028
885,429.56761646390123,399637,77.0,0.0045,0.0028
886,429.5676977606624,398791,78.0,0.0045,0.0028
887,429.5676543572537,397941,79.0,0.0045,0.0028
888,429.5675444143139,397094,80.0,0.0045,0.0028
889,429.5676551797148,396251,81.0,0.0045,0.0028
890,429.56763210568204,395407,82.0,0.0045,0.0028
891,429.56775018684544,394562,83.0,0.0045,0.0028
892,429.56770484880377,393721,84.0,0.0045,0.0028
893,429.56761322046003,392874,85.0,0.0045,0.0028
894,429.5676527491656,392024,86.0,0.0045,0.0028
895,429.56767184415855,391171,87.0,0.0045,0.0028
896,429.5676342212435,390321,88.0,0.0045,0.0028
897,429.56760992532475,389474,89.0,0.0045,0.0028
898,429.5676514420725,388627,90.0,0.0045,0.0028
899,429.5677411719827,387779,91.0,0.0045,0.0028
900,429.56764743205946,386935,92.0,0.0045,0.0028
901,429.5675513731684,386095,93.0,0.0045,0.0028
902,429.5675813367219,385252,94.0,0.0045,0.0028
903,429.5675879492288,384401,95.0,0.0045,0.0028
904,429.5677070436302,383554,96.0,0.0045,0.0028
905,429.56772715202163,382709,97.0,0.0045,0.0028
906,429.5676733302322,381863,98.0,0.0045,0.0028
907,429.56766039603093,381017,99.0,0.0045,0.0028
908,429.5677281016392,380176,100.0,0.0045,0.0028
909,429.99744122247535,443016,0.0,0.006,0.0028
910,429.56751437877466,443461,1.0,0.006,0.0028
911,429.5677719910781,444659,2.0,0.006,0.0028
912,429.56761749544717,445768,3.0,0.006,0.0028
913,429.5677354627536,446768,4.0,0.006,0.0028
914,429.5675556394368,447671,5.0,0.006,0.0028
915,429.56759795521657,448492,6.0,0.006,0.0028
916,429.56749201120766,449211,7.0,0.006,0.0028
917,429.5674729315411,449861,8.0,0.006,0.0028
918,429.5676800393189,450435,9.0,0.006,0.0028
919,429.56751769324717,450923,10.0,0.006,0.0028
920,429.56758594564303,451363,11.0,0.006,0.0028
921,429.56775121150616,451746,12.0,0.006,0.0028
922,429.56771417712037,452066,13.0,0.006,0.0028
923,429.56744837006613,452344,14.0,0.006,0.0028
924,429.5676532701192,452581,15.0,0.006,0.0028
925,429.5674781009149,452775,16.0,0.006,0.0028
926,429.5674657749083,452931,17.0,0.006,0.0028
927,429.567471846846,453045,18.0,0.006,0.0028
928,429.5676130458706,453113,19.0,0.006,0.0028
929,429.5676269112957,453143,20.0,0.006,0.0028
930,429.5674656747139,453147,21.0,0.006,0.0028
931,429.5676514248723,453118,22.0,0.006,0.0028
932,429.56749505117375,453054,23.0,0.006,0.0028
933,429.56758485118246,452972,24.0,0.006,0.0028
934,429.5675460851494,452859,25.0,0.006,0.0028
935,429.5674694740432,452715,26.0,0.006,0.0028
936,429.56756211862296,452550,27.0,0.006,0.0028
937,429.5676848693784,452362,28.0,0.006,0.0028
938,429.56766999185896,452148,29.0,0.006,0.0028
939,429.56748483658373,451913,30.0,0.006,0.0028
940,429.56745907107796,451664,31.0,0.006,0.0028
941,429.56755154352254,451396,32.0,0.006,0.0028
942,429.56755901246976,451108,33.0,0.006,0.0028
943,429.5674623986619,450800,34.0,0.006,0.0028
944,429.56750004623314,450473,35.0,0.006,0.0028
945,429.56765818944757,450127,36.0,0.006,0.0028
946,429.56750269945064,449768,37.0,0.006,0.0028
947,429.5675418623776,449395,38.0,0.006,0.0028
948,429.5675206035061,449005,39.0,0.006,0.0028
949,429.5676350961989,448599,40.0,0.006,0.0028
950,429.56763869329916,448176,41.0,0.006,0.0028
951,429.5674973880724,447736,42.0,0.006,0.0028
952,429.56758986193796,447282,43.0,0.006,0.0028
953,429.5676490374117,446822,44.0,0.006,0.0028
954,429.56745118106426,446348,45.0,0.006,0.0028
955,429.56753590368,445863,46.0,0.006,0.0028
956,429.56760733423374,445366,47.0,0.006,0.0028
957,429.56762195831334,444857,48.0,0.006,0.0028
958,429.5675270938627,444336,49.0,0.006,0.0028
959,429.56752619191974,443807,50.0,0.006,0.0028
960,429.5674913865419,443271,51.0,0.006,0.0028
961,429.5676199401276,442726,52.0,0.006,0.0028
962,429.5674942948176,442170,53.0,0.006,0.0028
963,429.56752638397,441605,54.0,0.006,0.0028
964,429.5674609441247,441030,55.0,0.006,0.0028
965,429.56746340776766,440446,56.0,0.006,0.0028
966,429.5674736445635,439857,57.0,0.006,0.0028
967,429.5674549464775,439262,58.0,0.006,0.0028
968,429.5674961927382,438661,59.0,0.006,0.0028
969,429.5676307763564,438054,60.0,0.006,0.0028
970,429.56764615881735,437440,61.0,0.006,0.0028
971,429.5676015848734,436819,62.0,0.006,0.0028
972,429.5674971016374,436191,63.0,0.006,0.0028
973,429.5674858674578,435558,64.0,0.006,0.0028
974,429.5674465265386,434919,65.0,0.006,0.0028
975,429.5676420682391,434277,66.0,0.006,0.0028
976,429.56762741180484,433630,67.0,0.006,0.0028
977,429.5676241118304,432979,68.0,0.006,0.0028
978,429.56746394278804,432323,69.0,0.006,0.0028
979,429.56763530253744,431664,70.0,0.006,0.0028
980,429.5675975856709,430999,71.0,0.006,0.0028
981,429.5675502650787,430329,72.0,0.006,0.0028
982,429.5674741639804,429656,73.0,0.006,0.0028
983,429.56747996598534,428981,74.0,0.006,0.0028
984,429.56757948089233,428304,75.0,0.006,0.0028
985,429.56760168696076,427624,76.0,0.006,0.0028
986,429.56745106263395,426939,77.0,0.006,0.0028
987,429.56756629072305,426251,78.0,0.006,0.0028
988,429.56761751108047,425559,79.0,0.006,0.0028
989,429.5676050099349,424865,80.0,0.006,0.0028
990,429.56748411673357,424169,81.0,0.006,0.0028
991,429.5675014803206,423472,82.0,0.006,0.0028
992,429.56752039520245,422773,83.0,0.006,0.0028
993,429.56747972938945,422071,84.0,0.006,0.0028
994,429.5676300934201,421367,85.0,0.006,0.0028
995,429.56757304223777,420661,86.0,0.006,0.0028
996,429.56758336694344,419953,87.0,0.006,0.0028
997,429.56748458025294,419243,88.0,0.006,0.0028
998,429.5676369514365,418533,89.0,0.006,0.0028
999,429.5675658312485,417820,90.0,0.006,0.0028
1000,429.5675819479251,417105,91.0,0.006,0.0028
1001,429.56756584681807,416389,92.0,0.006,0.0028
1002,429.56747628028023,415673,93.0,0.006,0.0028
1003,429.5675460956811,414958,94.0,0.006,0.0028
1004,429.56762979008175,414243,95.0,0.006,0.0028
1005,429.56762401632756,413527,96.0,0.006,0.0028
1006,429.5675709965912,412806,97.0,0.006,0.0028
1007,429.5675674797318,412084,98.0,0.006,0.0028
1008,429.56747565185645,411362,99.0,0.006,0.0028
1009,429.5675293581825,410641,100.0,0.006,0.0028
1010,429.99771874849097,443016,0.0,0.0015,0.0028
1011,429.5679109696262,440657,1.0,0.0015,0.0028
1012,429.5681121844734,439140,2.0,0.0015,0.0028
1013,429.5677250803393,437603,3.0,0.0015,0.0028
1014,429.56781394213255,436099,4.0,0.0015,0.0028
1015,429.568107728106,434573,5.0,0.0015,0.0028
1016,429.56781102935446,433073,6.0,0.0015,0.0028
1017,429.56801075177,431555,7.0,0.0015,0.0028
1018,429.56799896898355,430043,8.0,0.0015,0.0028
1019,429.56776684686906,428532,9.0,0.0015,0.0028
1020,429.5677914394229,427019,10.0,0.0015,0.0028
1021,429.56806598515504,425514,11.0,0.0015,0.0028
1022,429.5679746364993,423997,12.0,0.0015,0.0028
1023,429.56796838668413,422516,13.0,0.0015,0.0028
1024,429.5681601397918,420999,14.0,0.0015,0.0028
1025,429.5680566259909,419513,15.0,0.0015,0.0028
1026,429.56813906891205,418022,16.0,0.0015,0.0028
1027,429.568095497358,416529,17.0,0.0015,0.0028
1028,429.56802078671143,415039,18.0,0.0015,0.0028
1029,429.56778974183027,413555,19.0,0.0015,0.0028
1030,429.56778483010885,412077,20.0,0.0015,0.0028
1031,429.5680905849936,410584,21.0,0.0015,0.0028
1032,429.56794103288746,409123,22.0,0.0015,0.0028
1033,429.56774382526663,407638,23.0,0.0015,0.0028
1034,429.56795351084634,406176,24.0,0.0015,0.0028
1035,429.5677449401451,404703,25.0,0.0015,0.0028
1036,429.5679507155328,403247,26.0,0.0015,0.0028
1037,429.56787400265426,401781,27.0,0.0015,0.0028
1038,429.56807206753325,400322,28.0,0.0015,0.0028
1039,429.5680376553003,398876,29.0,0.0015,0.0028
1040,429.5678805472521,397412,30.0,0.0015,0.0028
1041,429.5680655176137,395974,31.0,0.0015,0.0028
1042,429.5679349247912,394523,32.0,0.0015,0.0028
1043,429.56788855156935,393079,33.0,0.0015,0.0028
1044,429.5678786426127,391616,34.0,0.0015,0.0028
1045,429.56798139769126,390171,35.0,0.0015,0.0028
1046,429.5677686663607,388721,36.0,0.0015,0.0028
1047,429.56807326592826,387282,37.0,0.0015,0.0028
1048,429.5680367657894,385855,38.0,0.0015,0.0028
1049,429.5680468008808,384412,39.0,0.0015,0.0028
1050,429.5680885496344,382979,40.0,0.0015,0.0028
1051,429.568043025242,381534,41.0,0.0015,0.0028
1052,429.56799971839285,380119,42.0,0.0015,0.0028
1053,429.56784191065026,378696,43.0,0.0015,0.0028
1054,429.56803310858237,377302,44.0,0.0015,0.0028
1055,429.5678880719311,375903,45.0,0.0015,0.0028
1056,429.56780311589944,374490,46.0,0.0015,0.0028
1057,429.56792520680614,373083,47.0,0.0015,0.0028
1058,429.56783746842433,371679,48.0,0.0015,0.0028
1059,429.56784679941273,370295,49.0,0.0015,0.0028
1060,429.56807150609734,368909,50.0,0.0015,0.0028
1061,429.56790558761213,367553,51.0,0.0015,0.0028
1062,429.5679353044129,366164,52.0,0.0015,0.0028
1063,429.56772367492823,364793,53.0,0.0015,0.0028
1064,429.5677624933671,363413,54.0,0.0015,0.0028
1065,429.56791395276707,362057,55.0,0.0015,0.0028
1066,429.5677442256564,360699,56.0,0.0015,0.0028
1067,429.568019616355,359362,57.0,0.0015,0.0028
1068,429.5679787580273,358020,58.0,0.0015,0.0028
1069,429.56804533550803,356669,59.0,0.0015,0.0028
1070,429.56808328270006,355327,60.0,0.0015,0.0028
1071,429.56791603579944,353986,61.0,0.0015,0.0028
1072,429.5680386484255,352665,62.0,0.0015,0.0028
1073,429.5678477127993,351341,63.0,0.0015,0.0028
1074,429.56772731866135,350044,64.0,0.0015,0.0028
1075,429.56772271365867,348714,65.0,0.0015,0.0028
1076,429.5680450408378,347408,66.0,0.0015,0.0028
1077,429.56795110213636,346091,67.0,0.0015,0.0028
1078,429.5677910155556,344799,68.0,0.0015,0.0028
1079,429.5677225440448,343501,69.0,0.0015,0.0028
1080,429.56786246088905,342229,70.0,0.0015,0.0028
1081,429.567764005416,340939,71.0,0.0015,0.0028
1082,429.56807658016334,339659,72.0,0.0015,0.0028
1083,429.56797441133597,338374,73.0,0.0015,0.0028
1084,429.56776724692844,337105,74.0,0.0015,0.0028
1085,429.56803716638836,335839,75.0,0.0015,0.0028
1086,429.56793073811843,334587,76.0,0.0015,0.0028
1087,429.5677672876694,333337,77.0,0.0015,0.0028
1088,429.5679363229341,332081,78.0,0.0015,0.0028
1089,429.5679441927837,330829,79.0,0.0015,0.0028
1090,429.5679710995952,329584,80.0,0.0015,0.0028
1091,429.5679162363955,328348,81.0,0.0015,0.0028
1092,429.56802008338525,327119,82.0,0.0015,0.0028
1093,429.56783741194147,325902,83.0,0.0015,0.0028
1094,429.5678320469263,324675,84.0,0.0015,0.0028
1095,429.56778112000717,323454,85.0,0.0015,0.0028
1096,429.56795778318866,322235,86.0,0.0015,0.0028
1097,429.5677820300118,321028,87.0,0.0015,0.0028
1098,429.56800624645365,319824,88.0,0.0015,0.0028
1099,429.5677273659599,318634,89.0,0.0015,0.0028
1100,429.5677969948153,317441,90.0,0.0015,0.0028
1101,429.5680259214454,316250,91.0,0.0015,0.0028
1102,429.56803736096265,315058,92.0,0.0015,0.0028
1103,429.56803672942516,313879,93.0,0.0015,0.0028
1104,429.5679079269567,312701,94.0,0.0015,0.0028
1105,429.5677698299133,311537,95.0,0.0015,0.0028
1106,429.5679809315179,310378,96.0,0.0015,0.0028
1107,429.5677741386779,309213,97.0,0.0015,0.0028
1108,429.5680359670503,308051,98.0,0.0015,0.0028
1109,429.5678050492363,306897,99.0,0.0015,0.0028
1110,429.5677342290265,305748,100.0,0.0015,0.0028
1111,429.99747205853953,443016,0.0,0.0055,0.0028
1112,429.5674918486079,443146,1.0,0.0055,0.0028
1113,429.56766324269455,444059,2.0,0.0055,0.0028
1114,429.5674968630352,444873,3.0,0.0055,0.0028
1115,429.5676807000061,445626,4.0,0.0055,0.0028
1116,429.56774043493886,446282,5.0,0.0055,0.0028
1117,429.56750398713115,446854,6.0,0.0055,0.0028
1118,429.56775803812354,447367,7.0,0.0055,0.0028
1119,429.56782406083266,447812,8.0,0.0055,0.0028
1120,429.5675709783156,448173,9.0,0.0055,0.0028
1121,429.5675605737402,448476,10.0,0.0055,0.0028
1122,429.56751624769885,448725,11.0,0.0055,0.0028
1123,429.5677815011983,448931,12.0,0.0055,0.0028
1124,429.56754735478575,449081,13.0,0.0055,0.0028
1125,429.5676534221094,449186,14.0,0.0055,0.0028
1126,429.5675546580165,449251,15.0,0.0055,0.0028
1127,429.5674953425395,449282,16.0,0.0055,0.0028
1128,429.56750157219744,449275,17.0,0.0055,0.0028
1129,429.567541225171,449230,18.0,0.0055,0.0028
1130,429.5677447136076,449163,19.0,0.0055,0.0028
1131,429.567584062655,449062,20.0,0.0055,0.0028
1132,429.5676701266804,448927,21.0,0.0055,0.0028
1133,429.56768385691095,448760,22.0,0.0055,0.0028
1134,429.567677265489,448574,23.0,0.0055,0.0028
1135,429.56754959266476,448359,24.0,0.0055,0.0028
1136,429.5675666358744,448116,25.0,0.0055,0.0028
1137,429.56750213353547,447851,26.0,0.0055,0.0028
1138,429.567686708835,447568,27.0,0.0055,0.0028
1139,429.567643336995,447261,28.0,0.0055,0.0028
1140,429.567633179369,446931,29.0,0.0055,0.0028
1141,429.5674991136669,446585,30.0,0.0055,0.0028
1142,429.5674797287422,446221,31.0,0.0055,0.0028
1143,429.5674881951918,445838,32.0,0.0055,0.0028
1144,429.5675859975329,445438,33.0,0.0055,0.0028
1145,429.5674797115272,445027,34.0,0.0055,0.0028
1146,429.5675467728673,444602,35.0,0.0055,0.0028
1147,429.5674847921876,444162,36.0,0.0055,0.0028
1148,429.56752351732604,443708,37.0,0.0055,0.0028
1149,429.5675971914813,443240,38.0,0.0055,0.0028
1150,429.5674755110057,442757,39.0,0.0055,0.0028
1151,429.56762077204206,442261,40.0,0.0055,0.0028
1152,429.56751703113446,441754,41.0,0.0055,0.0028
1153,429.56760663417333,441236,42.0,0.0055,0.0028
1154,429.5676375003617,440705,43.0,0.0055,0.0028
1155,429.56756122384405,440161,44.0,0.0055,0.0028
1156,429.5675435158022,439605,45.0,0.0055,0.0028
1157,429.56760011463126,439039,46.0,0.0055,0.0028
1158,429.5675056494549,438463,47.0,0.0055,0.0028
1159,429.56754767838356,437880,48.0,0.0055,0.0028
1160,429.56769359731044,437291,49.0,0.0055,0.0028
1161,429.56764095874695,436692,50.0,0.0055,0.0028
1162,429.5676915423318,436084,51.0,0.0055,0.0028
1163,429.5676188078914,435466,52.0,0.0055,0.0028
1164,429.56758881095533,434839,53.0,0.0055,0.0028
1165,429.5676496722576,434205,54.0,0.0055,0.0028
1166,429.5675719801446,433565,55.0,0.0055,0.0028
1167,429.5676342631468,432921,56.0,0.0055,0.0028
1168,429.56767921692983,432271,57.0,0.0055,0.0028
1169,429.56767343107606,431614,58.0,0.0055,0.0028
1170,429.5675216183789,430949,59.0,0.0055,0.0028
1171,429.5676276610026,430278,60.0,0.0055,0.0028
1172,429.5675123127113,429601,61.0,0.0055,0.0028
1173,429.5676122504802,428922,62.0,0.0055,0.0028
1174,429.567500073772,428238,63.0,0.0055,0.0028
1175,429.56754538350924,427550,64.0,0.0055,0.0028
1176,429.5674822359455,426856,65.0,0.0055,0.0028
1177,429.5676008530205,426157,66.0,0.0055,0.0028
1178,429.56765436719945,425453,67.0,0.0055,0.0028
1179,429.5676707520626,424747,68.0,0.0055,0.0028
1180,429.5676543903161,424039,69.0,0.0055,0.0028
1181,429.5675916858254,423328,70.0,0.0055,0.0028
1182,429.5676575383159,422612,71.0,0.0055,0.0028
1183,429.5675232673823,421890,72.0,0.0055,0.0028
1184,429.5676698901022,421166,73.0,0.0055,0.0028
1185,429.56758198315083,420440,74.0,0.0055,0.0028
1186,429.5675065415523,419713,75.0,0.0055,0.0028
1187,429.5676036880592,418985,76.0,0.0055,0.0028
1188,429.5676781010474,418254,77.0,0.0055,0.0028
1189,429.5674853443119,417516,78.0,0.0055,0.0028
1190,429.5674914196089,416777,79.0,0.0055,0.0028
1191,429.5675477598776,416038,80.0,0.0055,0.0028
1192,429.5675798380983,415298,81.0,0.0055,0.0028
1193,429.56754898081056,414556,82.0,0.0055,0.0028
1194,429.56750386838087,413811,83.0,0.0055,0.0028
1195,429.56757271788564,413065,84.0,0.0055,0.0028
1196,429.56753778843347,412318,85.0,0.0055,0.0028
1197,429.56764095343726,411569,86.0,0.0055,0.0028
1198,429.5675867684271,410818,87.0,0.0055,0.0028
1199,429.5676251408504,410065,88.0,0.0055,0.0028
1200,429.56756467384395,409309,89.0,0.0055,0.0028
1201,429.5675895815976,408554,90.0,0.0055,0.0028
1202,429.5674807898525,407799,91.0,0.0055,0.0028
1203,429.56755185622364,407045,92.0,0.0055,0.0028
1204,429.5676222135424,406290,93.0,0.0055,0.0028
1205,429.5675855676795,405533,94.0,0.0055,0.0028
1206,429.56767066025714,404776,95.0,0.0055,0.0028
1207,429.5675822575319,404016,96.0,0.0055,0.0028
1208,429.56764706330625,403257,97.0,0.0055,0.0028
1209,429.56748417507526,402496,98.0,0.0055,0.0028
1210,429.5676513556504,401735,99.0,0.0055,0.0028
1211,429.56760722755376,400974,100.0,0.0055,0.0028
1212,429.99778042131146,443016,0.0,0.0005,0.0028
1213,429.56801569903223,440028,1.0,0.0005,0.0028
1214,429.5679153410243,437884,2.0,0.0005,0.0028
1215,429.5679785754454,435760,3.0,0.0005,0.0028
1216,429.5678426021511,433641,4.0,0.0005,0.0028
1217,429.5679596115463,431528,5.0,0.0005,0.0028
1218,429.56807744120914,429418,6.0,0.0005,0.0028
1219,429.5679865635126,427330,7.0,0.0005,0.0028
1220,429.5681774421943,425262,8.0,0.0005,0.0028
1221,429.56821641317305,423195,9.0,0.0005,0.0028
1222,429.5680840789003,421134,10.0,0.0005,0.0028
1223,429.5680594876221,419080,11.0,0.0005,0.0028
1224,429.5680350932135,417053,12.0,0.0005,0.0028
1225,429.56803044571456,415035,13.0,0.0005,0.0028
1226,429.56780520975286,413022,14.0,0.0005,0.0028
1227,429.5681234395384,411012,15.0,0.0005,0.0028
1228,429.5678204369879,409016,16.0,0.0005,0.0028
1229,429.5678404358965,407045,17.0,0.0005,0.0028
1230,429.56828879910967,405077,18.0,0.0005,0.0028
1231,429.5682583272701,403109,19.0,0.0005,0.0028
1232,429.56799208449365,401149,20.0,0.0005,0.0028
1233,429.5679540995793,399221,21.0,0.0005,0.0028
1234,429.5682707603884,397293,22.0,0.0005,0.0028
1235,429.568216984272,395368,23.0,0.0005,0.0028
1236,429.56829432590274,393449,24.0,0.0005,0.0028
1237,429.56792162052295,391556,25.0,0.0005,0.0028
1238,429.56787331509446,389669,26.0,0.0005,0.0028
1239,429.5682093038796,387786,27.0,0.0005,0.0028
1240,429.56828029108794,385903,28.0,0.0005,0.0028
1241,429.56818603651044,384051,29.0,0.0005,0.0028
1242,429.5681666542457,382204,30.0,0.0005,0.0028
1243,429.56821578616655,380356,31.0,0.0005,0.0028
1244,429.56786768804005,378512,32.0,0.0005,0.0028
1245,429.5680055051452,376701,33.0,0.0005,0.0028
1246,429.5682690988034,374890,34.0,0.0005,0.0028
1247,429.5682137145136,373076,35.0,0.0005,0.0028
1248,429.56814077278614,371278,36.0,0.0005,0.0028
1249,429.5679639364207,369502,37.0,0.0005,0.0028
1250,429.56796304018684,367722,38.0,0.0005,0.0028
1251,429.5678019666105,365943,39.0,0.0005,0.0028
1252,429.5678029170303,364193,40.0,0.0005,0.0028
1253,429.5682171313937,362447,41.0,0.0005,0.0028
1254,429.5680518903202,360700,42.0,0.0005,0.0028
1255,429.5679388452672,358962,43.0,0.0005,0.0028
1256,429.5680582068173,357249,44.0,0.0005,0.0028
1257,429.56815236716693,355534,45.0,0.0005,0.0028
1258,429.56800419465685,353819,46.0,0.0005,0.0028
1259,429.5680861932082,352129,47.0,0.0005,0.0028
1260,429.5678411593418,350444,48.0,0.0005,0.0028
1261,429.56790027521225,348759,49.0,0.0005,0.0028
1262,429.5680431922687,347086,50.0,0.0005,0.0028
1263,429.5679072654599,345431,51.0,0.0005,0.0028
1264,429.5679813488503,343775,52.0,0.0005,0.0028
1265,429.56792902883575,342121,53.0,0.0005,0.0028
1266,429.5680462681526,340494,54.0,0.0005,0.0028
1267,429.5680990407319,338866,55.0,0.0005,0.0028
1268,429.56791593771635,337237,56.0,0.0005,0.0028
1269,429.5680476290077,335632,57.0,0.0005,0.0028
1270,429.56804939701493,334031,58.0,0.0005,0.0028
1271,429.56800181005264,332428,59.0,0.0005,0.0028
1272,429.567869369752,330844,60.0,0.0005,0.0028
1273,429.5678073253117,329269,61.0,0.0005,0.0028
1274,429.5681006825321,327692,62.0,0.0005,0.0028
1275,429.56781609178216,326130,63.0,0.0005,0.0028
1276,429.56820660692927,324581,64.0,0.0005,0.0028
1277,429.5682858244823,323028,65.0,0.0005,0.0028
1278,429.5679491246891,321489,66.0,0.0005,0.0028
1279,429.56827799527736,319964,67.0,0.0005,0.0028
1280,429.5681203832053,318434,68.0,0.0005,0.0028
1281,429.56826772532787,316920,69.0,0.0005,0.0028
1282,429.56803494301823,315417,70.0,0.0005,0.0028
1283,429.5681721744141,313910,71.0,0.0005,0.0028
1284,429.5682800371773,312421,72.0,0.0005,0.0028
1285,429.5680135280405,310940,73.0,0.0005,0.0028
1286,429.5678992222314,309454,74.0,0.0005,0.0028
1287,429.56817852545845,307990,75.0,0.0005,0.0028
1288,429.567857887889,306531,76.0,0.0005,0.0028
1289,429.56786555538395,305066,77.0,0.0005,0.0028
1290,429.56802726784673,303627,78.0,0.0005,0.0028
1291,429.56828015297646,302190,79.0,0.0005,0.0028
1292,429.56825195205437,300746,80.0,0.0005,0.0028
1293,429.56793248411986,299331,81.0,0.0005,0.0028
1294,429.56778475276764,297913,82.0,0.0005,0.0028
1295,429.5680828507682,296493,83.0,0.0005,0.0028
1296,429.5681991971872,295101,84.0,0.0005,0.0028
1297,429.5682854417649,293702,85.0,0.0005,0.0028
1298,429.5680551405459,292309,86.0,0.0005,0.0028
1299,429.56798932151503,290934,87.0,0.0005,0.0028
1300,429.5682469320122,289553,88.0,0.0005,0.0028
1301,429.56804520671335,288183,89.0,0.0005,0.0028
1302,429.56789792811765,286816,90.0,0.0005,0.0028
1303,429.56798142117304,285444,91.0,0.0005,0.0028
1304,429.56824510521716,284101,92.0,0.0005,0.0028
1305,429.56808446719015,282753,93.0,0.0005,0.0028
1306,429.56788294310303,281413,94.0,0.0005,0.0028
1307,429.56787824530977,280088,95.0,0.0005,0.0028
1308,429.56813386829816,278751,96.0,0.0005,0.0028
1309,429.5680665338854,277436,97.0,0.0005,0.0028
1310,429.56819548440535,276127,98.0,0.0005,0.0028
1311,429.5679177098672,274816,99.0,0.0005,0.0028
1312,429.56827695899705,273536,100.0,0.0005,0.0028
1313,429.99768791211085,443016,0.0,0.002,0.0028
1314,429.56802600486395,440975,1.0,0.002,0.0028
1315,429.56817721577033,439754,2.0,0.002,0.0028
1316,429.56773718462944,438543,3.0,0.002,0.0028
1317,429.5677038590108,437308,4.0,0.002,0.0028
1318,429.5677474519113,436098,5.0,0.002,0.0028
1319,429.568017020385,434860,6.0,0.002,0.0028
1320,429.56779012523236,433627,7.0,0.002,0.0028
1321,429.5677404864788,432380,8.0,0.002,0.0028
1322,429.56792505766344,431137,9.0,0.002,0.0028
1323,429.5680942180258,429883,10.0,0.002,0.0028
1324,429.56787496980775,428620,11.0,0.002,0.0028
1325,429.5677594748018,427382,12.0,0.002,0.0028
1326,429.56801561886977,426103,13.0,0.002,0.0028
1327,429.56786698291097,424851,14.0,0.002,0.0028
1328,429.5679724996231,423581,15.0,0.002,0.0028
1329,429.56808653600666,422323,16.0,0.002,0.0028
1330,429.5678191027707,421043,17.0,0.002,0.0028
1331,429.5677190729716,419780,18.0,0.002,0.0028
1332,429.5680546484928,418507,19.0,0.002,0.0028
1333,429.56771279196226,417227,20.0,0.002,0.0028
1334,429.56772267859793,415955,21.0,0.002,0.0028
1335,429.5677915927653,414675,22.0,0.002,0.0028
1336,429.56802187535106,413400,23.0,0.002,0.0028
1337,429.56796381376444,412111,24.0,0.002,0.0028
1338,429.56805163643065,410845,25.0,0.002,0.0028
1339,429.5680461814255,409549,26.0,0.002,0.0028
1340,429.56795458559253,408278,27.0,0.002,0.0028
1341,429.5677167117108,406990,28.0,0.002,0.0028
1342,429.56797425699915,405706,29.0,0.002,0.0028
1343,429.56800236665254,404400,30.0,0.002,0.0028
1344,429.56796770097577,403109,31.0,0.002,0.0028
1345,429.5679097528606,401806,32.0,0.002,0.0028
1346,429.5677431698726,400517,33.0,0.002,0.0028
1347,429.56785191501376,399227,34.0,0.002,0.0028
1348,429.5680450143053,397934,35.0,0.002,0.0028
1349,429.5677244388758,396629,36.0,0.002,0.0028
1350,429.56788898961184,395330,37.0,0.002,0.0028
1351,429.56778318409295,394037,38.0,0.002,0.0028
1352,429.5677207061814,392749,39.0,0.002,0.0028
1353,429.56789570500183,391477,40.0,0.002,0.0028
1354,429.5677079690348,390201,41.0,0.002,0.0028
1355,429.5680065711854,388915,42.0,0.002,0.0028
1356,429.56795645543065,387620,43.0,0.002,0.0028
1357,429.56787534022675,386344,44.0,0.002,0.0028
1358,429.5678759652002,385061,45.0,0.002,0.0028
1359,429.5678341978288,383803,46.0,0.002,0.0028
1360,429.56775500040163,382539,47.0,0.002,0.0028
1361,429.5680200526007,381278,48.0,0.002,0.0028
1362,429.5679445810984,379996,49.0,0.002,0.0028
1363,429.56795421506615,378737,50.0,0.002,0.0028
1364,429.56773905548584,377467,51.0,0.002,0.0028
1365,429.5677306463439,376222,52.0,0.002,0.0028
1366,429.56801863165344,374973,53.0,0.002,0.0028
1367,429.5679888989495,373735,54.0,0.002,0.0028
1368,429.56773555164426,372475,55.0,0.002,0.0028
1369,429.5677821355896,371228,56.0,0.002,0.0028
1370,429.56788599115174,369982,57.0,0.002,0.0028
1371,429.5677070818517,368745,58.0,0.002,0.0028
1372,429.5676971306627,367517,59.0,0.002,0.0028
1373,429.56772121559425,366296,60.0,0.002,0.0028
1374,429.56781400505,365064,61.0,0.002,0.0028
1375,429.5678416007481,363828,62.0,0.002,0.0028
1376,429.5677842179095,362607,63.0,0.002,0.0028
1377,429.5677540126597,361381,64.0,0.002,0.0028
1378,429.5677705385731,360176,65.0,0.002,0.0028
1379,429.567893738635,358966,66.0,0.002,0.0028
1380,429.56782290351595,357766,67.0,0.002,0.0028
1381,429.56794821064204,356548,68.0,0.002,0.0028
1382,429.567798124625,355348,69.0,0.002,0.0028
1383,429.5678417946254,354142,70.0,0.002,0.0028
1384,429.56793159456726,352954,71.0,0.002,0.0028
1385,429.56772012077136,351765,72.0,0.002,0.0028
1386,429.5679815630243,350587,73.0,0.002,0.0028
1387,429.56787909334446,349397,74.0,0.002,0.0028
1388,429.56794351376374,348210,75.0,0.002,0.0028
1389,429.56790994719876,347033,76.0,0.002,0.0028
1390,429.56792473994824,345855,77.0,0.002,0.0028
1391,429.56790845672583,344694,78.0,0.002,0.0028
1392,429.5677046294153,343529,79.0,0.002,0.0028
1393,429.5677598628363,342371,80.0,0.002,0.0028
1394,429.5678332053696,341201,81.0,0.002,0.0028
1395,429.56772601622333,340048,82.0,0.002,0.0028
1396,429.5679345151302,338891,83.0,0.002,0.0028
1397,429.5677030726965,337748,84.0,0.002,0.0028
1398,429.5677216804502,336608,85.0,0.002,0.0028
1399,429.5677922916478,335471,86.0,0.002,0.0028
1400,429.5679149717369,334332,87.0,0.002,0.0028
1401,429.56772391020206,333191,88.0,0.002,0.0028
1402,429.5679276059167,332065,89.0,0.002,0.0028
1403,429.56784816726844,330934,90.0,0.002,0.0028
1404,429.5679348894054,329822,91.0,0.002,0.0028
1405,429.5679974459145,328706,92.0,0.002,0.0028
1406,429.5679485383335,327592,93.0,0.002,0.0028
1407,429.5678244251548,326474,94.0,0.002,0.0028
1408,429.5679619645666,325367,95.0,0.002,0.0028
1409,429.56795715255487,324264,96.0,0.002,0.0028
1410,429.56777721826654,323164,97.0,0.002,0.0028
1411,429.5678374794198,322078,98.0,0.002,0.0028
1412,429.56780684489684,320982,99.0,0.002,0.0028
1413,429.5678861243156,319896,100.0,0.002,0.0028
