,total_counts,area,time,D (um^2/s),alpha (1/s)
0,429.9977203246606,443016,0.0,0.007,0.0094
1,429.56820702148576,440227,0.5,0.007,0.0094
2,429.56798953998856,438283,1.0,0.007,0.0094
3,429.5680368535865,436309,1.5,0.007,0.0094
4,429.5679504365404,434309,2.0,0.007,0.0094
5,429.56793430103824,432318,2.5,0.007,0.0094
6,429.5678712859457,430313,3.0,0.007,0.0094
7,429.5680100240807,428284,3.5,0.007,0.0094
8,429.56812221172817,426219,4.0,0.007,0.0094
9,429.5680388541605,424158,4.5,0.007,0.0094
10,429.56804829835164,422080,5.0,0.007,0.0094
11,429.5678670611581,419974,5.5,0.007,0.0094
12,429.5678840801982,417884,6.0,0.007,0.0094
13,429.5680091312413,415786,6.5,0.007,0.0094
14,429.5678799889307,413680,7.0,0.007,0.0094
15,429.5679113943091,411577,7.5,0.007,0.0094
16,429.56807523155004,409452,8.0,0.007,0.0094
17,429.5679485991726,407354,8.5,0.007,0.0094
18,429.5678712031881,405244,9.0,0.007,0.0094
19,429.5677753749156,403126,9.5,0.007,0.0094
20,429.5677597998756,401017,10.0,0.007,0.0094
21,429.56783189790684,398904,10.5,0.007,0.0094
22,429.5678943087829,396805,11.0,0.007,0.0094
23,429.5678162192167,394701,11.5,0.007,0.0094
24,429.56795351452575,392591,12.0,0.007,0.0094
25,429.568037619594,390499,12.5,0.007,0.0094
26,429.5677669730877,388405,13.0,0.007,0.0094
27,429.56777123131025,386319,13.5,0.007,0.0094
28,429.5678966922034,384235,14.0,0.007,0.0094
29,429.56801991983485,382148,14.5,0.007,0.0094
30,429.5680048195089,380085,15.0,0.007,0.0094
31,429.56799135414036,378003,15.5,0.007,0.0094
32,429.5678282362216,375914,16.0,0.007,0.0094
33,429.5678750780567,373828,16.5,0.007,0.0094
34,429.5678235464352,371756,17.0,0.007,0.0094
35,429.5679844774817,369711,17.5,0.007,0.0094
36,429.56797553318836,367650,18.0,0.007,0.0094
37,429.5679475948761,365590,18.5,0.007,0.0094
38,429.56798914195315,363546,19.0,0.007,0.0094
39,429.5678444068379,361531,19.5,0.007,0.0094
40,429.56778870779544,359539,20.0,0.007,0.0094
41,429.567761537926,357518,20.5,0.007,0.0094
42,429.56776837182673,355508,21.0,0.007,0.0094
43,429.5677417354832,353519,21.5,0.007,0.0094
44,429.5678845317274,351562,22.0,0.007,0.0094
45,429.5679253627341,349600,22.5,0.007,0.0094
46,429.56772328166716,347628,23.0,0.007,0.0094
47,429.56790608020685,345673,23.5,0.007,0.0094
48,429.5679176502133,343745,24.0,0.007,0.0094
49,429.5679182901855,341840,24.5,0.007,0.0094
50,429.5677411632631,339910,25.0,0.007,0.0094
51,429.56797194997534,337993,25.5,0.007,0.0094
52,429.5679081602384,336099,26.0,0.007,0.0094
53,429.56775934773833,334225,26.5,0.007,0.0094
54,429.5680107539349,332357,27.0,0.007,0.0094
55,429.5680139472258,330480,27.5,0.007,0.0094
56,429.567863172949,328624,28.0,0.007,0.0094
57,429.56793980322243,326785,28.5,0.007,0.0094
58,429.5678278318572,324961,29.0,0.007,0.0094
59,429.5679969946074,323135,29.5,0.007,0.0094
60,429.5679517913183,321320,30.0,0.007,0.0094
61,429.5680339534072,319517,30.5,0.007,0.0094
62,429.5677897080485,317727,31.0,0.007,0.0094
63,429.5679723441885,315959,31.5,0.007,0.0094
64,429.5679101120174,314185,32.0,0.007,0.0094
65,429.5679725470902,312419,32.5,0.007,0.0094
66,429.5680218268232,310668,33.0,0.007,0.0094
67,429.56779039058097,308941,33.5,0.007,0.0094
68,429.56798951800647,307218,34.0,0.007,0.0094
69,429.56801471899536,305491,34.5,0.007,0.0094
70,429.56800522463845,303782,35.0,0.007,0.0094
71,429.5678930744008,302092,35.5,0.007,0.0094
72,429.56795674905175,300415,36.0,0.007,0.0094
73,429.56797852262514,298733,36.5,0.007,0.0094
74,429.5678599500527,297067,37.0,0.007,0.0094
75,429.56798104339737,295411,37.5,0.007,0.0094
76,429.5677330642773,293769,38.0,0.007,0.0094
77,429.56777070676605,292145,38.5,0.007,0.0094
78,429.567812689922,290516,39.0,0.007,0.0094
79,429.56784243245784,288897,39.5,0.007,0.0094
80,429.56776174750644,287298,40.0,0.007,0.0094
81,429.99757231078996,443016,0.0,0.013,0.0094
82,429.56763688027115,442093,0.5,0.013,0.0094
83,429.56774859076904,441914,1.0,0.013,0.0094
84,429.5679179814428,441632,1.5,0.013,0.0094
85,429.5676774278749,441240,2.0,0.013,0.0094
86,429.56781271466497,440744,2.5,0.013,0.0094
87,429.56779280760924,440151,3.0,0.013,0.0094
88,429.56771172842855,439467,3.5,0.013,0.0094
89,429.5679009525516,438697,4.0,0.013,0.0094
90,429.56759286360426,437854,4.5,0.013,0.0094
91,429.5677354039803,436958,5.0,0.013,0.0094
92,429.5678755908462,436001,5.5,0.013,0.0094
93,429.5678765491822,434983,6.0,0.013,0.0094
94,429.5676187462068,433914,6.5,0.013,0.0094
95,429.5675988149264,432815,7.0,0.013,0.0094
96,429.5675984236952,431667,7.5,0.013,0.0094
97,429.5675997631378,430475,8.0,0.013,0.0094
98,429.56777874307676,429263,8.5,0.013,0.0094
99,429.5677776705345,428010,9.0,0.013,0.0094
100,429.56771060960523,426726,9.5,0.013,0.0094
101,429.56760441802135,425430,10.0,0.013,0.0094
102,429.5677420975594,424094,10.5,0.013,0.0094
103,429.5676048889725,422745,11.0,0.013,0.0094
104,429.56775534710636,421383,11.5,0.013,0.0094
105,429.5676740641884,419986,12.0,0.013,0.0094
106,429.5677376573923,418587,12.5,0.013,0.0094
107,429.5675930762097,417164,13.0,0.013,0.0094
108,429.56769251678094,415737,13.5,0.013,0.0094
109,429.56761868723424,414287,14.0,0.013,0.0094
110,429.56779523811633,412832,14.5,0.013,0.0094
111,429.56763520931923,411370,15.0,0.013,0.0094
112,429.5676582097512,409887,15.5,0.013,0.0094
113,429.56777190912163,408407,16.0,0.013,0.0094
114,429.5677496326128,406914,16.5,0.013,0.0094
115,429.56782456243764,405418,17.0,0.013,0.0094
116,429.56760231897755,403905,17.5,0.013,0.0094
117,429.5678214095113,402403,18.0,0.013,0.0094
118,429.5675749575226,400878,18.5,0.013,0.0094
119,429.56757582674084,399349,19.0,0.013,0.0094
120,429.5676104105884,397806,19.5,0.013,0.0094
121,429.5676282315811,396267,20.0,0.013,0.0094
122,429.5675960010248,394720,20.5,0.013,0.0094
123,429.5676763948098,393181,21.0,0.013,0.0094
124,429.56777617023795,391641,21.5,0.013,0.0094
125,429.56767059991944,390085,22.0,0.013,0.0094
126,429.5677536789008,388523,22.5,0.013,0.0094
127,429.5676752922224,386967,23.0,0.013,0.0094
128,429.5676897892586,385412,23.5,0.013,0.0094
129,429.5675967012714,383868,24.0,0.013,0.0094
130,429.5677394112788,382331,24.5,0.013,0.0094
131,429.5677105477327,380801,25.0,0.013,0.0094
132,429.56775150917383,379244,25.5,0.013,0.0094
133,429.56771558350187,377694,26.0,0.013,0.0094
134,429.56764670198504,376146,26.5,0.013,0.0094
135,429.56766616444264,374610,27.0,0.013,0.0094
136,429.5676320502965,373080,27.5,0.013,0.0094
137,429.5676005715566,371566,28.0,0.013,0.0094
138,429.567634455777,370043,28.5,0.013,0.0094
139,429.56765372439634,368512,29.0,0.013,0.0094
140,429.5677865586716,366984,29.5,0.013,0.0094
141,429.567646035763,365466,30.0,0.013,0.0094
142,429.5677634282808,363955,30.5,0.013,0.0094
143,429.5677004805219,362458,31.0,0.013,0.0094
144,429.56767643096816,360971,31.5,0.013,0.0094
145,429.5676451725749,359472,32.0,0.013,0.0094
146,429.56774111994406,357971,32.5,0.013,0.0094
147,429.56779238103394,356480,33.0,0.013,0.0094
148,429.5676176132723,354994,33.5,0.013,0.0094
149,429.5676649281375,353522,34.0,0.013,0.0094
150,429.567617981994,352059,34.5,0.013,0.0094
151,429.56764031225646,350608,35.0,0.013,0.0094
152,429.5677308954279,349140,35.5,0.013,0.0094
153,429.56769751721407,347680,36.0,0.013,0.0094
154,429.5677423316935,346227,36.5,0.013,0.0094
155,429.5676316281032,344784,37.0,0.013,0.0094
156,429.5677640408954,343352,37.5,0.013,0.0094
157,429.5677559029197,341932,38.0,0.013,0.0094
158,429.5676277479304,340513,38.5,0.013,0.0094
159,429.56765544172185,339088,39.0,0.013,0.0094
160,429.56761396380284,337671,39.5,0.013,0.0094
161,429.5676596474969,336262,40.0,0.013,0.0094
162,429.99717761175765,443016,0.0,0.029,0.0094
163,429.56726139359773,446964,0.5,0.029,0.0094
164,429.5671927682018,451185,1.0,0.029,0.0094
165,429.56728762306784,454849,1.5,0.029,0.0094
166,429.56733344853245,458052,2.0,0.029,0.0094
167,429.5674799431491,460871,2.5,0.029,0.0094
168,429.56742295982696,463377,3.0,0.029,0.0094
169,429.56735933914143,465591,3.5,0.029,0.0094
170,429.5674429706777,467565,4.0,0.029,0.0094
171,429.5673221582837,469313,4.5,0.029,0.0094
172,429.5673990502437,470864,5.0,0.029,0.0094
173,429.56727347707147,472238,5.5,0.029,0.0094
174,429.5672316594763,473469,6.0,0.029,0.0094
175,429.5673224311087,474535,6.5,0.029,0.0094
176,429.56735912118916,475471,7.0,0.029,0.0094
177,429.56722504414233,476261,7.5,0.029,0.0094
178,429.567209296916,476906,8.0,0.029,0.0094
179,429.5673026407939,477453,8.5,0.029,0.0094
180,429.56736206262053,477879,9.0,0.029,0.0094
181,429.56738386891544,478190,9.5,0.029,0.0094
182,429.5673456511942,478422,10.0,0.029,0.0094
183,429.5673137252198,478544,10.5,0.029,0.0094
184,429.5671842708932,478594,11.0,0.029,0.0094
185,429.5673172614117,478569,11.5,0.029,0.0094
186,429.5673088396206,478464,12.0,0.029,0.0094
187,429.5673724662322,478299,12.5,0.029,0.0094
188,429.56736461428045,478066,13.0,0.029,0.0094
189,429.56731304516757,477791,13.5,0.029,0.0094
190,429.56726549243353,477474,14.0,0.029,0.0094
191,429.5672917472926,477107,14.5,0.029,0.0094
192,429.56729099039006,476690,15.0,0.029,0.0094
193,429.56719268935564,476224,15.5,0.029,0.0094
194,429.56735956761105,475728,16.0,0.029,0.0094
195,429.56731316807935,475202,16.5,0.029,0.0094
196,429.5672213488152,474638,17.0,0.029,0.0094
197,429.5672433012075,474037,17.5,0.029,0.0094
198,429.5673137076776,473399,18.0,0.029,0.0094
199,429.567344978832,472737,18.5,0.029,0.0094
200,429.5673125412289,472062,19.0,0.029,0.0094
201,429.56725905576764,471361,19.5,0.029,0.0094
202,429.56730563837135,470635,20.0,0.029,0.0094
203,429.56719548561205,469883,20.5,0.029,0.0094
204,429.56727422723975,469113,21.0,0.029,0.0094
205,429.56723136266106,468336,21.5,0.029,0.0094
206,429.5672189419603,467542,22.0,0.029,0.0094
207,429.56732815421213,466732,22.5,0.029,0.0094
208,429.567283715358,465905,23.0,0.029,0.0094
209,429.567282275124,465064,23.5,0.029,0.0094
210,429.567223047844,464219,24.0,0.029,0.0094
211,429.5673410944813,463364,24.5,0.029,0.0094
212,429.56721235964943,462497,25.0,0.029,0.0094
213,429.5673127302384,461621,25.5,0.029,0.0094
214,429.5671996859768,460734,26.0,0.029,0.0094
215,429.5672273546991,459845,26.5,0.029,0.0094
216,429.5672426748532,458949,27.0,0.029,0.0094
217,429.5672321106173,458046,27.5,0.029,0.0094
218,429.56730296733457,457137,28.0,0.029,0.0094
219,429.5673375558617,456222,28.5,0.029,0.0094
220,429.5672472030103,455304,29.0,0.029,0.0094
221,429.56723153962486,454383,29.5,0.029,0.0094
222,429.5673345062397,453459,30.0,0.029,0.0094
223,429.5673121190266,452531,30.5,0.029,0.0094
224,429.567309690452,451600,31.0,0.029,0.0094
225,429.56725422425757,450666,31.5,0.029,0.0094
226,429.5672750901967,449730,32.0,0.029,0.0094
227,429.5673298114202,448792,32.5,0.029,0.0094
228,429.5672292600632,447851,33.0,0.029,0.0094
229,429.56719909013356,446909,33.5,0.029,0.0094
230,429.56733775616794,445967,34.0,0.029,0.0094
231,429.5672385865696,445023,34.5,0.029,0.0094
232,429.56720165900015,444079,35.0,0.029,0.0094
233,429.56735028879285,443136,35.5,0.029,0.0094
234,429.56727293564467,442192,36.0,0.029,0.0094
235,429.5672949587503,441249,36.5,0.029,0.0094
236,429.5672581564916,440304,37.0,0.029,0.0094
237,429.56719398626785,439359,37.5,0.029,0.0094
238,429.5673075897609,438416,38.0,0.029,0.0094
239,429.56720058467283,437473,38.5,0.029,0.0094
240,429.56718472641904,436532,39.0,0.029,0.0094
241,429.567198562561,435593,39.5,0.029,0.0094
242,429.56721160344154,434656,40.0,0.029,0.0094
243,429.99747363539205,443016,0.0,0.017,0.0094
244,429.56791985126915,443324,0.5,0.017,0.0094
245,429.5677539447055,444297,1.0,0.017,0.0094
246,429.5674777942502,445065,1.5,0.017,0.0094
247,429.56760584899854,445657,2.0,0.017,0.0094
248,429.5675206202774,446063,2.5,0.017,0.0094
249,429.5677447049467,446307,3.0,0.017,0.0094
250,429.56778264855336,446422,3.5,0.017,0.0094
251,429.56773601049304,446412,4.0,0.017,0.0094
252,429.5674977126515,446287,4.5,0.017,0.0094
253,429.5677260808998,446069,5.0,0.017,0.0094
254,429.56775515972555,445770,5.5,0.017,0.0094
255,429.5676918781622,445385,6.0,0.017,0.0094
256,429.5676468777059,444934,6.5,0.017,0.0094
257,429.56748394594774,444406,7.0,0.017,0.0094
258,429.5676869086208,443819,7.5,0.017,0.0094
259,429.56762914508494,443174,8.0,0.017,0.0094
260,429.5675728755644,442471,8.5,0.017,0.0094
261,429.5675589924999,441723,9.0,0.017,0.0094
262,429.567509879139,440927,9.5,0.017,0.0094
263,429.5676310622843,440096,10.0,0.017,0.0094
264,429.5675810065275,439227,10.5,0.017,0.0094
265,429.5676166762126,438321,11.0,0.017,0.0094
266,429.5675513279527,437381,11.5,0.017,0.0094
267,429.5674772409455,436406,12.0,0.017,0.0094
268,429.5675030171292,435405,12.5,0.017,0.0094
269,429.5674770479101,434379,13.0,0.017,0.0094
270,429.5676673956753,433326,13.5,0.017,0.0094
271,429.5676696620295,432243,14.0,0.017,0.0094
272,429.5675976481535,431138,14.5,0.017,0.0094
273,429.56752968051364,430017,15.0,0.017,0.0094
274,429.56760123456723,428876,15.5,0.017,0.0094
275,429.567516355235,427710,16.0,0.017,0.0094
276,429.5675695967315,426531,16.5,0.017,0.0094
277,429.56750613927835,425339,17.0,0.017,0.0094
278,429.5675203247832,424129,17.5,0.017,0.0094
279,429.5676013211023,422908,18.0,0.017,0.0094
280,429.5674895131566,421676,18.5,0.017,0.0094
281,429.56758622943727,420429,19.0,0.017,0.0094
282,429.56753143979194,419169,19.5,0.017,0.0094
283,429.5676614781919,417908,20.0,0.017,0.0094
284,429.56754965052187,416638,20.5,0.017,0.0094
285,429.56766710532906,415352,21.0,0.017,0.0094
286,429.5675828349265,414063,21.5,0.017,0.0094
287,429.56757771441914,412767,22.0,0.017,0.0094
288,429.5676771114982,411465,22.5,0.017,0.0094
289,429.567603826771,410165,23.0,0.017,0.0094
290,429.56766606823516,408851,23.5,0.017,0.0094
291,429.5674930125249,407531,24.0,0.017,0.0094
292,429.5676859908276,406215,24.5,0.017,0.0094
293,429.5676468371332,404893,25.0,0.017,0.0094
294,429.56752956320156,403571,25.5,0.017,0.0094
295,429.56760540865235,402244,26.0,0.017,0.0094
296,429.5676199873603,400911,26.5,0.017,0.0094
297,429.5675501055678,399581,27.0,0.017,0.0094
298,429.56764271403745,398254,27.5,0.017,0.0094
299,429.5675387157088,396922,28.0,0.017,0.0094
300,429.5675577138984,395589,28.5,0.017,0.0094
301,429.56758516939226,394255,29.0,0.017,0.0094
302,429.5676349069451,392922,29.5,0.017,0.0094
303,429.5676052824465,391595,30.0,0.017,0.0094
304,429.56765594107026,390263,30.5,0.017,0.0094
305,429.5674928553759,388925,31.0,0.017,0.0094
306,429.567641586901,387590,31.5,0.017,0.0094
307,429.56758698675696,386252,32.0,0.017,0.0094
308,429.5676451574851,384920,32.5,0.017,0.0094
309,429.56750836391984,383589,33.0,0.017,0.0094
310,429.5674764996333,382262,33.5,0.017,0.0094
311,429.5676633182766,380944,34.0,0.017,0.0094
312,429.56747883816354,379620,34.5,0.017,0.0094
313,429.56751811917314,378293,35.0,0.017,0.0094
314,429.56753416292304,376970,35.5,0.017,0.0094
315,429.5675530620301,375649,36.0,0.017,0.0094
316,429.5675282807227,374336,36.5,0.017,0.0094
317,429.5675558389148,373028,37.0,0.017,0.0094
318,429.5674888294202,371727,37.5,0.017,0.0094
319,429.5675941875399,370437,38.0,0.017,0.0094
320,429.56755193723586,369143,38.5,0.017,0.0094
321,429.5676241241866,367844,39.0,0.017,0.0094
322,429.56750209366663,366549,39.5,0.017,0.0094
323,429.56756646355973,365259,40.0,0.017,0.0094
324,429.9978190010697,443016,0.0,0.003,0.0094
325,429.567870758529,438997,0.5,0.003,0.0094
326,429.56827468301924,435820,1.0,0.003,0.0094
327,429.5681396371333,432661,1.5,0.003,0.0094
328,429.56782182073954,429526,2.0,0.003,0.0094
329,429.5678225879329,426431,2.5,0.003,0.0094
330,429.56812226444856,423357,3.0,0.003,0.0094
331,429.5680418167266,420303,3.5,0.003,0.0094
332,429.5682603610384,417266,4.0,0.003,0.0094
333,429.56805461699787,414231,4.5,0.003,0.0094
334,429.56817936994014,411223,5.0,0.003,0.0094
335,429.5680551008015,408236,5.5,0.003,0.0094
336,429.56824323176306,405279,6.0,0.003,0.0094
337,429.5680139115793,402352,6.5,0.003,0.0094
338,429.56798770499694,399426,7.0,0.003,0.0094
339,429.56804152418187,396534,7.5,0.003,0.0094
340,429.5678366321293,393655,8.0,0.003,0.0094
341,429.5680684711063,390793,8.5,0.003,0.0094
342,429.56801696223533,387966,9.0,0.003,0.0094
343,429.56809171216304,385148,9.5,0.003,0.0094
344,429.5681887223135,382364,10.0,0.003,0.0094
345,429.5678930742244,379598,10.5,0.003,0.0094
346,429.56793859784426,376845,11.0,0.003,0.0094
347,429.56825380366905,374126,11.5,0.003,0.0094
348,429.56809991508925,371408,12.0,0.003,0.0094
349,429.56821142782053,368718,12.5,0.003,0.0094
350,429.5680213678266,366050,13.0,0.003,0.0094
351,429.5678954367701,363392,13.5,0.003,0.0094
352,429.56806832147316,360766,14.0,0.003,0.0094
353,429.5679487822977,358148,14.5,0.003,0.0094
354,429.56784305285527,355555,15.0,0.003,0.0094
355,429.56808711461736,352990,15.5,0.003,0.0094
356,429.568231851908,350434,16.0,0.003,0.0094
357,429.5679091338694,347906,16.5,0.003,0.0094
358,429.56797284388546,345392,17.0,0.003,0.0094
359,429.567964461422,342896,17.5,0.003,0.0094
360,429.56814760867894,340427,18.0,0.003,0.0094
361,429.5679206960568,337964,18.5,0.003,0.0094
362,429.5679992360737,335528,19.0,0.003,0.0094
363,429.5678731018357,333108,19.5,0.003,0.0094
364,429.5680876472555,330704,20.0,0.003,0.0094
365,429.5681939009009,328327,20.5,0.003,0.0094
366,429.568198113585,325956,21.0,0.003,0.0094
367,429.5679932188658,323609,21.5,0.003,0.0094
368,429.56787746588634,321281,22.0,0.003,0.0094
369,429.5678931558545,318966,22.5,0.003,0.0094
370,429.5678325153668,316677,23.0,0.003,0.0094
371,429.5679994397449,314397,23.5,0.003,0.0094
372,429.568129905688,312138,24.0,0.003,0.0094
373,429.56810526083086,309899,24.5,0.003,0.0094
374,429.5681347082948,307671,25.0,0.003,0.0094
375,429.5681800917154,305467,25.5,0.003,0.0094
376,429.5680600730578,303274,26.0,0.003,0.0094
377,429.5680007482765,301099,26.5,0.003,0.0094
378,429.56788311734124,298945,27.0,0.003,0.0094
379,429.5678893506959,296801,27.5,0.003,0.0094
380,429.5680268811416,294680,28.0,0.003,0.0094
381,429.56796646662883,292573,28.5,0.003,0.0094
382,429.5682325597026,290483,29.0,0.003,0.0094
383,429.5679618840114,288415,29.5,0.003,0.0094
384,429.56823938344337,286357,30.0,0.003,0.0094
385,429.56824725765443,284319,30.5,0.003,0.0094
386,429.56788402182934,282295,31.0,0.003,0.0094
387,429.5680907034591,280285,31.5,0.003,0.0094
388,429.56817718725637,278296,32.0,0.003,0.0094
389,429.5678585804948,276300,32.5,0.003,0.0094
390,429.5680521230388,274317,33.0,0.003,0.0094
391,429.5679146699607,272349,33.5,0.003,0.0094
392,429.5679810420914,270401,34.0,0.003,0.0094
393,429.5681469206026,268477,34.5,0.003,0.0094
394,429.5678947971071,266552,35.0,0.003,0.0094
395,429.568231807352,264647,35.5,0.003,0.0094
396,429.56786725029144,262763,36.0,0.003,0.0094
397,429.5680280861509,260904,36.5,0.003,0.0094
398,429.5682028316828,259061,37.0,0.003,0.0094
399,429.5679968365887,257211,37.5,0.003,0.0094
400,429.5678907124893,255379,38.0,0.003,0.0094
401,429.5682260932445,253569,38.5,0.003,0.0094
402,429.5681940440608,251784,39.0,0.003,0.0094
403,429.5682063243136,250006,39.5,0.003,0.0094
404,429.56790141407043,248235,40.0,0.003,0.0094
405,429.9974242978508,443016,0.0,0.019,0.0094
406,429.5676061000431,443940,0.5,0.019,0.0094
407,429.56753325154676,445469,1.0,0.019,0.0094
408,429.567576345886,446746,1.5,0.019,0.0094
409,429.567529537467,447805,2.0,0.019,0.0094
410,429.5676333064785,448638,2.5,0.019,0.0094
411,429.5675413732879,449291,3.0,0.019,0.0094
412,429.56749678015507,449776,3.5,0.019,0.0094
413,429.567715251822,450107,4.0,0.019,0.0094
414,429.56763227372085,450330,4.5,0.019,0.0094
415,429.5674917754305,450447,5.0,0.019,0.0094
416,429.56765875677854,450458,5.5,0.019,0.0094
417,429.5676507948373,450369,6.0,0.019,0.0094
418,429.56752915194994,450187,6.5,0.019,0.0094
419,429.56768824324087,449932,7.0,0.019,0.0094
420,429.5675288784701,449598,7.5,0.019,0.0094
421,429.5675831314498,449204,8.0,0.019,0.0094
422,429.56764998266004,448743,8.5,0.019,0.0094
423,429.5674961143421,448229,9.0,0.019,0.0094
424,429.5676113921721,447659,9.5,0.019,0.0094
425,429.5676624653079,447050,10.0,0.019,0.0094
426,429.56765813555836,446395,10.5,0.019,0.0094
427,429.5675017900212,445694,11.0,0.019,0.0094
428,429.5675095902621,444949,11.5,0.019,0.0094
429,429.5674480557448,444170,12.0,0.019,0.0094
430,429.5675205691716,443354,12.5,0.019,0.0094
431,429.56748448646835,442499,13.0,0.019,0.0094
432,429.56753140357034,441608,13.5,0.019,0.0094
433,429.5675398475397,440692,14.0,0.019,0.0094
434,429.56759396512984,439753,14.5,0.019,0.0094
435,429.56743929380474,438786,15.0,0.019,0.0094
436,429.56748433816546,437792,15.5,0.019,0.0094
437,429.56762477929306,436773,16.0,0.019,0.0094
438,429.5674336399119,435735,16.5,0.019,0.0094
439,429.5674848391268,434681,17.0,0.019,0.0094
440,429.56755405723226,433609,17.5,0.019,0.0094
441,429.5676141893184,432517,18.0,0.019,0.0094
442,429.56747096189025,431407,18.5,0.019,0.0094
443,429.5675686057363,430287,19.0,0.019,0.0094
444,429.56761215832523,429155,19.5,0.019,0.0094
445,429.56758244393745,428008,20.0,0.019,0.0094
446,429.5675838824434,426847,20.5,0.019,0.0094
447,429.5674390411365,425678,21.0,0.019,0.0094
448,429.5675554276259,424502,21.5,0.019,0.0094
449,429.5675978939395,423314,22.0,0.019,0.0094
450,429.567511484087,422117,22.5,0.019,0.0094
451,429.5675140931184,420915,23.0,0.019,0.0094
452,429.5675288638045,419706,23.5,0.019,0.0094
453,429.5674511967655,418488,24.0,0.019,0.0094
454,429.56753176555156,417268,24.5,0.019,0.0094
455,429.5675301215048,416039,25.0,0.019,0.0094
456,429.5675101642475,414801,25.5,0.019,0.0094
457,429.56762368428986,413560,26.0,0.019,0.0094
458,429.56760505736776,412317,26.5,0.019,0.0094
459,429.56754902468873,411069,27.0,0.019,0.0094
460,429.5674734308166,409818,27.5,0.019,0.0094
461,429.56755233974866,408570,28.0,0.019,0.0094
462,429.5675622631855,407318,28.5,0.019,0.0094
463,429.5675882744865,406055,29.0,0.019,0.0094
464,429.56750252034834,404793,29.5,0.019,0.0094
465,429.567612316231,403532,30.0,0.019,0.0094
466,429.567490954985,402268,30.5,0.019,0.0094
467,429.5675064058098,401009,31.0,0.019,0.0094
468,429.56761920892575,399754,31.5,0.019,0.0094
469,429.5674631280514,398499,32.0,0.019,0.0094
470,429.56755498288675,397247,32.5,0.019,0.0094
471,429.5675801171579,395985,33.0,0.019,0.0094
472,429.5675726113943,394722,33.5,0.019,0.0094
473,429.56753225141387,393463,34.0,0.019,0.0094
474,429.56746957559676,392208,34.5,0.019,0.0094
475,429.56757644367684,390956,35.0,0.019,0.0094
476,429.5675698505145,389710,35.5,0.019,0.0094
477,429.56757683090206,388471,36.0,0.019,0.0094
478,429.56751397971817,387231,36.5,0.019,0.0094
479,429.5674281835782,385983,37.0,0.019,0.0094
480,429.5675028142333,384740,37.5,0.019,0.0094
481,429.56752721739116,383499,38.0,0.019,0.0094
482,429.5675927615886,382264,38.5,0.019,0.0094
483,429.5675640215114,381035,39.0,0.019,0.0094
484,429.5675911889987,379811,39.5,0.019,0.0094
485,429.5676128300825,378595,40.0,0.019,0.0094
486,429.99722694875817,443016,0.0,0.027,0.0094
487,429.56758771557287,446367,0.5,0.027,0.0094
488,429.5676035198387,450048,1.0,0.027,0.0094
489,429.5673670951092,453283,1.5,0.027,0.0094
490,429.56733667276256,456060,2.0,0.027,0.0094
491,429.5674811234151,458491,2.5,0.027,0.0094
492,429.5674889247559,460650,3.0,0.027,0.0094
493,429.56726258395787,462558,3.5,0.027,0.0094
494,429.56749650213857,464224,4.0,0.027,0.0094
495,429.5674800802916,465682,4.5,0.027,0.0094
496,429.56740046638345,466963,5.0,0.027,0.0094
497,429.56742577134395,468078,5.5,0.027,0.0094
498,429.5674640091511,469052,6.0,0.027,0.0094
499,429.56731893043906,469900,6.5,0.027,0.0094
500,429.5672864111378,470627,7.0,0.027,0.0094
501,429.5672393931487,471220,7.5,0.027,0.0094
502,429.5673734513547,471720,8.0,0.027,0.0094
503,429.56736604673284,472083,8.5,0.027,0.0094
504,429.56725469525713,472359,9.0,0.027,0.0094
505,429.56740873650705,472547,9.5,0.027,0.0094
506,429.5672866583838,472625,10.0,0.027,0.0094
507,429.56729459469267,472640,10.5,0.027,0.0094
508,429.567378310589,472580,11.0,0.027,0.0094
509,429.5673651728566,472434,11.5,0.027,0.0094
510,429.5673420641239,472235,12.0,0.027,0.0094
511,429.56728393712405,471970,12.5,0.027,0.0094
512,429.56742537355194,471646,13.0,0.027,0.0094
513,429.5673011981326,471278,13.5,0.027,0.0094
514,429.567233008763,470856,14.0,0.027,0.0094
515,429.5673265005862,470392,14.5,0.027,0.0094
516,429.5673364447715,469898,15.0,0.027,0.0094
517,429.5674109851228,469366,15.5,0.027,0.0094
518,429.56729932748453,468795,16.0,0.027,0.0094
519,429.56727910081827,468187,16.5,0.027,0.0094
520,429.56728438782625,467542,17.0,0.027,0.0094
521,429.567279405843,466880,17.5,0.027,0.0094
522,429.56740626076476,466192,18.0,0.027,0.0094
523,429.56735369500853,465474,18.5,0.027,0.0094
524,429.5674165155675,464728,19.0,0.027,0.0094
525,429.56727885142135,463953,19.5,0.027,0.0094
526,429.5672744005767,463157,20.0,0.027,0.0094
527,429.56733304450137,462355,20.5,0.027,0.0094
528,429.56728268812714,461533,21.0,0.027,0.0094
529,429.56741041346334,460693,21.5,0.027,0.0094
530,429.5672661766894,459833,22.0,0.027,0.0094
531,429.56733753724274,458956,22.5,0.027,0.0094
532,429.56725912289875,458070,23.0,0.027,0.0094
533,429.5672362375106,457176,23.5,0.027,0.0094
534,429.56737961682205,456271,24.0,0.027,0.0094
535,429.5674112005842,455354,24.5,0.027,0.0094
536,429.56740947917416,454426,25.0,0.027,0.0094
537,429.5673935090383,453488,25.5,0.027,0.0094
538,429.56732504491794,452547,26.0,0.027,0.0094
539,429.56735544928677,451599,26.5,0.027,0.0094
540,429.5672573821503,450643,27.0,0.027,0.0094
541,429.56736359644106,449681,27.5,0.027,0.0094
542,429.56729258956045,448712,28.0,0.027,0.0094
543,429.56740000159357,447740,28.5,0.027,0.0094
544,429.56731133555826,446764,29.0,0.027,0.0094
545,429.56735255604883,445785,29.5,0.027,0.0094
546,429.5673088238742,444802,30.0,0.027,0.0094
547,429.5673037998939,443816,30.5,0.027,0.0094
548,429.5673260584041,442827,31.0,0.027,0.0094
549,429.56731068020986,441835,31.5,0.027,0.0094
550,429.56726890349535,440841,32.0,0.027,0.0094
551,429.56732596815255,439846,32.5,0.027,0.0094
552,429.5672340990408,438849,33.0,0.027,0.0094
553,429.56731917876493,437852,33.5,0.027,0.0094
554,429.5673554331046,436854,34.0,0.027,0.0094
555,429.56732737520963,435855,34.5,0.027,0.0094
556,429.5673417749734,434857,35.0,0.027,0.0094
557,429.56724572837004,433856,35.5,0.027,0.0094
558,429.5673752840175,432856,36.0,0.027,0.0094
559,429.5672427964753,431855,36.5,0.027,0.0094
560,429.56734156150526,430856,37.0,0.027,0.0094
561,429.56730046679917,429857,37.5,0.027,0.0094
562,429.56724474723273,428860,38.0,0.027,0.0094
563,429.5672890316052,427866,38.5,0.027,0.0094
564,429.5673653681505,426875,39.0,0.027,0.0094
565,429.56724698878526,425880,39.5,0.027,0.0094
566,429.5673881413364,424887,40.0,0.027,0.0094
567,429.997670986602,443016,0.0,0.009,0.0094
568,429.5679925110403,440859,0.5,0.009,0.0094
569,429.56791730775996,439497,1.0,0.009,0.0094
570,429.567847906449,438104,1.5,0.009,0.0094
571,429.56776440588516,436656,2.0,0.009,0.0094
572,429.56808059348566,435188,2.5,0.009,0.0094
573,429.5680034541132,433664,3.0,0.009,0.0094
574,429.56775377915244,432119,3.5,0.009,0.0094
575,429.56800272202105,430526,4.0,0.009,0.0094
576,429.56792353673137,428897,4.5,0.009,0.0094
577,429.56772061883015,427236,5.0,0.009,0.0094
578,429.5679362750124,425541,5.5,0.009,0.0094
579,429.5679123844842,423834,6.0,0.009,0.0094
580,429.56789617179385,422098,6.5,0.009,0.0094
581,429.5678860753123,420352,7.0,0.009,0.0094
582,429.56790309301977,418588,7.5,0.009,0.0094
583,429.56782748225066,416803,8.0,0.009,0.0094
584,429.56791750678667,415016,8.5,0.009,0.0094
585,429.56775154197527,413207,9.0,0.009,0.0094
586,429.5679549482053,411397,9.5,0.009,0.0094
587,429.5677033308349,409581,10.0,0.009,0.0094
588,429.56775013223745,407740,10.5,0.009,0.0094
589,429.5677606577364,405914,11.0,0.009,0.0094
590,429.56782326871127,404072,11.5,0.009,0.0094
591,429.56785737560773,402221,12.0,0.009,0.0094
592,429.56784154735743,400383,12.5,0.009,0.0094
593,429.56797447123654,398509,13.0,0.009,0.0094
594,429.5677672185115,396631,13.5,0.009,0.0094
595,429.5679553164388,394761,14.0,0.009,0.0094
596,429.5676848018042,392884,14.5,0.009,0.0094
597,429.5678493239872,391014,15.0,0.009,0.0094
598,429.56776441620895,389129,15.5,0.009,0.0094
599,429.56794715210725,387241,16.0,0.009,0.0094
600,429.56782531449977,385366,16.5,0.009,0.0094
601,429.5677426188987,383515,17.0,0.009,0.0094
602,429.5677531229205,381655,17.5,0.009,0.0094
603,429.5679495750512,379778,18.0,0.009,0.0094
604,429.567746873711,377916,18.5,0.009,0.0094
605,429.5678638416172,376060,19.0,0.009,0.0094
606,429.567956889354,374224,19.5,0.009,0.0094
607,429.5679027697296,372390,20.0,0.009,0.0094
608,429.567696170527,370536,20.5,0.009,0.0094
609,429.567813098283,368695,21.0,0.009,0.0094
610,429.5678103682987,366876,21.5,0.009,0.0094
611,429.5677266110729,365067,22.0,0.009,0.0094
612,429.56774031479955,363250,22.5,0.009,0.0094
613,429.56792351401305,361438,23.0,0.009,0.0094
614,429.56791686264745,359629,23.5,0.009,0.0094
615,429.56779663940245,357836,24.0,0.009,0.0094
616,429.56787452302285,356069,24.5,0.009,0.0094
617,429.5678298219185,354280,25.0,0.009,0.0094
618,429.56768083871447,352497,25.5,0.009,0.0094
619,429.5678621092336,350733,26.0,0.009,0.0094
620,429.5679277983746,348976,26.5,0.009,0.0094
621,429.5677920041301,347240,27.0,0.009,0.0094
622,429.56792269788394,345492,27.5,0.009,0.0094
623,429.5678974919111,343746,28.0,0.009,0.0094
624,429.56775593791946,342017,28.5,0.009,0.0094
625,429.56794045060826,340306,29.0,0.009,0.0094
626,429.5676900816127,338601,29.5,0.009,0.0094
627,429.56768299941507,336892,30.0,0.009,0.0094
628,429.5677046742601,335192,30.5,0.009,0.0094
629,429.5678575263153,333501,31.0,0.009,0.0094
630,429.5678964845645,331832,31.5,0.009,0.0094
631,429.5679016642176,330168,32.0,0.009,0.0094
632,429.56774810158197,328496,32.5,0.009,0.0094
633,429.56787045751315,326842,33.0,0.009,0.0094
634,429.56787092996814,325194,33.5,0.009,0.0094
635,429.5677008466147,323563,34.0,0.009,0.0094
636,429.56775322833937,321942,34.5,0.009,0.0094
637,429.56779652899866,320313,35.0,0.009,0.0094
638,429.567899090559,318701,35.5,0.009,0.0094
639,429.5678776037201,317099,36.0,0.009,0.0094
640,429.56792080749153,315510,36.5,0.009,0.0094
641,429.56768080703984,313929,37.0,0.009,0.0094
642,429.56781770172483,312345,37.5,0.009,0.0094
643,429.567916374774,310775,38.0,0.009,0.0094
644,429.56767811353586,309218,38.5,0.009,0.0094
645,429.56792547738297,307673,39.0,0.009,0.0094
646,429.56780643654344,306133,39.5,0.009,0.0094
647,429.56768602397227,304593,40.0,0.009,0.0094
648,429.997325623088,443016,0.0,0.023,0.0094
649,429.5675588508744,445143,0.5,0.023,0.0094
650,429.5673445197814,447780,1.0,0.023,0.0094
651,429.56734064177977,450053,1.5,0.023,0.0094
652,429.5675504607452,451991,2.0,0.023,0.0094
653,429.56759375310884,453646,2.5,0.023,0.0094
654,429.5673545084692,455066,3.0,0.023,0.0094
655,429.56761018808015,456291,3.5,0.023,0.0094
656,429.5673674835622,457325,4.0,0.023,0.0094
657,429.56754845092416,458192,4.5,0.023,0.0094
658,429.56758167094773,458908,5.0,0.023,0.0094
659,429.5675109302644,459486,5.5,0.023,0.0094
660,429.56756050899315,459949,6.0,0.023,0.0094
661,429.56747907428155,460288,6.5,0.023,0.0094
662,429.56741519122113,460538,7.0,0.023,0.0094
663,429.5674750296475,460703,7.5,0.023,0.0094
664,429.5674113456041,460782,8.0,0.023,0.0094
665,429.5675570031634,460777,8.5,0.023,0.0094
666,429.5675329651489,460699,9.0,0.023,0.0094
667,429.5674832122067,460555,9.5,0.023,0.0094
668,429.56747113209406,460331,10.0,0.023,0.0094
669,429.56751191040564,460029,10.5,0.023,0.0094
670,429.5673705993465,459686,11.0,0.023,0.0094
671,429.5674591189611,459283,11.5,0.023,0.0094
672,429.5673699007459,458818,12.0,0.023,0.0094
673,429.5674126828027,458310,12.5,0.023,0.0094
674,429.5673481434176,457760,13.0,0.023,0.0094
675,429.567522501095,457163,13.5,0.023,0.0094
676,429.56744963242903,456522,14.0,0.023,0.0094
677,429.567435468821,455852,14.5,0.023,0.0094
678,429.5675272830923,455145,15.0,0.023,0.0094
679,429.5673990292045,454400,15.5,0.023,0.0094
680,429.5674820898599,453632,16.0,0.023,0.0094
681,429.56744527988195,452835,16.5,0.023,0.0094
682,429.5673819163014,452009,17.0,0.023,0.0094
683,429.567503230255,451162,17.5,0.023,0.0094
684,429.56748850700336,450297,18.0,0.023,0.0094
685,429.567406648048,449410,18.5,0.023,0.0094
686,429.56752076574884,448503,19.0,0.023,0.0094
687,429.567471773652,447576,19.5,0.023,0.0094
688,429.56743716384887,446631,20.0,0.023,0.0094
689,429.56751420089955,445669,20.5,0.023,0.0094
690,429.5673893572578,444695,21.0,0.023,0.0094
691,429.5673436508662,443708,21.5,0.023,0.0094
692,429.56733621016974,442706,22.0,0.023,0.0094
693,429.56741912023716,441690,22.5,0.023,0.0094
694,429.5674385785232,440662,23.0,0.023,0.0094
695,429.5673694784283,439623,23.5,0.023,0.0094
696,429.5673491282508,438574,24.0,0.023,0.0094
697,429.5674178859867,437520,24.5,0.023,0.0094
698,429.5674625229757,436456,25.0,0.023,0.0094
699,429.5674712015402,435384,25.5,0.023,0.0094
700,429.56744159369043,434306,26.0,0.023,0.0094
701,429.5673285173806,433222,26.5,0.023,0.0094
702,429.5675130126397,432134,27.0,0.023,0.0094
703,429.56735009843675,431038,27.5,0.023,0.0094
704,429.5673628921343,429938,28.0,0.023,0.0094
705,429.5673688860167,428835,28.5,0.023,0.0094
706,429.56734828451033,427729,29.0,0.023,0.0094
707,429.56734542787154,426620,29.5,0.023,0.0094
708,429.5673783365332,425508,30.0,0.023,0.0094
709,429.5674594820485,424396,30.5,0.023,0.0094
710,429.5674641581705,423282,31.0,0.023,0.0094
711,429.5674429733224,422164,31.5,0.023,0.0094
712,429.5674483251452,421044,32.0,0.023,0.0094
713,429.567498042954,419924,32.5,0.023,0.0094
714,429.56749780709794,418805,33.0,0.023,0.0094
715,429.56745046788296,417687,33.5,0.023,0.0094
716,429.5674284385719,416570,34.0,0.023,0.0094
717,429.5673883351541,415450,34.5,0.023,0.0094
718,429.5674732157325,414330,35.0,0.023,0.0094
719,429.5674486161375,413211,35.5,0.023,0.0094
720,429.5673903153007,412093,36.0,0.023,0.0094
721,429.5674208321658,410977,36.5,0.023,0.0094
722,429.5675034372692,409865,37.0,0.023,0.0094
723,429.56743342884937,408756,37.5,0.023,0.0094
724,429.5674886146173,407644,38.0,0.023,0.0094
725,429.5674821953464,406532,38.5,0.023,0.0094
726,429.567425795451,405423,39.0,0.023,0.0094
727,429.5674544485594,404318,39.5,0.023,0.0094
728,429.5674130638755,403216,40.0,0.023,0.0094
729,429.9976216486448,443016,0.0,0.011,0.0094
730,429.56778603971344,441481,0.5,0.011,0.0094
731,429.5680546147616,440713,1.0,0.011,0.0094
732,429.5677114963928,439868,1.5,0.011,0.0094
733,429.56793880148706,438970,2.0,0.011,0.0094
734,429.5679453484594,438000,2.5,0.011,0.0094
735,429.56782013149376,436949,3.0,0.011,0.0094
736,429.5677344132841,435832,3.5,0.011,0.0094
737,429.5678352054359,434671,4.0,0.011,0.0094
738,429.5678985107047,433441,4.5,0.011,0.0094
739,429.5676819193904,432174,5.0,0.011,0.0094
740,429.56792896306763,430865,5.5,0.011,0.0094
741,429.56766241248306,429506,6.0,0.011,0.0094
742,429.5677728897029,428130,6.5,0.011,0.0094
743,429.56763192321864,426705,7.0,0.011,0.0094
744,429.5676903685888,425268,7.5,0.011,0.0094
745,429.5676845963523,423793,8.0,0.011,0.0094
746,429.56769873988816,422303,8.5,0.011,0.0094
747,429.56780327861196,420784,9.0,0.011,0.0094
748,429.5676871840181,419241,9.5,0.011,0.0094
749,429.56772208445216,417674,10.0,0.011,0.0094
750,429.56788030088006,416100,10.5,0.011,0.0094
751,429.5676612865074,414503,11.0,0.011,0.0094
752,429.5679128777074,412893,11.5,0.011,0.0094
753,429.5677754139883,411264,12.0,0.011,0.0094
754,429.5678910417961,409647,12.5,0.011,0.0094
755,429.56778676214964,408009,13.0,0.011,0.0094
756,429.5678728353244,406363,13.5,0.011,0.0094
757,429.56774014576024,404700,14.0,0.011,0.0094
758,429.5676793734177,403053,14.5,0.011,0.0094
759,429.5678346916616,401394,15.0,0.011,0.0094
760,429.56763594184804,399722,15.5,0.011,0.0094
761,429.5677019825827,398048,16.0,0.011,0.0094
762,429.56787493609727,396378,16.5,0.011,0.0094
763,429.567802608728,394714,17.0,0.011,0.0094
764,429.56770937150196,393025,17.5,0.011,0.0094
765,429.567871870929,391351,18.0,0.011,0.0094
766,429.56769928562466,389671,18.5,0.011,0.0094
767,429.5678575463588,388005,19.0,0.011,0.0094
768,429.5678191704066,386319,19.5,0.011,0.0094
769,429.56777868322916,384639,20.0,0.011,0.0094
770,429.5677223280212,382969,20.5,0.011,0.0094
771,429.56782204460933,381298,21.0,0.011,0.0094
772,429.5676558580615,379625,21.5,0.011,0.0094
773,429.56762536375356,377948,22.0,0.011,0.0094
774,429.56770469240286,376288,22.5,0.011,0.0094
775,429.56765965429076,374628,23.0,0.011,0.0094
776,429.56775648695964,372962,23.5,0.011,0.0094
777,429.56768533258537,371304,24.0,0.011,0.0094
778,429.5676969206797,369649,24.5,0.011,0.0094
779,429.5677897352707,368010,25.0,0.011,0.0094
780,429.56763577245033,366355,25.5,0.011,0.0094
781,429.56776662994895,364715,26.0,0.011,0.0094
782,429.5678028127324,363079,26.5,0.011,0.0094
783,429.56776547094717,361452,27.0,0.011,0.0094
784,429.5678422114061,359823,27.5,0.011,0.0094
785,429.56768844627555,358195,28.0,0.011,0.0094
786,429.5676345449388,356584,28.5,0.011,0.0094
787,429.5678628373575,354974,29.0,0.011,0.0094
788,429.56763006767136,353354,29.5,0.011,0.0094
789,429.56762534056423,351733,30.0,0.011,0.0094
790,429.5678407745396,350118,30.5,0.011,0.0094
791,429.56766979463754,348510,31.0,0.011,0.0094
792,429.567753296599,346906,31.5,0.011,0.0094
793,429.56762764364777,345317,32.0,0.011,0.0094
794,429.5677315655586,343734,32.5,0.011,0.0094
795,429.56772841177144,342164,33.0,0.011,0.0094
796,429.5677941165037,340573,33.5,0.011,0.0094
797,429.5676447002293,338990,34.0,0.011,0.0094
798,429.56763382241076,337419,34.5,0.011,0.0094
799,429.56779822491154,335856,35.0,0.011,0.0094
800,429.5676566770099,334310,35.5,0.011,0.0094
801,429.5677831733116,332774,36.0,0.011,0.0094
802,429.56773324120013,331259,36.5,0.011,0.0094
803,429.5676793591779,329750,37.0,0.011,0.0094
804,429.56776468054215,328219,37.5,0.011,0.0094
805,429.5676611455718,326695,38.0,0.011,0.0094
806,429.5676690505299,325181,38.5,0.011,0.0094
807,429.5678278691378,323682,39.0,0.011,0.0094
808,429.56785029396127,322192,39.5,0.011,0.0094
809,429.5678734286136,320721,40.0,0.011,0.0094
810,429.99776966281905,443016,0.0,0.005,0.0094
811,429.56824771343895,439616,0.5,0.005,0.0094
812,429.5680160731228,437050,1.0,0.005,0.0094
813,429.56809269144344,434488,1.5,0.005,0.0094
814,429.56794098219495,431933,2.0,0.005,0.0094
815,429.5681391002112,429393,2.5,0.005,0.0094
816,429.56814300428965,426866,3.0,0.005,0.0094
817,429.56784550509434,424345,3.5,0.005,0.0094
818,429.5679335074163,421807,4.0,0.005,0.0094
819,429.56814239276247,419275,4.5,0.005,0.0094
820,429.5681389920753,416751,5.0,0.005,0.0094
821,429.5681903137067,414222,5.5,0.005,0.0094
822,429.56785502559836,411724,6.0,0.005,0.0094
823,429.5680720443253,409216,6.5,0.005,0.0094
824,429.56783140065545,406721,7.0,0.005,0.0094
825,429.56784657320713,404249,7.5,0.005,0.0094
826,429.5679864219467,401766,8.0,0.005,0.0094
827,429.5681180896487,399310,8.5,0.005,0.0094
828,429.56786385159654,396854,9.0,0.005,0.0094
829,429.56807288378246,394408,9.5,0.005,0.0094
830,429.5678064607059,391987,10.0,0.005,0.0094
831,429.567959902001,389561,10.5,0.005,0.0094
832,429.56778846418234,387160,11.0,0.005,0.0094
833,429.5678425816267,384768,11.5,0.005,0.0094
834,429.5678835975354,382381,12.0,0.005,0.0094
835,429.5677831456104,380019,12.5,0.005,0.0094
836,429.56813281495903,377651,13.0,0.005,0.0094
837,429.5679454570019,375302,13.5,0.005,0.0094
838,429.56814017113453,372967,14.0,0.005,0.0094
839,429.5680318142723,370635,14.5,0.005,0.0094
840,429.5678778671214,368326,15.0,0.005,0.0094
841,429.5679874868959,366018,15.5,0.005,0.0094
842,429.5680502572058,363729,16.0,0.005,0.0094
843,429.56802053065337,361460,16.5,0.005,0.0094
844,429.5680059466714,359196,17.0,0.005,0.0094
845,429.567993308048,356953,17.5,0.005,0.0094
846,429.5677830406642,354714,18.0,0.005,0.0094
847,429.56796578098573,352489,18.5,0.005,0.0094
848,429.56798923175364,350281,19.0,0.005,0.0094
849,429.56812166865603,348076,19.5,0.005,0.0094
850,429.5680044143852,345890,20.0,0.005,0.0094
851,429.5678747699821,343705,20.5,0.005,0.0094
852,429.56800522051816,341522,21.0,0.005,0.0094
853,429.56785086459627,339352,21.5,0.005,0.0094
854,429.56799707080035,337199,22.0,0.005,0.0094
855,429.56780117015535,335066,22.5,0.005,0.0094
856,429.56805062194934,332937,23.0,0.005,0.0094
857,429.5679482514862,330808,23.5,0.005,0.0094
858,429.56787020922474,328700,24.0,0.005,0.0094
859,429.5679869046326,326620,24.5,0.005,0.0094
860,429.5679773013536,324574,25.0,0.005,0.0094
861,429.5678165240994,322509,25.5,0.005,0.0094
862,429.5680045093241,320459,26.0,0.005,0.0094
863,429.56781970393644,318428,26.5,0.005,0.0094
864,429.5680817766344,316422,27.0,0.005,0.0094
865,429.5680317073532,314428,27.5,0.005,0.0094
866,429.5680181987899,312428,28.0,0.005,0.0094
867,429.5680382963728,310451,28.5,0.005,0.0094
868,429.56791819255085,308496,29.0,0.005,0.0094
869,429.56780780385674,306564,29.5,0.005,0.0094
870,429.5680041130197,304627,30.0,0.005,0.0094
871,429.568044355464,302695,30.5,0.005,0.0094
872,429.56778749875286,300784,31.0,0.005,0.0094
873,429.56787246533827,298901,31.5,0.005,0.0094
874,429.5678539711264,297037,32.0,0.005,0.0094
875,429.56813041529506,295160,32.5,0.005,0.0094
876,429.5679464569953,293296,33.0,0.005,0.0094
877,429.5677828130907,291453,33.5,0.005,0.0094
878,429.5678562781674,289638,34.0,0.005,0.0094
879,429.5680376354398,287830,34.5,0.005,0.0094
880,429.56808695347377,286019,35.0,0.005,0.0094
881,429.5679776785809,284222,35.5,0.005,0.0094
882,429.5679432917125,282447,36.0,0.005,0.0094
883,429.5680803647452,280700,36.5,0.005,0.0094
884,429.56779938391617,278943,37.0,0.005,0.0094
885,429.5680345110576,277196,37.5,0.005,0.0094
886,429.568046467238,275465,38.0,0.005,0.0094
887,429.5679130589447,273758,38.5,0.005,0.0094
888,429.5680783547582,272067,39.0,0.005,0.0094
889,429.5678887249772,270368,39.5,0.005,0.0094
890,429.5680341738676,268683,40.0,0.005,0.0094
891,429.9978683392829,443016,0.0,0.001,0.0094
892,429.56813506596967,438369,0.5,0.001,0.0094
893,429.5681326410738,434576,1.0,0.001,0.0094
894,429.56788776023194,430831,1.5,0.001,0.0094
895,429.5678805665008,427097,2.0,0.001,0.0094
896,429.5680880501909,423429,2.5,0.001,0.0094
897,429.5680992202907,419774,3.0,0.001,0.0094
898,429.56818961115135,416157,3.5,0.001,0.0094
899,429.56835804239694,412581,4.0,0.001,0.0094
900,429.5680744382157,409016,4.5,0.001,0.0094
901,429.5682389404179,405511,5.0,0.001,0.0094
902,429.56808419012236,402025,5.5,0.001,0.0094
903,429.5682201009106,398559,6.0,0.001,0.0094
904,429.567906092884,395148,6.5,0.001,0.0094
905,429.56827511038244,391755,7.0,0.001,0.0094
906,429.5683221000351,388388,7.5,0.001,0.0094
907,429.5682997267894,385071,8.0,0.001,0.0094
908,429.5681022368758,381768,8.5,0.001,0.0094
909,429.5683769257974,378492,9.0,0.001,0.0094
910,429.56832985357573,375264,9.5,0.001,0.0094
911,429.56799194475644,372053,10.0,0.001,0.0094
912,429.5681948389498,368859,10.5,0.001,0.0094
913,429.5679172020929,365719,11.0,0.001,0.0094
914,429.5682790036611,362598,11.5,0.001,0.0094
915,429.56831630720666,359495,12.0,0.001,0.0094
916,429.56837651695037,356426,12.5,0.001,0.0094
917,429.56834845313176,353395,13.0,0.001,0.0094
918,429.5679208693532,350380,13.5,0.001,0.0094
919,429.56817942336824,347385,14.0,0.001,0.0094
920,429.56823550110306,344431,14.5,0.001,0.0094
921,429.5683505481525,341506,15.0,0.001,0.0094
922,429.5682539667056,338599,15.5,0.001,0.0094
923,429.5684235009573,335711,16.0,0.001,0.0094
924,429.5681911860443,332858,16.5,0.001,0.0094
925,429.5679033765745,330037,17.0,0.001,0.0094
926,429.56810881229046,327237,17.5,0.001,0.0094
927,429.5683350757965,324455,18.0,0.001,0.0094
928,429.56809380969423,321694,18.5,0.001,0.0094
929,429.5679835458372,318972,19.0,0.001,0.0094
930,429.56797787251924,316276,19.5,0.001,0.0094
931,429.5684255920713,313598,20.0,0.001,0.0094
932,429.56815815789474,310941,20.5,0.001,0.0094
933,429.56837109338176,308302,21.0,0.001,0.0094
934,429.568200973159,305695,21.5,0.001,0.0094
935,429.56811303426065,303117,22.0,0.001,0.0094
936,429.56802702265,300561,22.5,0.001,0.0094
937,429.56787060840117,298023,23.0,0.001,0.0094
938,429.56801946075507,295507,23.5,0.001,0.0094
939,429.5682987531045,293010,24.0,0.001,0.0094
940,429.56837993858,290535,24.5,0.001,0.0094
941,429.56805750725624,288090,25.0,0.001,0.0094
942,429.56820862537904,285670,25.5,0.001,0.0094
943,429.5679355708882,283269,26.0,0.001,0.0094
944,429.56789376458994,280888,26.5,0.001,0.0094
945,429.56834612671,278528,27.0,0.001,0.0094
946,429.56806493848825,276186,27.5,0.001,0.0094
947,429.5678979585421,273865,28.0,0.001,0.0094
948,429.56796796426795,271563,28.5,0.001,0.0094
949,429.56808714414876,269283,29.0,0.001,0.0094
950,429.5682919883225,267026,29.5,0.001,0.0094
951,429.5680884145051,264793,30.0,0.001,0.0094
952,429.5684288036256,262579,30.5,0.001,0.0094
953,429.5684032291653,260386,31.0,0.001,0.0094
954,429.5681046560852,258209,31.5,0.001,0.0094
955,429.56793490791773,256054,32.0,0.001,0.0094
956,429.56848788708635,253916,32.5,0.001,0.0094
957,429.5679762199533,251798,33.0,0.001,0.0094
958,429.567957861111,249697,33.5,0.001,0.0094
959,429.56802841847633,247617,34.0,0.001,0.0094
960,429.5683512835326,245554,34.5,0.001,0.0094
961,429.5680101032899,243510,35.0,0.001,0.0094
962,429.56832916386503,241484,35.5,0.001,0.0094
963,429.56850860681106,239477,36.0,0.001,0.0094
964,429.56847535655396,237487,36.5,0.001,0.0094
965,429.56822338893784,235515,37.0,0.001,0.0094
966,429.5682644714367,233561,37.5,0.001,0.0094
967,429.5680378660367,231624,38.0,0.001,0.0094
968,429.5679310445611,229705,38.5,0.001,0.0094
969,429.5681074008633,227803,39.0,0.001,0.0094
970,429.56832673284134,225919,39.5,0.001,0.0094
971,429.56804562913464,224050,40.0,0.001,0.0094
972,429.99752297303866,443016,0.0,0.015,0.0094
973,429.5676706207479,442698,0.5,0.015,0.0094
974,429.56786239614416,443112,1.0,0.015,0.0094
975,429.5678687243969,443368,1.5,0.015,0.0094
976,429.56772339822146,443466,2.0,0.015,0.0094
977,429.56781437041053,443431,2.5,0.015,0.0094
978,429.56788384948624,443269,3.0,0.015,0.0094
979,429.56780985474524,442988,3.5,0.015,0.0094
980,429.5677939489365,442607,4.0,0.015,0.0094
981,429.56774538733856,442136,4.5,0.015,0.0094
982,429.567622766323,441581,5.0,0.015,0.0094
983,429.56754307240345,440952,5.5,0.015,0.0094
984,429.567825193663,440264,6.0,0.015,0.0094
985,429.5677262608368,439511,6.5,0.015,0.0094
986,429.56769636360593,438697,7.0,0.015,0.0094
987,429.5676949822176,437838,7.5,0.015,0.0094
988,429.567730349725,436935,8.0,0.015,0.0094
989,429.56763005805067,435985,8.5,0.015,0.0094
990,429.56770611507227,434993,9.0,0.015,0.0094
991,429.5676986135077,433959,9.5,0.015,0.0094
992,429.56754379715784,432900,10.0,0.015,0.0094
993,429.5677030056637,431811,10.5,0.015,0.0094
994,429.5677711318656,430686,11.0,0.015,0.0094
995,429.5677794692083,429535,11.5,0.015,0.0094
996,429.56755343426994,428366,12.0,0.015,0.0094
997,429.5675441252045,427170,12.5,0.015,0.0094
998,429.56771928704404,425949,13.0,0.015,0.0094
999,429.567612851884,424717,13.5,0.015,0.0094
1000,429.5675516336739,423463,14.0,0.015,0.0094
1001,429.5675294543765,422183,14.5,0.015,0.0094
1002,429.56763084045065,420895,15.0,0.015,0.0094
1003,429.56753290191944,419584,15.5,0.015,0.0094
1004,429.5676174055448,418261,16.0,0.015,0.0094
1005,429.5675396734462,416933,16.5,0.015,0.0094
1006,429.56763760849674,415584,17.0,0.015,0.0094
1007,429.5676530344682,414224,17.5,0.015,0.0094
1008,429.56774816883683,412855,18.0,0.015,0.0094
1009,429.5675637702521,411473,18.5,0.015,0.0094
1010,429.5675483056846,410096,19.0,0.015,0.0094
1011,429.5675959935393,408711,19.5,0.015,0.0094
1012,429.56763295630657,407314,20.0,0.015,0.0094
1013,429.56774555115965,405908,20.5,0.015,0.0094
1014,429.56772071520595,404493,21.0,0.015,0.0094
1015,429.56764865428005,403084,21.5,0.015,0.0094
1016,429.5675348222544,401669,22.0,0.015,0.0094
1017,429.5675862786688,400262,22.5,0.015,0.0094
1018,429.56765134261246,398835,23.0,0.015,0.0094
1019,429.56759763566174,397404,23.5,0.015,0.0094
1020,429.5676759945525,395979,24.0,0.015,0.0094
1021,429.56770519139707,394550,24.5,0.015,0.0094
1022,429.5675402185679,393131,25.0,0.015,0.0094
1023,429.56774240356674,391706,25.5,0.015,0.0094
1024,429.56754673159827,390272,26.0,0.015,0.0094
1025,429.56763470128925,388841,26.5,0.015,0.0094
1026,429.56761735680107,387410,27.0,0.015,0.0094
1027,429.56773201494246,385989,27.5,0.015,0.0094
1028,429.5675788409175,384568,28.0,0.015,0.0094
1029,429.5676056453435,383145,28.5,0.015,0.0094
1030,429.5676712042541,381716,29.0,0.015,0.0094
1031,429.56762014184005,380293,29.5,0.015,0.0094
1032,429.5676639858284,378875,30.0,0.015,0.0094
1033,429.5677030530656,377462,30.5,0.015,0.0094
1034,429.5676362676719,376058,31.0,0.015,0.0094
1035,429.56764292207384,374640,31.5,0.015,0.0094
1036,429.5675397697398,373230,32.0,0.015,0.0094
1037,429.5676302665767,371822,32.5,0.015,0.0094
1038,429.5675987631488,370423,33.0,0.015,0.0094
1039,429.5676838110177,369031,33.5,0.015,0.0094
1040,429.5675373576107,367639,34.0,0.015,0.0094
1041,429.5677382951853,366247,34.5,0.015,0.0094
1042,429.5675651194254,364855,35.0,0.015,0.0094
1043,429.5675831314713,363474,35.5,0.015,0.0094
1044,429.567622845005,362097,36.0,0.015,0.0094
1045,429.567543687077,360731,36.5,0.015,0.0094
1046,429.5677140833198,359361,37.0,0.015,0.0094
1047,429.5675481905749,357992,37.5,0.015,0.0094
1048,429.567726074645,356632,38.0,0.015,0.0094
1049,429.5675620993953,355275,38.5,0.015,0.0094
1050,429.567567162929,353930,39.0,0.015,0.0094
1051,429.56757327863926,352589,39.5,0.015,0.0094
1052,429.5676741162226,351242,40.0,0.015,0.0094
1053,429.99712827486803,443016,0.0,0.031,0.0094
1054,429.56729835645075,447551,0.5,0.031,0.0094
1055,429.5672568271668,452288,1.0,0.031,0.0094
1056,429.5673243724675,456416,1.5,0.031,0.0094
1057,429.56733064379,460007,2.0,0.031,0.0094
1058,429.5672219721024,463211,2.5,0.031,0.0094
1059,429.56723255328257,466060,3.0,0.031,0.0094
1060,429.56730277174506,468598,3.5,0.031,0.0094
1061,429.56721745774837,470859,4.0,0.031,0.0094
1062,429.56732817184405,472881,4.5,0.031,0.0094
1063,429.5672310716637,474687,5.0,0.031,0.0094
1064,429.5673521502901,476326,5.5,0.031,0.0094
1065,429.5672651249994,477772,6.0,0.031,0.0094
1066,429.56723500192714,479054,6.5,0.031,0.0094
1067,429.56727985104425,480176,7.0,0.031,0.0094
1068,429.56717083220707,481119,7.5,0.031,0.0094
1069,429.5671784726625,481942,8.0,0.031,0.0094
1070,429.5671452478794,482616,8.5,0.031,0.0094
1071,429.5673263455031,483174,9.0,0.031,0.0094
1072,429.56732827721004,483618,9.5,0.031,0.0094
1073,429.5671819306286,483945,10.0,0.031,0.0094
1074,429.5672467860926,484185,10.5,0.031,0.0094
1075,429.5672664778744,484325,11.0,0.031,0.0094
1076,429.5671616463437,484388,11.5,0.031,0.0094
1077,429.5672868562419,484371,12.0,0.031,0.0094
1078,429.56725225689377,484296,12.5,0.031,0.0094
1079,429.5672804314957,484164,13.0,0.031,0.0094
1080,429.5672239153389,483971,13.5,0.031,0.0094
1081,429.5672601994002,483720,14.0,0.031,0.0094
1082,429.56726273559417,483409,14.5,0.031,0.0094
1083,429.56728092755907,483068,15.0,0.031,0.0094
1084,429.5673086687474,482680,15.5,0.031,0.0094
1085,429.5672274829788,482244,16.0,0.031,0.0094
1086,429.5671577959193,481761,16.5,0.031,0.0094
1087,429.567282954895,481238,17.0,0.031,0.0094
1088,429.56716688104956,480703,17.5,0.031,0.0094
1089,429.5672175489864,480136,18.0,0.031,0.0094
1090,429.56728208435015,479536,18.5,0.031,0.0094
1091,429.5672987633147,478903,19.0,0.031,0.0094
1092,429.56724196222444,478247,19.5,0.031,0.0094
1093,429.56715558090866,477580,20.0,0.031,0.0094
1094,429.5671419076608,476891,20.5,0.031,0.0094
1095,429.5672884085703,476181,21.0,0.031,0.0094
1096,429.56716282030214,475448,21.5,0.031,0.0094
1097,429.56726851971575,474705,22.0,0.031,0.0094
1098,429.5672169285571,473951,22.5,0.031,0.0094
1099,429.56714525520005,473182,23.0,0.031,0.0094
1100,429.5671545013769,472399,23.5,0.031,0.0094
1101,429.5671969900147,471602,24.0,0.031,0.0094
1102,429.5672579279896,470800,24.5,0.031,0.0094
1103,429.5672818267326,469989,25.0,0.031,0.0094
1104,429.56725670979125,469168,25.5,0.031,0.0094
1105,429.56714091356724,468337,26.0,0.031,0.0094
1106,429.5672933614036,467499,26.5,0.031,0.0094
1107,429.56719777432147,466658,27.0,0.031,0.0094
1108,429.56725790488025,465812,27.5,0.031,0.0094
1109,429.5672602629397,464960,28.0,0.031,0.0094
1110,429.56730777328545,464103,28.5,0.031,0.0094
1111,429.56719136807277,463240,29.0,0.031,0.0094
1112,429.56719260772087,462373,29.5,0.031,0.0094
1113,429.56726136605425,461502,30.0,0.031,0.0094
1114,429.56729269702447,460627,30.5,0.031,0.0094
1115,429.567214225639,459750,31.0,0.031,0.0094
1116,429.56713451643213,458870,31.5,0.031,0.0094
1117,429.5671839764478,457988,32.0,0.031,0.0094
1118,429.5671315808022,457103,32.5,0.031,0.0094
1119,429.5672768849509,456217,33.0,0.031,0.0094
1120,429.5672321954739,455328,33.5,0.031,0.0094
1121,429.56721888360784,454438,34.0,0.031,0.0094
1122,429.5671773826501,453547,34.5,0.031,0.0094
1123,429.56726647389263,452656,35.0,0.031,0.0094
1124,429.56725856357826,451764,35.5,0.031,0.0094
1125,429.56729149418896,450872,36.0,0.031,0.0094
1126,429.567298104008,449980,36.5,0.031,0.0094
1127,429.56723906492044,449088,37.0,0.031,0.0094
1128,429.56724323543847,448197,37.5,0.031,0.0094
1129,429.56726064218185,447307,38.0,0.031,0.0094
1130,429.5672356052855,446418,38.5,0.031,0.0094
1131,429.56728495646644,445528,39.0,0.031,0.0094
1132,429.56728524663043,444639,39.5,0.031,0.0094
1133,429.5672053180101,443751,40.0,0.031,0.0094
1134,429.9972762858686,443016,0.0,0.025,0.0094
1135,429.5674966839308,445758,0.5,0.025,0.0094
1136,429.56731355698196,448929,1.0,0.025,0.0094
1137,429.5675108831167,451674,1.5,0.025,0.0094
1138,429.56747625748864,454042,2.0,0.025,0.0094
1139,429.5673387192535,456085,2.5,0.025,0.0094
1140,429.5675793297843,457887,3.0,0.025,0.0094
1141,429.5673063249471,459455,3.5,0.025,0.0094
1142,429.56737840760115,460811,4.0,0.025,0.0094
1143,429.5673845829283,461975,4.5,0.025,0.0094
1144,429.56731575702594,462979,5.0,0.025,0.0094
1145,429.5674965945875,463829,5.5,0.025,0.0094
1146,429.56738192241016,464553,6.0,0.025,0.0094
1147,429.5673014321953,465139,6.5,0.025,0.0094
1148,429.56741220803,465649,7.0,0.025,0.0094
1149,429.56732803425183,466038,7.5,0.025,0.0094
1150,429.56734212235,466323,8.0,0.025,0.0094
1151,429.56728582058184,466534,8.5,0.025,0.0094
1152,429.5673610250256,466639,9.0,0.025,0.0094
1153,429.5672961447041,466644,9.5,0.025,0.0094
1154,429.56736966368135,466601,10.0,0.025,0.0094
1155,429.5673684294221,466475,10.5,0.025,0.0094
1156,429.5674175946596,466265,11.0,0.025,0.0094
1157,429.5674498595003,466007,11.5,0.025,0.0094
1158,429.5673640615575,465686,12.0,0.025,0.0094
1159,429.5674224533746,465302,12.5,0.025,0.0094
1160,429.56736141000323,464877,13.0,0.025,0.0094
1161,429.5673007705897,464403,13.5,0.025,0.0094
1162,429.5672797977828,463878,14.0,0.025,0.0094
1163,429.56735130854923,463318,14.5,0.025,0.0094
1164,429.5673693707205,462719,15.0,0.025,0.0094
1165,429.5673349075661,462079,15.5,0.025,0.0094
1166,429.56740243573825,461415,16.0,0.025,0.0094
1167,429.56735468046026,460725,16.5,0.025,0.0094
1168,429.5673122660921,460006,17.0,0.025,0.0094
1169,429.5673716218453,459259,17.5,0.025,0.0094
1170,429.56741525100625,458484,18.0,0.025,0.0094
1171,429.5673195866802,457681,18.5,0.025,0.0094
1172,429.5673475977878,456862,19.0,0.025,0.0094
1173,429.56730551084735,456026,19.5,0.025,0.0094
1174,429.5674635105767,455170,20.0,0.025,0.0094
1175,429.5673463986037,454292,20.5,0.025,0.0094
1176,429.5673702658344,453395,21.0,0.025,0.0094
1177,429.56742823921627,452479,21.5,0.025,0.0094
1178,429.5674192491803,451551,22.0,0.025,0.0094
1179,429.56740745975975,450615,22.5,0.025,0.0094
1180,429.5674208502137,449665,23.0,0.025,0.0094
1181,429.5673919779995,448702,23.5,0.025,0.0094
1182,429.5672803839498,447727,24.0,0.025,0.0094
1183,429.5673299452895,446742,24.5,0.025,0.0094
1184,429.5673764697788,445749,25.0,0.025,0.0094
1185,429.5673285983044,444751,25.5,0.025,0.0094
1186,429.5673363074769,443745,26.0,0.025,0.0094
1187,429.5673865621497,442731,26.5,0.025,0.0094
1188,429.5673286656501,441710,27.0,0.025,0.0094
1189,429.5673306783545,440684,27.5,0.025,0.0094
1190,429.56743180114154,439654,28.0,0.025,0.0094
1191,429.56742124688026,438620,28.5,0.025,0.0094
1192,429.56731688702945,437581,29.0,0.025,0.0094
1193,429.56731431793196,436538,29.5,0.025,0.0094
1194,429.56740314308155,435493,30.0,0.025,0.0094
1195,429.5674465113295,434446,30.5,0.025,0.0094
1196,429.5674249243725,433397,31.0,0.025,0.0094
1197,429.5672860699648,432344,31.5,0.025,0.0094
1198,429.5673669215088,431290,32.0,0.025,0.0094
1199,429.5673154959064,430234,32.5,0.025,0.0094
1200,429.56741889592524,429179,33.0,0.025,0.0094
1201,429.56745134529046,428124,33.5,0.025,0.0094
1202,429.56738715319864,427069,34.0,0.025,0.0094
1203,429.56738637328834,426011,34.5,0.025,0.0094
1204,429.5674515374454,424953,35.0,0.025,0.0094
1205,429.56729019454104,423895,35.5,0.025,0.0094
1206,429.56738377521924,422840,36.0,0.025,0.0094
1207,429.5673716815462,421786,36.5,0.025,0.0094
1208,429.56742139868607,420734,37.0,0.025,0.0094
1209,429.56743656618494,419679,37.5,0.025,0.0094
1210,429.56735936395717,418624,38.0,0.025,0.0094
1211,429.5673304448948,417571,38.5,0.025,0.0094
1212,429.5673427571984,416520,39.0,0.025,0.0094
1213,429.567397898738,415471,39.5,0.025,0.0094
1214,429.5673120514062,414424,40.0,0.025,0.0094
1215,429.99737496041575,443016,0.0,0.021,0.0094
1216,429.5674615825133,444546,0.5,0.021,0.0094
1217,429.5676345403592,446636,1.0,0.021,0.0094
1218,429.5674118852744,448418,1.5,0.021,0.0094
1219,429.56771370347656,449923,2.0,0.021,0.0094
1220,429.5674804143816,451168,2.5,0.021,0.0094
1221,429.56757655979675,452208,3.0,0.021,0.0094
1222,429.56766690740665,453042,3.5,0.021,0.0094
1223,429.56761293521004,453743,4.0,0.021,0.0094
1224,429.5675798719492,454292,4.5,0.021,0.0094
1225,429.5674661116566,454717,5.0,0.021,0.0094
1226,429.56761653735185,455019,5.5,0.021,0.0094
1227,429.56762666116305,455214,6.0,0.021,0.0094
1228,429.56761968289754,455295,6.5,0.021,0.0094
1229,429.56754202156935,455302,7.0,0.021,0.0094
1230,429.5675903832648,455220,7.5,0.021,0.0094
1231,429.5675308645664,455065,8.0,0.021,0.0094
1232,429.5674413855219,454833,8.5,0.021,0.0094
1233,429.5674228795243,454548,9.0,0.021,0.0094
1234,429.5675674797742,454201,9.5,0.021,0.0094
1235,429.56746640123055,453790,10.0,0.021,0.0094
1236,429.5674832252546,453326,10.5,0.021,0.0094
1237,429.56741705628565,452816,11.0,0.021,0.0094
1238,429.5675454130496,452253,11.5,0.021,0.0094
1239,429.5675077355307,451636,12.0,0.021,0.0094
1240,429.5675740358042,450983,12.5,0.021,0.0094
1241,429.56752974237196,450293,13.0,0.021,0.0094
1242,429.5674114296018,449561,13.5,0.021,0.0094
1243,429.5674525525928,448789,14.0,0.021,0.0094
1244,429.5675002043902,447992,14.5,0.021,0.0094
1245,429.56754850168625,447163,15.0,0.021,0.0094
1246,429.5674340675442,446301,15.5,0.021,0.0094
1247,429.56741189192644,445411,16.0,0.021,0.0094
1248,429.56740434197786,444503,16.5,0.021,0.0094
1249,429.5674438820776,443572,17.0,0.021,0.0094
1250,429.5674511903242,442618,17.5,0.021,0.0094
1251,429.56742316488976,441643,18.0,0.021,0.0094
1252,429.56743700800547,440650,18.5,0.021,0.0094
1253,429.5674578538674,439638,19.0,0.021,0.0094
1254,429.5674701535623,438611,19.5,0.021,0.0094
1255,429.5674734576933,437571,20.0,0.021,0.0094
1256,429.56747481859867,436518,20.5,0.021,0.0094
1257,429.56749027962826,435450,21.0,0.021,0.0094
1258,429.5674315580663,434368,21.5,0.021,0.0094
1259,429.56746931227633,433278,22.0,0.021,0.0094
1260,429.5675100526451,432179,22.5,0.021,0.0094
1261,429.5674001895245,431069,23.0,0.021,0.0094
1262,429.5674081433307,429948,23.5,0.021,0.0094
1263,429.5675258192783,428820,24.0,0.021,0.0094
1264,429.56756506844164,427686,24.5,0.021,0.0094
1265,429.5673977000733,426545,25.0,0.021,0.0094
1266,429.56754080608397,425397,25.5,0.021,0.0094
1267,429.56741043197434,424239,26.0,0.021,0.0094
1268,429.5675515803558,423079,26.5,0.021,0.0094
1269,429.5674797045618,421914,27.0,0.021,0.0094
1270,429.5675027065843,420744,27.5,0.021,0.0094
1271,429.5674950018938,419571,28.0,0.021,0.0094
1272,429.5674414796891,418398,28.5,0.021,0.0094
1273,429.5674464217854,417225,29.0,0.021,0.0094
1274,429.5674462386589,416043,29.5,0.021,0.0094
1275,429.5673828505449,414857,30.0,0.021,0.0094
1276,429.56746321455006,413672,30.5,0.021,0.0094
1277,429.5674978862075,412486,31.0,0.021,0.0094
1278,429.5674147899897,411298,31.5,0.021,0.0094
1279,429.5673855519305,410113,32.0,0.021,0.0094
1280,429.56754698928523,408932,32.5,0.021,0.0094
1281,429.56751166283425,407750,33.0,0.021,0.0094
1282,429.5674176142433,406559,33.5,0.021,0.0094
1283,429.56746809362323,405371,34.0,0.021,0.0094
1284,429.5675576606477,404185,34.5,0.021,0.0094
1285,429.5675089101966,402999,35.0,0.021,0.0094
1286,429.5674812399483,401817,35.5,0.021,0.0094
1287,429.5675333116111,400640,36.0,0.021,0.0094
1288,429.56740380618743,399466,36.5,0.021,0.0094
1289,429.5674605511842,398289,37.0,0.021,0.0094
1290,429.5675028505295,397111,37.5,0.021,0.0094
1291,429.5675532528925,395936,38.0,0.021,0.0094
1292,429.5674010522983,394762,38.5,0.021,0.0094
1293,429.56747656522424,393594,39.0,0.021,0.0094
1294,429.5674701280253,392431,39.5,0.021,0.0094
1295,429.56749615463406,391273,40.0,0.021,0.0094
